1588422830,"2020-05-02 12:33:50",0,92,13.634116,2,0,7,14,4,1,3
1588422890,"2020-05-02 12:34:50",1,80,3,2,1,6,3,4,1,3
1588422950,"2020-05-02 12:35:50",3,76,3,2,3,6,3,4,1,3
1588423010,"2020-05-02 12:36:50",4,72,3,2,4,6,3,4,1,3
1588423070,"2020-05-02 12:37:50",5,69,6.101239,2,5,6,6,4,1,3
1588423130,"2020-05-02 12:38:50",7,69,14.9245,2,7,6,15,4,1,3
1588423190,"2020-05-02 12:39:50",5,67,3,2,5,5,3,4,1,3
1588423250,"2020-05-02 12:40:50",6,65,3,2,6,5,3,4,1,3
1588423310,"2020-05-02 12:41:50",8,65,3,2,8,5,3,4,1,3
1588423370,"2020-05-02 12:42:50",10,65,3.102803,2,9,5,3,4,1,3
1588423429,"2020-05-02 12:43:49",11,65,3,2,10,5,3,4,1,3
1588423489,"2020-05-02 12:44:49",10,64,3,2,9,5,3,4,1,3
1588423549,"2020-05-02 12:45:49",12,65,3,2,12,5,3,4,1,3
1588423609,"2020-05-02 12:46:49",12,65,13.090085,2,12,5,13,4,1,3
1588423729,"2020-05-02 12:48:49",12,65,3,2,12,5,3,4,1,3
1588423789,"2020-05-02 12:49:49",14,65,3,2,13,5,3,4,1,3
1588423849,"2020-05-02 12:50:49",14,64,3,2,13,5,3,4,1,3
1588423909,"2020-05-02 12:51:49",16,65,3,2,15,5,3,4,1,3
1588423969,"2020-05-02 12:52:49",12,66,3,2,12,5,3,4,1,3
1588424029,"2020-05-02 12:53:49",15,67,3,2,14,5,3,4,1,3
1588424089,"2020-05-02 12:54:49",14,67,3,2,13,5,3,4,1,3
1588424149,"2020-05-02 12:55:49",14,66,3,2,14,5,3,4,1,3
1588424269,"2020-05-02 12:57:49",15,69,22.692083,2,14,6,23,4,1,3
1588424329,"2020-05-02 12:58:49",14,70,3,2,13,6,3,4,1,3
1588424389,"2020-05-02 12:59:49",17,71,3,2,16,6,3,4,1,3
1588424449,"2020-05-02 13:00:49",14,72,3,2,13,6,3,4,1,3
1588424509,"2020-05-02 13:01:49",17,0,7.3697133,2,16,0,7,4,1,3
1588424569,"2020-05-02 13:02:49",15,74,3,2,14,6,3,4,1,3
1588424629,"2020-05-02 13:03:49",15,74,3,2,14,6,3,4,1,3
1588424689,"2020-05-02 13:04:49",16,74,3,2,15,6,3,4,1,3
1588424749,"2020-05-02 13:05:49",16,75,8.735283,2,15,6,9,4,1,3
1588424809,"2020-05-02 13:06:49",17,77,3,2,16,6,3,4,1,3
1588424869,"2020-05-02 13:07:49",15,77,3,2,14,6,3,4,1,3
1588424929,"2020-05-02 13:08:49",17,79,3,2,16,6,3,4,1,3
1588424989,"2020-05-02 13:09:49",16,80,8.884645,2,15,6,9,4,1,3
1588425049,"2020-05-02 13:10:49",17,81,3,2,16,6,3,4,1,3
1588425109,"2020-05-02 13:11:49",17,82,3,2,16,7,3,4,1,3
1588425169,"2020-05-02 13:12:49",18,83,7.280983,2,17,7,7,4,1,3
1588425229,"2020-05-02 13:13:49",18,83,15.193982,2,17,7,15,4,1,3
1588425289,"2020-05-02 13:14:49",0,85,3,2,0,7,3,4,1,3
1588425349,"2020-05-02 13:15:49",18,86,12.205094,2,17,7,12,4,1,3
1588425409,"2020-05-02 13:16:49",16,88,3,2,15,7,3,4,1,3
1588425469,"2020-05-02 13:17:49",18,88,3,2,17,7,3,4,1,3
1588425529,"2020-05-02 13:18:49",20,103,20.392082,2,19,8,20,4,1,3
1588425589,"2020-05-02 13:19:49",20,105,3,2,19,8,3,4,1,3
1588425649,"2020-05-02 13:20:49",20,108,3,2,18,9,3,4,1,3
1588425709,"2020-05-02 13:21:49",22,108,3,2,21,9,3,4,1,3
1588425769,"2020-05-02 13:22:49",22,112,3,2,21,9,3,4,1,3
1588425829,"2020-05-02 13:23:49",20,112,3,2,19,9,3,4,1,3
1588425889,"2020-05-02 13:24:49",21,113,5.839449,2,20,9,6,4,1,3
1588425949,"2020-05-02 13:25:49",22,115,3,2,21,9,3,4,1,3
1588426009,"2020-05-02 13:26:49",24,116,3,2,24,9,3,4,1,3
1588426069,"2020-05-02 13:27:49",22,119,3,2,21,10,3,4,1,3
1588426129,"2020-05-02 13:28:49",24,118,3,2,24,9,3,4,1,3
1588426189,"2020-05-02 13:29:49",24,119,3,2,24,10,3,4,1,3
1588426249,"2020-05-02 13:30:49",22,125,3,2,21,10,3,4,1,3
1588426309,"2020-05-02 13:31:49",21,124,3,2,20,10,3,4,1,3
1588426369,"2020-05-02 13:32:49",22,124,3,2,21,10,3,4,1,3
1588426429,"2020-05-02 13:33:49",23,130,3,2,22,10,3,4,1,3
1588426489,"2020-05-02 13:34:49",22,128,3,2,21,10,3,4,1,3
1588426549,"2020-05-02 13:35:49",24,128,12.410967,2,24,10,12,4,1,3
1588426609,"2020-05-02 13:36:49",24,128,3,2,24,10,3,4,1,3
1588426669,"2020-05-02 13:37:49",24,134,3,2,24,11,3,4,1,3
1588426729,"2020-05-02 13:38:49",24,131,3,2,24,10,3,4,1,3
1588426789,"2020-05-02 13:39:49",23,136,3,2,22,11,3,4,1,3
1588426849,"2020-05-02 13:40:49",23,138,3,2,22,11,3,4,1,3
1588426909,"2020-05-02 13:41:49",24,138,3,2,24,11,3,4,1,3
1588426969,"2020-05-02 13:42:49",24,139,3,2,24,11,3,4,1,3
1588427029,"2020-05-02 13:43:49",26,144,3,2,26,12,3,4,1,3
1588427089,"2020-05-02 13:44:49",24,145,3,2,24,12,3,4,1,3
1588427149,"2020-05-02 13:45:49",24,144,3,2,24,12,3,4,1,3
1588427209,"2020-05-02 13:46:49",24,147,3,2,24,12,3,4,1,3
1588427269,"2020-05-02 13:47:49",24,148,3,2,24,12,3,4,1,3
1588427329,"2020-05-02 13:48:49",26,149,3,2,26,12,3,4,1,3
1588427389,"2020-05-02 13:49:49",25,149,3,2,25,12,3,4,1,3
1588427449,"2020-05-02 13:50:49",24,151,3,2,24,12,3,4,1,3
1588427509,"2020-05-02 13:51:49",25,148,3,2,25,12,3,4,1,3
1588427570,"2020-05-02 13:52:50",25,152,3,2,25,12,3,4,1,3
1588427630,"2020-05-02 13:53:50",25,153,3,2,25,12,3,4,1,3
1588427690,"2020-05-02 13:54:50",26,157,3,2,27,13,3,4,1,3
1588427750,"2020-05-02 13:55:50",25,154,3,2,25,12,3,4,1,3
1588427810,"2020-05-02 13:56:50",25,157,3,2,25,13,3,4,1,3
1588427870,"2020-05-02 13:57:50",25,155,3,2,26,12,3,4,1,3
1588427930,"2020-05-02 13:58:50",25,154,3,2,26,12,3,4,1,3
1588427990,"2020-05-02 13:59:50",27,154,3,2,28,12,3,4,1,3
1588428050,"2020-05-02 14:00:50",26,157,3,2,27,13,3,4,1,3
1588428110,"2020-05-02 14:01:50",27,154,3,2,28,12,3,4,1,3
1588428170,"2020-05-02 14:02:50",27,153,3,2,28,12,3,4,1,3
1588428230,"2020-05-02 14:03:50",27,153,3,2,28,12,3,4,1,3
1588428290,"2020-05-02 14:04:50",15,155,3,2,14,12,3,4,1,3
1588428350,"2020-05-02 14:05:50",16,155,5.7419195,2,15,12,6,4,1,3
1588428410,"2020-05-02 14:06:50",16,157,3,2,15,13,3,4,1,3
1588428470,"2020-05-02 14:07:50",17,158,3,2,16,13,3,4,1,3
1588428530,"2020-05-02 14:08:50",16,160,3,2,15,13,3,4,1,3
1588428589,"2020-05-02 14:09:49",18,164,3,2,17,13,3,4,1,3
1588428649,"2020-05-02 14:10:49",14,163,17.281548,2,13,13,17,4,1,3
1588428709,"2020-05-02 14:11:49",15,164,3,2,14,13,3,4,1,3
1588428769,"2020-05-02 14:12:49",17,168,3,2,16,13,3,4,1,3
1588428829,"2020-05-02 14:13:49",15,165,3,2,14,13,3,4,1,3
1588428889,"2020-05-02 14:14:49",16,165,3,2,15,13,3,4,1,3
1588428949,"2020-05-02 14:15:49",18,164,3,2,17,13,3,4,1,3
1588429009,"2020-05-02 14:16:49",17,166,3,2,16,13,3,4,1,3
1588429069,"2020-05-02 14:17:49",15,166,3,2,14,13,3,4,1,3
1588429129,"2020-05-02 14:18:49",16,170,3,2,15,14,3,4,1,3
1588429189,"2020-05-02 14:19:49",16,165,3,2,15,13,3,4,1,3
1588429249,"2020-05-02 14:20:49",17,168,3,2,16,13,3,4,1,3
1588429309,"2020-05-02 14:21:49",18,168,3,2,17,13,3,4,1,3
1588429369,"2020-05-02 14:22:49",17,164,3,2,16,13,3,4,1,3
1588429429,"2020-05-02 14:23:49",18,163,3,2,16,13,3,4,1,3
1588429489,"2020-05-02 14:24:49",15,168,3,2,14,13,3,4,1,3
1588429549,"2020-05-02 14:25:49",17,162,3,2,16,13,3,4,1,3
1588429609,"2020-05-02 14:26:49",17,158,3,2,16,13,3,4,1,3
1588429669,"2020-05-02 14:27:49",18,162,3,2,17,13,3,4,1,3
1588429789,"2020-05-02 14:29:49",17,162,3,2,16,13,3,4,1,3
1588429849,"2020-05-02 14:30:49",18,162,3,2,17,13,3,4,1,3
1588429909,"2020-05-02 14:31:49",18,162,3,2,17,13,3,4,1,3
1588429969,"2020-05-02 14:32:49",18,168,3,2,17,13,3,4,1,3
1588430029,"2020-05-02 14:33:49",17,161,3,2,16,13,3,4,1,3
1588430089,"2020-05-02 14:34:49",20,161,3,2,19,13,3,4,1,3
1588430149,"2020-05-02 14:35:49",18,166,3,2,17,13,3,4,1,3
1588430209,"2020-05-02 14:36:49",17,166,3,2,16,13,3,4,1,3
1588430269,"2020-05-02 14:37:49",17,169,3,2,16,14,3,4,1,3
1588430389,"2020-05-02 14:39:49",18,165,3,2,17,13,3,4,1,3
1588430449,"2020-05-02 14:40:49",18,165,3,2,17,13,3,4,1,3
1588430509,"2020-05-02 14:41:49",18,165,3,2,17,13,3,4,1,3
1588430569,"2020-05-02 14:42:49",17,167,3,2,16,13,3,4,1,3
1588430629,"2020-05-02 14:43:49",19,169,3,2,18,14,3,4,1,3
1588430689,"2020-05-02 14:44:49",17,170,3,2,16,14,3,4,1,3
1588430749,"2020-05-02 14:45:49",17,172,3,2,16,14,3,4,1,3
1588430809,"2020-05-02 14:46:49",17,170,3,2,16,14,3,4,1,3
1588430869,"2020-05-02 14:47:49",19,170,3,2,18,14,3,4,1,3
1588430929,"2020-05-02 14:48:49",18,172,7.42903,2,17,14,7,4,1,3
1588430989,"2020-05-02 14:49:49",18,171,3,2,17,14,3,4,1,3
1588431049,"2020-05-02 14:50:49",18,171,3,2,17,14,3,4,1,3
1588431109,"2020-05-02 14:51:49",17,168,3,2,16,13,3,4,1,3
1588431169,"2020-05-02 14:52:49",17,170,3,2,16,14,3,4,1,3
1588431229,"2020-05-02 14:53:49",18,173,3,2,17,14,3,4,1,3
1588431289,"2020-05-02 14:54:49",18,171,3,2,17,14,3,4,1,3
1588431349,"2020-05-02 14:55:49",17,172,7.5880985,2,16,14,8,4,1,3
1588431409,"2020-05-02 14:56:49",18,171,3,2,17,14,3,4,1,3
1588431469,"2020-05-02 14:57:49",18,172,3,2,17,14,3,4,1,3
1588431529,"2020-05-02 14:58:49",18,172,3,2,17,14,3,4,1,3
1588431589,"2020-05-02 14:59:49",18,173,3,2,17,14,3,4,1,3
1588431649,"2020-05-02 15:00:49",19,171,3,2,18,14,3,4,1,3
1588431709,"2020-05-02 15:01:49",18,171,3,2,17,14,3,4,1,3
1588431769,"2020-05-02 15:02:49",20,169,3,2,19,14,3,4,1,3
1588431829,"2020-05-02 15:03:49",19,166,8.165974,2,18,13,8,4,1,3
1588431889,"2020-05-02 15:04:49",20,169,5.1186123,2,19,14,5,4,1,3
1588431949,"2020-05-02 15:05:49",20,173,3,2,19,14,3,4,1,3
1588432009,"2020-05-02 15:06:49",19,171,3,2,18,14,3,4,1,3
1588432069,"2020-05-02 15:07:49",19,172,3,2,18,14,3,4,1,3
1588432129,"2020-05-02 15:08:49",20,174,3,2,19,14,3,4,1,3
1588432189,"2020-05-02 15:09:49",19,172,3,2,18,14,3,4,1,3
1588432249,"2020-05-02 15:10:49",19,170,3,2,18,14,3,4,1,3
1588432310,"2020-05-02 15:11:50",18,169,3,2,17,14,3,4,1,3
1588432370,"2020-05-02 15:12:50",20,172,3,2,19,14,3,4,1,3
1588432430,"2020-05-02 15:13:50",19,168,3,2,18,13,3,4,1,3
1588432490,"2020-05-02 15:14:50",19,169,3,2,18,14,3,4,1,3
1588432550,"2020-05-02 15:15:50",19,170,3,2,18,14,3,4,1,3
1588432610,"2020-05-02 15:16:50",21,169,3.2096543,2,20,14,3,4,1,3
1588432670,"2020-05-02 15:17:50",20,167,3,2,19,13,3,4,1,3
1588432790,"2020-05-02 15:19:50",22,170,3,2,21,14,3,4,1,3
1588432850,"2020-05-02 15:20:50",20,171,3,2,19,14,3,4,1,3
1588432910,"2020-05-02 15:21:50",20,171,3,2,19,14,3,4,1,3
1588432970,"2020-05-02 15:22:50",19,164,3,2,18,13,3,4,1,3
1588433030,"2020-05-02 15:23:50",22,0,3,2,21,0,3,4,1,3
1588433090,"2020-05-02 15:24:50",20,165,3,2,19,13,3,4,1,3
1588433150,"2020-05-02 15:25:50",22,165,48.788475,3.3609753,21,13,49,7,1,3
1588433210,"2020-05-02 15:26:50",23,164,3,2,22,13,3,4,1,3
1588433270,"2020-05-02 15:27:50",21,164,3,2,20,13,3,4,1,3
1588433330,"2020-05-02 15:28:50",0,163,3,2,0,13,3,4,1,3
1588433390,"2020-05-02 15:29:50",22,163,3,2,21,13,3,4,1,3
1588433450,"2020-05-02 15:30:50",19,164,7.8082147,2,18,13,8,4,1,3
1588433510,"2020-05-02 15:31:50",22,167,3,2,21,13,3,4,1,3
1588433570,"2020-05-02 15:32:50",20,170,3,2,19,14,3,4,1,3
1588433630,"2020-05-02 15:33:50",21,175,3,2,20,14,3,4,1,3
1588433690,"2020-05-02 15:34:50",21,176,3,2,20,14,3,4,1,3
1588433750,"2020-05-02 15:35:50",0,181,3,2,0,14,3,4,1,3
1588433810,"2020-05-02 15:36:50",20,180,3,2,19,14,3,4,1,3
1588433870,"2020-05-02 15:37:50",0,173,3,2,0,14,3,4,1,3
1588433930,"2020-05-02 15:38:50",22,174,3,2,21,14,3,4,1,3
1588433990,"2020-05-02 15:39:50",22,174,3,2,21,14,3,4,1,3
1588434050,"2020-05-02 15:40:50",22,178,3,2,21,14,3,4,1,3
1588434110,"2020-05-02 15:41:50",19,179,3,2,18,14,3,4,1,3
1588434170,"2020-05-02 15:42:50",20,180,3,2,19,14,3,4,1,3
1588434290,"2020-05-02 15:44:50",19,178,3,2,18,14,3,4,1,3
1588434350,"2020-05-02 15:45:50",16,178,3,2,15,14,3,4,1,3
1588434410,"2020-05-02 15:46:50",16,177,5.7088513,2.4720583,15,14,6,5,1,3
1588434470,"2020-05-02 15:47:50",16,174,3,2,15,14,3,4,1,3
1588434530,"2020-05-02 15:48:50",16,179,5.544626,2,15,14,6,4,1,3
1588434590,"2020-05-02 15:49:50",17,173,3,2,16,14,3,4,1,3
1588434650,"2020-05-02 15:50:50",17,173,3,2,16,14,3,4,1,3
1588434710,"2020-05-02 15:51:50",18,174,3,2,17,14,3,4,1,3
1588434770,"2020-05-02 15:52:50",16,172,3,2,15,14,3,4,1,3
1588434830,"2020-05-02 15:53:50",17,171,3,2,16,14,3,4,1,3
1588434890,"2020-05-02 15:54:50",16,175,3,2,15,14,3,4,1,3
1588434950,"2020-05-02 15:55:50",16,174,3,2,15,14,3,4,1,3
1588435010,"2020-05-02 15:56:50",16,178,3,2,15,14,3,4,1,3
1588435070,"2020-05-02 15:57:50",15,178,3,2,14,14,3,4,1,3
1588435130,"2020-05-02 15:58:50",16,176,4.5468993,2,15,14,5,4,1,3
1588435190,"2020-05-02 15:59:50",16,177,7.735982,2,15,14,8,4,1,3
1588435250,"2020-05-02 16:00:50",16,175,3,2,15,14,3,4,1,3
1588435310,"2020-05-02 16:01:50",16,179,3,2,15,14,3,4,1,3
1588435430,"2020-05-02 16:03:50",17,177,3,2,16,14,3,4,1,3
1588435490,"2020-05-02 16:04:50",16,177,3,2,15,14,3,4,1,3
1588435550,"2020-05-02 16:05:50",17,174,3,2,16,14,3,4,1,3
1588435670,"2020-05-02 16:07:50",17,174,3,2,16,14,3,4,1,3
1588435730,"2020-05-02 16:08:50",17,174,3,2,16,14,3,4,1,3
1588435790,"2020-05-02 16:09:50",17,172,3,2,16,14,3,4,1,3
1588435850,"2020-05-02 16:10:50",16,169,3,2,15,14,3,4,1,3
1588435909,"2020-05-02 16:11:49",18,167,3,2,17,13,3,4,1,3
1588435969,"2020-05-02 16:12:49",20,166,3,2,19,13,3,4,1,3
1588436029,"2020-05-02 16:13:49",20,169,3,2,19,14,3,4,1,3
1588436089,"2020-05-02 16:14:49",20,169,3,2,19,14,3,4,1,3
1588436149,"2020-05-02 16:15:49",18,167,3,2,17,13,3,4,1,3
1588436209,"2020-05-02 16:16:49",19,169,3,2,18,14,3,4,1,3
1588436269,"2020-05-02 16:17:49",17,169,3.419259,2,16,14,3,4,1,3
1588436329,"2020-05-02 16:18:49",18,168,3,2,17,13,3,4,1,3
1588436389,"2020-05-02 16:19:49",18,169,3,2,17,14,3,4,1,3
1588436449,"2020-05-02 16:20:49",18,172,3,2,17,14,3,4,1,3
1588436509,"2020-05-02 16:21:49",17,174,3,2,16,14,3,4,1,3
1588436569,"2020-05-02 16:22:49",18,168,3,2,17,13,3,4,1,3
1588436629,"2020-05-02 16:23:49",17,169,3,2,16,14,3,4,1,3
1588436689,"2020-05-02 16:24:49",20,173,3,2,19,14,3,4,1,3
1588436750,"2020-05-02 16:25:50",20,174,3,2,19,14,3,4,1,3
1588436810,"2020-05-02 16:26:50",19,169,3,2,18,14,3,4,1,3
1588436870,"2020-05-02 16:27:50",17,172,3.6761022,2,16,14,4,4,1,3
1588436930,"2020-05-02 16:28:50",17,173,3,2,16,14,3,4,1,3
1588436990,"2020-05-02 16:29:50",19,172,3,2,18,14,3,4,1,3
1588437050,"2020-05-02 16:30:50",19,168,9.9322605,2,18,13,10,4,1,3
1588437110,"2020-05-02 16:31:50",19,168,3,2,18,13,3,4,1,3
1588437170,"2020-05-02 16:32:50",20,170,3,2,19,14,3,4,1,3
1588437230,"2020-05-02 16:33:50",21,169,3,2,19,14,3,4,1,3
1588437290,"2020-05-02 16:34:50",20,169,12.436549,2.6085997,19,14,12,5,1,3
1588437350,"2020-05-02 16:35:50",19,167,3,2,18,13,3,4,1,3
1588437410,"2020-05-02 16:36:50",19,167,27.744497,2,18,13,28,4,1,3
1588437470,"2020-05-02 16:37:50",19,168,3,2,18,13,3,4,1,3
1588437530,"2020-05-02 16:38:50",21,166,6.896977,2,19,13,7,4,1,3
1588437590,"2020-05-02 16:39:50",21,167,3,2,19,13,3,4,1,3
1588437650,"2020-05-02 16:40:50",21,170,3,2,19,14,3,4,1,3
1588437710,"2020-05-02 16:41:50",20,171,3,2,19,14,3,4,1,3
1588437770,"2020-05-02 16:42:50",21,170,3.6082313,2,19,14,4,4,1,3
1588437830,"2020-05-02 16:43:50",21,171,3,2,19,14,3,4,1,3
1588437890,"2020-05-02 16:44:50",20,170,3,2,19,14,3,4,1,3
1588437950,"2020-05-02 16:45:50",20,169,3,2,19,14,3,4,1,3
1588438010,"2020-05-02 16:46:50",21,170,42.862053,4.14054,19,14,43,8,1,3
1588438070,"2020-05-02 16:47:50",20,169,3,2,19,14,3,4,1,3
1588438130,"2020-05-02 16:48:50",19,172,3,2,18,14,3,4,1,3
1588438190,"2020-05-02 16:49:50",19,173,19.733591,2,18,14,20,4,1,3
1588438250,"2020-05-02 16:50:50",18,175,3,2,17,14,3,4,1,3
1588438310,"2020-05-02 16:51:50",20,175,16.521427,2,19,14,17,4,1,3
1588438370,"2020-05-02 16:52:50",18,174,3,2,17,14,3,4,1,3
1588438430,"2020-05-02 16:53:50",20,175,7.813892,2,19,14,8,4,1,3
1588438490,"2020-05-02 16:54:50",19,173,3,2,18,14,3,4,1,3
1588438550,"2020-05-02 16:55:50",21,174,3,2,19,14,3,4,1,3
1588438610,"2020-05-02 16:56:50",20,172,3,2,19,14,3,4,1,3
1588438670,"2020-05-02 16:57:50",22,172,3,2,20,14,3,4,1,3
1588438790,"2020-05-02 16:59:50",20,173,3,2,19,14,3,4,1,3
1588438850,"2020-05-02 17:00:50",20,175,3,2,19,14,3,4,1,3
1588438910,"2020-05-02 17:01:50",21,175,3,2,19,14,3,4,1,3
1588438970,"2020-05-02 17:02:50",19,176,3,2,18,14,3,4,1,3
1588439030,"2020-05-02 17:03:50",20,173,3,2,19,14,3,4,1,3
1588439090,"2020-05-02 17:04:50",20,175,4.5266504,2,19,14,5,4,1,3
1588439150,"2020-05-02 17:05:50",20,178,3,2,19,14,3,4,1,3
1588439210,"2020-05-02 17:06:50",21,181,3,2,19,14,3,4,1,3
1588439270,"2020-05-02 17:07:50",21,179,3,2,19,14,3,4,1,3
1588439330,"2020-05-02 17:08:50",21,178,9.59857,2,20,14,10,4,1,3
1588439390,"2020-05-02 17:09:50",20,182,3,2,19,15,3,4,1,3
1588439450,"2020-05-02 17:10:50",21,181,3,2,20,14,3,4,1,3
1588439510,"2020-05-02 17:11:50",21,183,3,2,20,15,3,4,1,3
1588439570,"2020-05-02 17:12:50",22,182,3,2,22,15,3,4,1,3
1588439690,"2020-05-02 17:14:50",21,179,3.9610806,2,20,14,4,4,1,3
1588439750,"2020-05-02 17:15:50",21,179,4.4957395,2,19,14,4,4,1,3
1588439810,"2020-05-02 17:16:50",20,183,3,2,19,15,3,4,1,3
1588439870,"2020-05-02 17:17:50",21,179,3,2,20,14,3,4,1,3
1588439930,"2020-05-02 17:18:50",20,182,3,2,19,15,3,4,1,3
1588439990,"2020-05-02 17:19:50",22,182,3,2,21,15,3,4,1,3
1588440050,"2020-05-02 17:20:50",21,183,3,2,19,15,3,4,1,3
1588440110,"2020-05-02 17:21:50",20,177,3,2,19,14,3,4,1,3
1588440170,"2020-05-02 17:22:50",22,180,3,2,21,14,3,4,1,3
1588440230,"2020-05-02 17:23:50",22,175,3,2,21,14,3,4,1,3
1588440290,"2020-05-02 17:24:50",21,180,11.778351,2,19,14,12,4,1,3
1588440350,"2020-05-02 17:25:50",21,179,3,2,20,14,3,4,1,3
1588440410,"2020-05-02 17:26:50",18,181,3,2,17,14,3,4,1,3
1588440530,"2020-05-02 17:28:50",0,182,3,2,0,15,3,4,1,3
1588440590,"2020-05-02 17:29:50",20,183,3,2,18,15,3,4,1,3
1588440650,"2020-05-02 17:30:50",17,178,3,2,16,14,3,4,1,3
1588440710,"2020-05-02 17:31:50",20,178,3,2,18,14,3,4,1,3
1588440770,"2020-05-02 17:32:50",20,177,3,2,18,14,3,4,1,3
1588440830,"2020-05-02 17:33:50",20,177,3,2,18,14,3,4,1,3
1588440890,"2020-05-02 17:34:50",20,178,3,2,18,14,3,4,1,3
1588440950,"2020-05-02 17:35:50",19,184,3,2,18,15,3,4,1,3
1588441010,"2020-05-02 17:36:50",18,182,3,2,17,15,3,4,1,3
1588441070,"2020-05-02 17:37:50",17,178,3,2,16,14,3,4,1,3
1588441130,"2020-05-02 17:38:50",20,175,3,2,18,14,3,4,1,3
1588441190,"2020-05-02 17:39:50",20,178,3,2,18,14,3,4,1,3
1588441310,"2020-05-02 17:41:50",20,184,3,2,18,15,3,4,1,3
1588441370,"2020-05-02 17:42:50",0,0,21.00435,2,0,0,21,4,1,3
1588441430,"2020-05-02 17:43:50",19,175,8.094036,2,18,14,8,4,1,3
1588441490,"2020-05-02 17:44:50",18,0,3,2,17,0,3,4,1,3
1588441550,"2020-05-02 17:45:50",18,179,3,2,17,14,3,4,1,3
1588441610,"2020-05-02 17:46:50",16,183,13.812074,2,15,15,14,4,1,3
1588441670,"2020-05-02 17:47:50",19,182,3,2,18,15,3,4,1,3
1588441730,"2020-05-02 17:48:50",18,182,9.5042515,2,17,15,10,4,1,3
1588441790,"2020-05-02 17:49:50",20,183,3,2,19,15,3,4,1,3
1588441850,"2020-05-02 17:50:50",18,181,3,2,17,14,3,4,1,3
1588441910,"2020-05-02 17:51:50",20,178,3,2,18,14,3,4,1,3
1588441970,"2020-05-02 17:52:50",19,181,3,2,18,14,3,4,1,3
1588442030,"2020-05-02 17:53:50",20,179,3,2,18,14,3,4,1,3
1588442090,"2020-05-02 17:54:50",20,180,3,2,18,14,3,4,1,3
1588442150,"2020-05-02 17:55:50",20,176,13.784593,2,18,14,14,4,1,3
1588442210,"2020-05-02 17:56:50",0,178,3,2,0,14,3,4,1,3
1588442270,"2020-05-02 17:57:50",20,176,3,2,18,14,3,4,1,3
1588442330,"2020-05-02 17:58:50",20,176,3,2,19,14,3,4,1,3
1588442390,"2020-05-02 17:59:50",0,178,3,2,0,14,3,4,1,3
1588442450,"2020-05-02 18:00:50",20,177,3,2,18,14,3,4,1,3
1588442510,"2020-05-02 18:01:50",20,175,13.566724,2,18,14,14,4,1,3
1588442570,"2020-05-02 18:02:50",19,177,26.813732,2.3680277,18,14,27,5,1,3
1588442630,"2020-05-02 18:03:50",20,179,3,2,18,14,3,4,1,3
1588442690,"2020-05-02 18:04:50",20,177,3,2,18,14,3,4,1,3
1588442750,"2020-05-02 18:05:50",20,178,3,2,19,14,3,4,1,3
1588442810,"2020-05-02 18:06:50",21,181,6.5441694,2.0568724,20,14,7,4,1,3
1588442870,"2020-05-02 18:07:50",19,180,3,2,18,14,3,4,1,3
1588442930,"2020-05-02 18:08:50",21,178,3,2,19,14,3,4,1,3
1588442990,"2020-05-02 18:09:50",20,173,3,2,19,14,3,4,1,3
1588443050,"2020-05-02 18:10:50",22,171,3,2,22,14,3,4,1,3
1588443110,"2020-05-02 18:11:50",23,170,3,2,23,14,3,4,1,3
1588443170,"2020-05-02 18:12:50",22,168,3,2,22,13,3,4,1,3
1588443230,"2020-05-02 18:13:50",23,169,3,2,23,14,3,4,1,3
1588443290,"2020-05-02 18:14:50",22,167,3,2,20,13,3,4,1,3
1588443350,"2020-05-02 18:15:50",23,167,3,2,23,13,3,4,1,3
1588443410,"2020-05-02 18:16:50",23,167,23.34111,2.2789698,23,13,23,5,1,3
1588443470,"2020-05-02 18:17:50",23,196,3.039061,2,23,16,3,4,1,3
1588443530,"2020-05-02 18:18:50",17,212,3,2,16,17,3,4,1,3
1588443591,"2020-05-02 18:19:51",13,209,3,2,12,17,3,4,1,3
1588443651,"2020-05-02 18:20:51",18,197,3,2,17,16,3,4,1,3
1588443711,"2020-05-02 18:21:51",17,218,3,2,16,17,3,4,1,3
1588443771,"2020-05-02 18:22:51",15,213,7.601216,2,15,17,8,4,1,3
1588443831,"2020-05-02 18:23:51",16,187,3,2,15,15,3,4,1,3
1588443891,"2020-05-02 18:24:51",20,163,3,2,19,13,3,4,1,3
1588443951,"2020-05-02 18:25:51",23,136,3,2,23,11,3,4,1,3
1588444011,"2020-05-02 18:26:51",23,146,3,2,23,12,3,4,1,3
1588444071,"2020-05-02 18:27:51",24,144,3,2,24,12,3,4,1,3
1588444131,"2020-05-02 18:28:51",25,155,3,2,26,12,3,4,1,3
1588444191,"2020-05-02 18:29:51",25,146,3,2,25,12,3,4,1,3
1588444251,"2020-05-02 18:30:51",26,137,3.484222,2,27,11,3,4,1,3
1588444311,"2020-05-02 18:31:51",26,144,3,2,26,12,3,4,1,3
1588444371,"2020-05-02 18:32:51",28,133,3,2,30,11,3,4,1,3
1588444430,"2020-05-02 18:33:50",29,132,3,2,31,11,3,4,1,3
1588444490,"2020-05-02 18:34:50",30,132,3,2,32,11,3,4,1,3
1588444550,"2020-05-02 18:35:50",27,140,3,2,29,11,3,4,1,3
1588444670,"2020-05-02 18:37:50",25,146,3,2,25,12,3,4,1,3
1588444730,"2020-05-02 18:38:50",27,151,3,2,29,12,3,4,1,3
1588444850,"2020-05-02 18:40:50",27,141,3.8689013,2,28,11,4,4,1,3
1588444910,"2020-05-02 18:41:50",30,139,4.10464,2,33,11,4,4,1,3
1588444970,"2020-05-02 18:42:50",30,131,5.8389263,2,33,10,6,4,1,3
1588445030,"2020-05-02 18:43:50",31,125,4.1203947,2,34,10,4,4,1,3
1588445090,"2020-05-02 18:44:50",31,124,3,2,34,10,3,4,1,3
1588445150,"2020-05-02 18:45:50",31,122,3,2,34,10,3,4,1,3
1588445210,"2020-05-02 18:46:50",29,122,8.790521,2,31,10,9,4,1,3
1588445270,"2020-05-02 18:47:50",28,122,22.44773,2.2747135,30,10,22,5,1,3
1588445330,"2020-05-02 18:48:50",28,125,14.231806,2,30,10,14,4,1,3
1588445390,"2020-05-02 18:49:50",29,128,3,2,31,10,3,4,1,3
1588445510,"2020-05-02 18:51:50",0,131,40.38415,3.6052866,0,10,40,7,1,3
1588445570,"2020-05-02 18:52:50",27,130,3,2,29,10,3,4,1,3
1588445630,"2020-05-02 18:53:50",28,129,23.400154,2.439231,30,10,23,5,1,3
1588445690,"2020-05-02 18:54:50",29,124,5.7217965,2,31,10,6,4,1,3
1588445750,"2020-05-02 18:55:50",0,124,13.208361,2,0,10,13,4,1,3
1588445810,"2020-05-02 18:56:50",0,0,19.465946,2,0,0,19,4,1,3
1588445870,"2020-05-02 18:57:50",27,126,30.82481,2,29,10,31,4,1,3
1588445930,"2020-05-02 18:58:50",27,123,3,2,27,10,3,4,1,3
1588445990,"2020-05-02 18:59:50",29,119,3,2,31,10,3,4,1,3
1588446050,"2020-05-02 19:00:50",28,132,4.1289988,2,30,11,4,4,1,3
1588446110,"2020-05-02 19:01:50",27,139,3,2,29,11,3,4,1,3
1588446230,"2020-05-02 19:03:50",27,133,3,2,29,11,3,4,1,3
1588446290,"2020-05-02 19:04:50",29,132,3,2,31,11,3,4,1,3
1588446350,"2020-05-02 19:05:50",28,129,3,2,30,10,3,4,1,3
1588446410,"2020-05-02 19:06:50",30,136,14.91268,2,33,11,15,4,1,3
1588446470,"2020-05-02 19:07:50",28,135,3,2,29,11,3,4,1,3
1588446530,"2020-05-02 19:08:50",30,132,8.156822,2,33,11,8,4,1,3
1588446590,"2020-05-02 19:09:50",30,141,3,2,32,11,3,4,1,3
1588446650,"2020-05-02 19:10:50",0,131,3,2,0,10,3,4,1,3
1588446710,"2020-05-02 19:11:50",31,132,3,2,33,11,3,4,1,3
1588446771,"2020-05-02 19:12:51",30,137,3,2,32,11,3,4,1,3
1588446831,"2020-05-02 19:13:51",29,137,3,2,31,11,3,4,1,3
1588446891,"2020-05-02 19:14:51",29,137,3,2,31,11,3,4,1,3
1588446951,"2020-05-02 19:15:51",32,135,3,2,34,11,3,4,1,3
1588447071,"2020-05-02 19:17:51",31,133,3,2,33,11,3,4,1,3
1588447131,"2020-05-02 19:18:51",35,124,3,2,39,10,3,4,1,3
1588447191,"2020-05-02 19:19:51",38,125,3,2,43,10,3,4,1,3
1588447251,"2020-05-02 19:20:51",37,138,3,2,42,11,3,4,1,3
1588447311,"2020-05-02 19:21:51",35,142,3,2,39,11,3,4,1,3
1588447371,"2020-05-02 19:22:51",32,138,3,2,36,11,3,4,1,3
1588447431,"2020-05-02 19:23:51",31,138,3,2,33,11,3,4,1,3
1588447490,"2020-05-02 19:24:50",34,139,3,2,38,11,3,4,1,3
1588447550,"2020-05-02 19:25:50",33,136,3,2,37,11,3,4,1,3
1588447610,"2020-05-02 19:26:50",33,134,3,2,37,11,3,4,1,3
1588447730,"2020-05-02 19:28:50",34,115,3,2,38,9,3,4,1,3
1588447790,"2020-05-02 19:29:50",34,126,3,2,38,10,3,4,1,3
1588447910,"2020-05-02 19:31:50",33,121,3,2,37,10,3,4,1,3
1588447970,"2020-05-02 19:32:50",33,129,12.455467,2,37,10,12,4,1,3
1588448030,"2020-05-02 19:33:50",33,138,3,2,37,11,3,4,1,3
1588448090,"2020-05-02 19:34:50",33,136,3,2,37,11,3,4,1,3
1588448150,"2020-05-02 19:35:50",34,134,3,2,38,11,3,4,1,3
1588448210,"2020-05-02 19:36:50",34,134,10.311885,2,38,11,10,4,1,3
1588448270,"2020-05-02 19:37:50",31,136,3,2,34,11,3,4,1,3
1588448330,"2020-05-02 19:38:50",32,138,3,2,35,11,3,4,1,3
1588448390,"2020-05-02 19:39:50",30,140,3,2,33,11,3,4,1,3
1588448450,"2020-05-02 19:40:50",30,142,3,2,33,11,3,4,1,3
1588448510,"2020-05-02 19:41:50",30,146,3,2,33,12,3,4,1,3
1588448570,"2020-05-02 19:42:50",27,146,3,2,28,12,3,4,1,3
1588448630,"2020-05-02 19:43:50",29,148,3,2,31,12,3,4,1,3
1588448690,"2020-05-02 19:44:50",29,151,13.790981,2,31,12,14,4,1,3
1588448750,"2020-05-02 19:45:50",27,151,3,2,27,12,3,4,1,3
1588448810,"2020-05-02 19:46:50",27,152,13.266941,2,27,12,13,4,1,3
1588448870,"2020-05-02 19:47:50",27,154,9.599879,2,27,12,10,4,1,3
1588448930,"2020-05-02 19:48:50",29,156,10.718518,2,31,12,11,4,1,3
1588448990,"2020-05-02 19:49:50",26,154,35.94613,2.8127937,27,12,36,6,1,3
1588449050,"2020-05-02 19:50:50",26,159,20.711018,2.481061,26,13,21,5,1,3
1588449110,"2020-05-02 19:51:50",26,162,3,2,26,13,3,4,1,3
1588449170,"2020-05-02 19:52:50",26,158,3,2,27,13,3,4,1,3
1588449230,"2020-05-02 19:53:50",26,161,13.538859,2,26,13,14,4,1,3
1588449290,"2020-05-02 19:54:50",26,162,3,2,27,13,3,4,1,3
1588449350,"2020-05-02 19:55:50",26,161,3.8657606,2,27,13,4,4,1,3
1588449410,"2020-05-02 19:56:50",26,162,18.7525,2,27,13,19,4,1,3
1588449470,"2020-05-02 19:57:50",26,161,3,2,27,13,3,4,1,3
1588449530,"2020-05-02 19:58:50",29,162,3.7935214,2,31,13,4,4,1,3
1588449590,"2020-05-02 19:59:50",29,160,3,2,31,13,3,4,1,3
1588449650,"2020-05-02 20:00:50",32,160,3,2,35,13,3,4,1,3
1588449710,"2020-05-02 20:01:50",29,162,3,2,31,13,3,4,1,3
1588449830,"2020-05-02 20:03:50",29,164,3,2,31,13,3,4,1,3
1588449890,"2020-05-02 20:04:50",30,163,3,2,32,13,3,4,1,3
1588449950,"2020-05-02 20:05:50",29,164,9.869021,2,31,13,10,4,1,3
1588450010,"2020-05-02 20:06:50",31,0,3,2,33,0,3,4,1,3
1588450070,"2020-05-02 20:07:50",32,164,3,2,36,13,3,4,1,3
1588450130,"2020-05-02 20:08:50",34,165,3,2,38,13,3,4,1,3
1588450190,"2020-05-02 20:09:50",32,168,14.924784,2,35,13,15,4,1,3
1588450250,"2020-05-02 20:10:50",32,167,3,2,36,13,3,4,1,3
1588450310,"2020-05-02 20:11:50",32,165,3,2,36,13,3,4,1,3
1588450370,"2020-05-02 20:12:50",32,167,3,2,35,13,3,4,1,3
1588450430,"2020-05-02 20:13:50",32,167,3,2,36,13,3,4,1,3
1588450490,"2020-05-02 20:14:50",31,167,3,2,33,13,3,4,1,3
1588450550,"2020-05-02 20:15:50",32,167,3,2,36,13,3,4,1,3
1588450610,"2020-05-02 20:16:50",32,172,3,2,36,14,3,4,1,3
1588450670,"2020-05-02 20:17:50",32,169,6.0570097,2,35,14,6,4,1,3
1588450730,"2020-05-02 20:18:50",0,168,3,2,0,13,3,4,1,3
1588450790,"2020-05-02 20:19:50",32,170,3,2,35,14,3,4,1,3
1588450850,"2020-05-02 20:20:50",0,169,9.509821,2,0,14,10,4,1,3
1588450910,"2020-05-02 20:21:50",32,168,3,2,35,13,3,4,1,3
1588450970,"2020-05-02 20:22:50",33,174,4.4219522,2,37,14,4,4,1,3
1588451030,"2020-05-02 20:23:50",32,169,17.935871,2,35,14,18,4,1,3
1588451090,"2020-05-02 20:24:50",34,173,3,2,38,14,3,4,1,3
1588451150,"2020-05-02 20:25:50",32,174,3,2,36,14,3,4,1,3
1588451210,"2020-05-02 20:26:50",32,171,3,2,36,14,3,4,1,3
1588451270,"2020-05-02 20:27:50",33,171,3,2,37,14,3,4,1,3
1588451330,"2020-05-02 20:28:50",32,172,3,2,36,14,3,4,1,3
1588451390,"2020-05-02 20:29:50",32,175,3,2,36,14,3,4,1,3
1588451450,"2020-05-02 20:30:50",32,173,3,2,36,14,3,4,1,3
1588451510,"2020-05-02 20:31:50",34,174,3,2,38,14,3,4,1,3
1588451570,"2020-05-02 20:32:50",32,172,9.765833,2,35,14,10,4,1,3
1588451630,"2020-05-02 20:33:50",34,172,14.518811,2,38,14,15,4,1,3
1588451690,"2020-05-02 20:34:50",32,174,3,2,35,14,3,4,1,3
1588451750,"2020-05-02 20:35:50",32,174,3,2,36,14,3,4,1,3
1588451810,"2020-05-02 20:36:50",32,174,3,2,36,14,3,4,1,3
1588451870,"2020-05-02 20:37:50",32,177,53.876633,2.7393675,35,14,56,5,1,3
1588451930,"2020-05-02 20:38:50",32,174,3,2,36,14,3,4,1,3
1588451990,"2020-05-02 20:39:50",32,176,17.465748,2,36,14,17,4,1,3
1588452050,"2020-05-02 20:40:50",32,174,3,2,36,14,3,4,1,3
1588452110,"2020-05-02 20:41:50",32,177,3,2,36,14,3,4,1,3
1588452170,"2020-05-02 20:42:50",33,174,9.707832,2,37,14,10,4,1,3
1588452230,"2020-05-02 20:43:50",32,179,3,2,35,14,3,4,1,3
1588452290,"2020-05-02 20:44:50",32,176,3,2,36,14,3,4,1,3
1588452350,"2020-05-02 20:45:50",33,175,3,2,37,14,3,4,1,3
1588452410,"2020-05-02 20:46:50",33,182,3,2,37,15,3,4,1,3
1588452470,"2020-05-02 20:47:50",33,178,3,2,37,14,3,4,1,3
1588452530,"2020-05-02 20:48:50",31,178,3,2,33,14,3,4,1,3
1588452590,"2020-05-02 20:49:50",31,178,35.36634,3.1539927,33,14,35,6,1,3
1588452650,"2020-05-02 20:50:50",30,177,3,2,32,14,3,4,1,3
1588452710,"2020-05-02 20:51:50",30,176,3,2,32,14,3,4,1,3
1588452770,"2020-05-02 20:52:50",32,177,6.3461924,2,35,14,6,4,1,3
1588452830,"2020-05-02 20:53:50",32,181,3,2,35,14,3,4,1,3
1588452890,"2020-05-02 20:54:50",32,179,3,2,35,14,3,4,1,3
1588452950,"2020-05-02 20:55:50",31,177,3,2,33,14,3,4,1,3
1588453010,"2020-05-02 20:56:50",31,177,3,2,33,14,3,4,1,3
1588453070,"2020-05-02 20:57:50",32,176,3,2,35,14,3,4,1,3
1588453130,"2020-05-02 20:58:50",32,176,9.435989,2,35,14,9,4,1,3
1588453190,"2020-05-02 20:59:50",32,178,3,2,35,14,3,4,1,3
1588453250,"2020-05-02 21:00:50",32,178,3,2,35,14,3,4,1,3
1588453310,"2020-05-02 21:01:50",33,178,3,2,36,14,3,4,1,3
1588453370,"2020-05-02 21:02:50",33,179,13.912165,2,36,14,14,4,1,3
1588453430,"2020-05-02 21:03:50",33,177,3,2,37,14,3,4,1,3
1588453490,"2020-05-02 21:04:50",32,178,3,2,35,14,3,4,1,3
1588453550,"2020-05-02 21:05:50",32,178,3,2,35,14,3,4,1,3
1588453610,"2020-05-02 21:06:50",32,175,11.807619,2,35,14,12,4,1,3
1588453670,"2020-05-02 21:07:50",33,176,3,2,36,14,3,4,1,3
1588453730,"2020-05-02 21:08:50",33,176,3,2,36,14,3,4,1,3
1588453790,"2020-05-02 21:09:50",34,174,3,2,38,14,3,4,1,3
1588453850,"2020-05-02 21:10:50",34,174,3,2,38,14,3,4,1,3
1588453910,"2020-05-02 21:11:50",34,172,3,2,38,14,3,4,1,3
1588453970,"2020-05-02 21:12:50",32,174,3,2,35,14,3,4,1,3
1588454030,"2020-05-02 21:13:50",33,174,3,2,37,14,3,4,1,3
1588454090,"2020-05-02 21:14:50",33,178,3,2,37,14,3,4,1,3
1588454150,"2020-05-02 21:15:50",33,176,3,2,36,14,3,4,1,3
1588454210,"2020-05-02 21:16:50",33,177,3,2,36,14,3,4,1,3
1588454270,"2020-05-02 21:17:50",31,174,3,2,34,14,3,4,1,3
1588454330,"2020-05-02 21:18:50",32,175,3,2,35,14,3,4,1,3
1588454390,"2020-05-02 21:19:50",32,178,3,2,35,14,3,4,1,3
1588454450,"2020-05-02 21:20:50",31,175,3,2,34,14,3,4,1,3
1588454510,"2020-05-02 21:21:50",31,177,3,2,33,14,3,4,1,3
1588454570,"2020-05-02 21:22:50",31,181,3,2,33,14,3,4,1,3
1588454630,"2020-05-02 21:23:50",31,181,23.91397,2.9049082,33,14,24,6,1,3
1588454690,"2020-05-02 21:24:50",31,177,3.284411,2,33,14,3,4,1,3
1588454750,"2020-05-02 21:25:50",30,179,3,2,32,14,3,4,1,3
1588454810,"2020-05-02 21:26:50",31,178,13.668483,2,33,14,14,4,1,3
1588454870,"2020-05-02 21:27:50",30,179,3,2,32,14,3,4,1,3
1588454930,"2020-05-02 21:28:50",31,179,9.303263,2,33,14,9,4,1,3
1588454990,"2020-05-02 21:29:50",32,179,3,2,35,14,3,4,1,3
1588455050,"2020-05-02 21:30:50",31,177,27.87263,2,33,14,28,4,1,3
1588455110,"2020-05-02 21:31:50",32,179,3,2,35,14,3,4,1,3
1588455170,"2020-05-02 21:32:50",31,182,3,2,34,15,3,4,1,3
1588455230,"2020-05-02 21:33:50",32,181,3,2,35,14,3,4,1,3
1588455290,"2020-05-02 21:34:50",33,179,7.476646,2,36,14,7,4,1,3
1588455350,"2020-05-02 21:35:50",31,178,3,2,33,14,3,4,1,3
1588455410,"2020-05-02 21:36:50",28,180,9.013022,2,30,14,9,4,1,3
1588455470,"2020-05-02 21:37:50",29,181,3.4020946,2,31,14,3,4,1,3
1588455530,"2020-05-02 21:38:50",30,183,3,2,32,15,3,4,1,3
1588455590,"2020-05-02 21:39:50",31,184,3,2,33,15,3,4,1,3
1588455650,"2020-05-02 21:40:50",32,181,11.953205,2,35,14,12,4,1,3
1588455710,"2020-05-02 21:41:50",31,181,3,2,33,14,3,4,1,3
1588455770,"2020-05-02 21:42:50",30,179,3,2,32,14,3,4,1,3
1588455830,"2020-05-02 21:43:50",30,184,3,2,32,15,3,4,1,3
1588455890,"2020-05-02 21:44:50",30,181,3,2,32,14,3,4,1,3
1588455950,"2020-05-02 21:45:50",29,183,3,2,31,15,3,4,1,3
1588456010,"2020-05-02 21:46:50",30,182,3,2,32,15,3,4,1,3
1588456070,"2020-05-02 21:47:50",31,180,3,2,33,14,3,4,1,3
1588456130,"2020-05-02 21:48:50",28,182,3,2,30,15,3,4,1,3
1588456190,"2020-05-02 21:49:50",29,180,3,2,31,14,3,4,1,3
1588456250,"2020-05-02 21:50:50",30,180,3,2,32,14,3,4,1,3
1588456310,"2020-05-02 21:51:50",30,183,3,2,32,15,3,4,1,3
1588456370,"2020-05-02 21:52:50",30,181,3,2,32,14,3,4,1,3
1588456430,"2020-05-02 21:53:50",29,179,3,2,31,14,3,4,1,3
1588456490,"2020-05-02 21:54:50",31,181,3,2,33,14,3,4,1,3
1588456550,"2020-05-02 21:55:50",30,180,3,2,32,14,3,4,1,3
1588456610,"2020-05-02 21:56:50",30,183,3,2,32,15,3,4,1,3
1588456670,"2020-05-02 21:57:50",30,181,3,2,32,14,3,4,1,3
1588456730,"2020-05-02 21:58:50",31,180,3,2,33,14,3,4,1,3
1588456790,"2020-05-02 21:59:50",32,181,10.248892,2,35,14,10,4,1,3
1588456850,"2020-05-02 22:00:50",32,176,3,2,35,14,3,4,1,3
1588456910,"2020-05-02 22:01:50",34,178,3,2,38,14,3,4,1,3
1588456970,"2020-05-02 22:02:50",33,174,3,2,37,14,3,4,1,3
1588457030,"2020-05-02 22:03:50",33,177,11.92105,2.0869827,37,14,12,4,1,3
1588457090,"2020-05-02 22:04:50",34,175,3,2,38,14,3,4,1,3
1588457150,"2020-05-02 22:05:50",33,179,3,2,37,14,3,4,1,3
1588457210,"2020-05-02 22:06:50",33,177,3,2,36,14,3,4,1,3
1588457270,"2020-05-02 22:07:50",33,176,19.109976,2,37,14,19,4,1,3
1588457330,"2020-05-02 22:08:50",33,178,3,2,36,14,3,4,1,3
1588457390,"2020-05-02 22:09:50",31,175,3,2,33,14,3,4,1,3
1588457450,"2020-05-02 22:10:50",33,176,3,2,36,14,3,4,1,3
1588457510,"2020-05-02 22:11:50",33,176,16.32385,2,36,14,16,4,1,3
1588457570,"2020-05-02 22:12:50",33,179,3,2,36,14,3,4,1,3
1588457630,"2020-05-02 22:13:50",32,175,3,2,35,14,3,4,1,3
1588457690,"2020-05-02 22:14:50",31,180,3,2,33,14,3,4,1,3
1588457750,"2020-05-02 22:15:50",32,177,3,2,35,14,3,4,1,3
1588457810,"2020-05-02 22:16:50",33,178,3,2,37,14,3,4,1,3
1588457870,"2020-05-02 22:17:50",33,177,3,2,37,14,3,4,1,3
1588457930,"2020-05-02 22:18:50",33,178,3,2,36,14,3,4,1,3
1588457990,"2020-05-02 22:19:50",34,177,3,2,38,14,3,4,1,3
1588458050,"2020-05-02 22:20:50",31,176,3,2,33,14,3,4,1,3
1588458110,"2020-05-02 22:21:50",33,177,3,2,36,14,3,4,1,3
1588458170,"2020-05-02 22:22:50",33,180,3,2,36,14,3,4,1,3
1588458290,"2020-05-02 22:24:50",33,177,3,2,36,14,3,4,1,3
1588458350,"2020-05-02 22:25:50",33,176,3,2,37,14,3,4,1,3
1588458410,"2020-05-02 22:26:50",34,172,3,2,38,14,3,4,1,3
1588458470,"2020-05-02 22:27:50",33,175,3,2,37,14,3,4,1,3
1588458530,"2020-05-02 22:28:50",35,0,12.305054,2,40,0,12,4,1,3
1588458590,"2020-05-02 22:29:50",34,174,3,2,38,14,3,4,1,3
1588458650,"2020-05-02 22:30:50",35,176,3,2,40,14,3,4,1,3
1588458710,"2020-05-02 22:31:50",34,176,5.4044275,2,38,14,5,4,1,3
1588458770,"2020-05-02 22:32:50",35,174,3,2,40,14,3,4,1,3
1588458830,"2020-05-02 22:33:50",34,172,3,2,38,14,3,4,1,3
1588458890,"2020-05-02 22:34:50",34,173,3,2,38,14,3,4,1,3
1588458950,"2020-05-02 22:35:50",34,170,3,2,38,14,3,4,1,3
1588459010,"2020-05-02 22:36:50",36,174,3,2,41,14,3,4,1,3
1588459070,"2020-05-02 22:37:50",36,172,3,2,41,14,3,4,1,3
1588459130,"2020-05-02 22:38:50",0,173,3,2,0,14,3,4,1,3
1588459190,"2020-05-02 22:39:50",34,171,9.441334,2,38,14,9,4,1,3
1588459250,"2020-05-02 22:40:50",36,170,3,2,41,14,3,4,1,3
1588459310,"2020-05-02 22:41:50",36,173,3,2,41,14,3,4,1,3
1588459370,"2020-05-02 22:42:50",0,173,3,2,0,14,3,4,1,3
1588459430,"2020-05-02 22:43:50",36,172,3,2,41,14,3,4,1,3
1588459490,"2020-05-02 22:44:50",36,170,8.555008,2,41,14,9,4,1,3
1588459550,"2020-05-02 22:45:50",36,175,3.2329178,2,41,14,3,4,1,3
1588459610,"2020-05-02 22:46:50",37,170,3,2,42,14,3,4,1,3
1588459670,"2020-05-02 22:47:50",37,171,11.932434,2,42,14,12,4,1,3
1588459730,"2020-05-02 22:48:50",38,170,3,2,43,14,3,4,1,3
1588459790,"2020-05-02 22:49:50",37,169,3,2,42,14,3,4,1,3
1588459850,"2020-05-02 22:50:50",38,168,3,2,43,13,3,4,1,3
1588459910,"2020-05-02 22:51:50",39,169,3,2,45,14,3,4,1,3
1588459970,"2020-05-02 22:52:50",37,171,25.760141,2,42,14,26,4,1,3
1588460030,"2020-05-02 22:53:50",35,169,3,2,40,14,3,4,1,3
1588460090,"2020-05-02 22:54:50",38,169,3,2,43,14,3,4,1,3
1588460150,"2020-05-02 22:55:50",38,171,3,2,43,14,3,4,1,3
1588460210,"2020-05-02 22:56:50",37,170,3,2,42,14,3,4,1,3
1588460270,"2020-05-02 22:57:50",37,169,3,2,42,14,3,4,1,3
1588460330,"2020-05-02 22:58:50",35,170,3,2,40,14,3,4,1,3
1588460390,"2020-05-02 22:59:50",35,173,3,2,40,14,3,4,1,3
1588460450,"2020-05-02 23:00:50",38,171,3,2,43,14,3,4,1,3
1588460510,"2020-05-02 23:01:50",38,171,3,2,43,14,3,4,1,3
1588460570,"2020-05-02 23:02:50",36,168,3,2,41,13,3,4,1,3
1588460630,"2020-05-02 23:03:50",37,168,3,2,42,13,3,4,1,3
1588460690,"2020-05-02 23:04:50",37,171,4.425949,2,42,14,4,4,1,3
1588460750,"2020-05-02 23:05:50",38,167,3,2,43,13,3,4,1,3
1588460810,"2020-05-02 23:06:50",38,170,3,2,43,14,3,4,1,3
1588460870,"2020-05-02 23:07:50",38,168,4.9477425,2,43,13,5,4,1,3
1588460930,"2020-05-02 23:08:50",39,170,3,2,45,14,3,4,1,3
1588460990,"2020-05-02 23:09:50",39,166,3,2,45,13,3,4,1,3
1588461050,"2020-05-02 23:10:50",40,167,3,2,46,13,3,4,1,3
1588461110,"2020-05-02 23:11:50",39,166,3,2,45,13,3,4,1,3
1588461170,"2020-05-02 23:12:50",37,166,24.62864,2.0222902,42,13,25,4,1,3
1588461230,"2020-05-02 23:13:50",39,165,3,2,45,13,3,4,1,3
1588461290,"2020-05-02 23:14:50",40,166,6.363231,2,46,13,6,4,1,3
1588461350,"2020-05-02 23:15:50",40,166,4.729703,2,46,13,5,4,1,3
1588461410,"2020-05-02 23:16:50",40,164,3,2,46,13,3,4,1,3
1588461470,"2020-05-02 23:17:50",40,164,3,2,47,13,3,4,1,3
1588461530,"2020-05-02 23:18:50",39,167,3,2,45,13,3,4,1,3
1588461590,"2020-05-02 23:19:50",39,162,3,2,45,13,3,4,1,3
1588461650,"2020-05-02 23:20:50",39,166,3,2,45,13,3,4,1,3
1588461710,"2020-05-02 23:21:50",39,163,3.5811849,2,45,13,4,4,1,3
1588461770,"2020-05-02 23:22:50",38,167,3,2,43,13,3,4,1,3
1588461830,"2020-05-02 23:23:50",40,162,3,2,47,13,3,4,1,3
1588461890,"2020-05-02 23:24:50",40,165,3.3002222,2,46,13,3,4,1,3
1588461950,"2020-05-02 23:25:50",39,163,3,2,45,13,3,4,1,3
1588462010,"2020-05-02 23:26:50",40,164,3,2,47,13,3,4,1,3
1588462070,"2020-05-02 23:27:50",39,163,3,2,45,13,3,4,1,3
1588462130,"2020-05-02 23:28:50",40,163,3,2,46,13,3,4,1,3
1588462190,"2020-05-02 23:29:50",40,163,3,2,46,13,3,4,1,3
1588462250,"2020-05-02 23:30:50",40,163,3,2,47,13,3,4,1,3
1588462310,"2020-05-02 23:31:50",40,164,3,2,47,13,3,4,1,3
1588462370,"2020-05-02 23:32:50",41,162,3,2,48,13,3,4,1,3
1588462430,"2020-05-02 23:33:50",43,160,12.3388605,2,50,13,12,4,1,3
1588462490,"2020-05-02 23:34:50",41,160,3,2,48,13,3,4,1,3
1588462550,"2020-05-02 23:35:50",41,163,3,2,48,13,3,4,1,3
1588462610,"2020-05-02 23:36:50",41,161,3,2,48,13,3,4,1,3
1588462670,"2020-05-02 23:37:50",41,162,3,2,48,13,3,4,1,3
1588462730,"2020-05-02 23:38:50",41,163,3,2,48,13,3,4,1,3
1588462790,"2020-05-02 23:39:50",42,162,17.19617,2,50,13,17,4,1,3
1588462850,"2020-05-02 23:40:50",42,162,3.968117,2.4442034,50,13,4,5,1,3
1588462910,"2020-05-02 23:41:50",43,164,3,2,50,13,3,4,1,3
1588462970,"2020-05-02 23:42:50",41,163,3,2,48,13,3,4,1,3
1588463030,"2020-05-02 23:43:50",42,163,9.358463,2,50,13,9,4,1,3
1588463090,"2020-05-02 23:44:50",41,159,3,2,48,13,3,4,1,3
1588463150,"2020-05-02 23:45:50",43,162,3,2,50,13,3,4,1,3
1588463210,"2020-05-02 23:46:50",43,164,3,2,50,13,3,4,1,3
1588463270,"2020-05-02 23:47:50",41,162,3,2,48,13,3,4,1,3
1588463330,"2020-05-02 23:48:50",41,162,3,2,47,13,3,4,1,3
1588463390,"2020-05-02 23:49:50",41,162,3,2,48,13,3,4,1,3
1588463450,"2020-05-02 23:50:50",41,163,3,2,48,13,3,4,1,3
1588463510,"2020-05-02 23:51:50",42,160,15.519251,2,50,13,16,4,1,3
1588463570,"2020-05-02 23:52:50",43,160,3,2,50,13,3,4,1,3
1588463630,"2020-05-02 23:53:50",43,160,3,2,50,13,3,4,1,3
1588463690,"2020-05-02 23:54:50",43,159,17.338734,2.076417,50,13,17,4,1,3
1588463750,"2020-05-02 23:55:50",43,161,3,2,50,13,3,4,1,3
1588463810,"2020-05-02 23:56:50",43,157,3,2,50,13,3,4,1,3
1588463870,"2020-05-02 23:57:50",43,160,3,2,50,13,3,4,1,3
1588463930,"2020-05-02 23:58:50",43,160,3,2,50,13,3,4,1,3
1588463990,"2020-05-02 23:59:50",43,161,3,2,50,13,3,4,1,3
