1588464050,"2020-05-03 00:00:50",43,160,3,2,51,13,3,4,1,3
1588464110,"2020-05-03 00:01:50",45,160,3,2,52,13,3,4,1,3
1588503427,"2020-05-03 10:57:07",0,149,3,2,0,12,3,4,1,3
1588503487,"2020-05-03 10:58:07",4,127,3,2,4,10,3,4,1,3
1588503547,"2020-05-03 10:59:07",8,121,3,2,8,10,3,4,1,3
1588503607,"2020-05-03 11:00:07",11,118,3,2,10,9,3,4,1,3
1588503667,"2020-05-03 11:01:07",11,116,3,2,10,9,3,4,1,3
1588503727,"2020-05-03 11:02:07",12,114,3,2,11,9,3,4,1,3
1588503787,"2020-05-03 11:03:07",15,117,9.703823,2,14,9,10,4,1,3
1588503847,"2020-05-03 11:04:07",15,115,3,2,14,9,3,4,1,3
1588503907,"2020-05-03 11:05:07",16,116,3,2,16,9,3,4,1,3
1588503967,"2020-05-03 11:06:07",17,116,3,2,16,9,3,4,1,3
1588504027,"2020-05-03 11:07:07",20,118,3,2,19,9,3,4,1,3
1588504087,"2020-05-03 11:08:07",19,117,3,2,18,9,3,4,1,3
1588504147,"2020-05-03 11:09:07",20,119,3,2,19,10,3,4,1,3
1588504207,"2020-05-03 11:10:07",20,120,6.1429825,2,19,10,6,4,1,3
1588504327,"2020-05-03 11:12:07",22,125,3,2,21,10,3,4,1,3
1588504387,"2020-05-03 11:13:07",21,124,3,2,20,10,3,4,1,3
1588504447,"2020-05-03 11:14:07",22,126,3,2,21,10,3,4,1,3
1588504507,"2020-05-03 11:15:07",21,131,3,2,20,10,3,4,1,3
1588504567,"2020-05-03 11:16:07",24,0,3,2,23,0,3,4,1,3
1588504627,"2020-05-03 11:17:07",24,131,29.328749,2,23,10,29,4,1,3
1588504687,"2020-05-03 11:18:07",24,136,3,2,23,11,3,4,1,3
1588504747,"2020-05-03 11:19:07",24,135,3,2,23,11,3,4,1,3
1588504807,"2020-05-03 11:20:07",24,139,3,2,23,11,3,4,1,3
1588504867,"2020-05-03 11:21:07",24,142,3,2,25,11,3,4,1,3
1588504927,"2020-05-03 11:22:07",24,148,3,2,25,12,3,4,1,3
1588504987,"2020-05-03 11:23:07",24,147,3,2,25,12,3,4,1,3
1588505047,"2020-05-03 11:24:07",24,150,3,2,25,12,3,4,1,3
1588505107,"2020-05-03 11:25:07",26,152,3,2,27,12,3,4,1,3
1588505167,"2020-05-03 11:26:07",25,154,3,2,26,12,3,4,1,3
1588505227,"2020-05-03 11:27:07",0,155,3,2,0,12,3,4,1,3
1588505287,"2020-05-03 11:28:07",24,158,6.9038568,2,25,13,7,4,1,3
1588505347,"2020-05-03 11:29:07",24,161,3,2,25,13,3,4,1,3
1588505407,"2020-05-03 11:30:07",0,161,3,2,0,13,3,4,1,3
1588505467,"2020-05-03 11:31:07",26,161,3,2,27,13,3,4,1,3
1588505527,"2020-05-03 11:32:07",25,163,3,2,26,13,3,4,1,3
1588505587,"2020-05-03 11:33:07",25,168,49.591125,3.114397,26,13,50,6,1,3
1588505647,"2020-05-03 11:34:07",25,165,37.645084,2,26,13,38,4,1,3
1588505707,"2020-05-03 11:35:07",24,167,3,2,25,13,3,4,1,3
1588505767,"2020-05-03 11:36:07",25,165,3,2,26,13,3,4,1,3
1588505827,"2020-05-03 11:37:07",27,166,10.594151,2,28,13,11,4,1,3
1588505887,"2020-05-03 11:38:07",25,166,11.893315,2,26,13,12,4,1,3
1588505947,"2020-05-03 11:39:07",26,168,11.759003,2,27,13,12,4,1,3
1588506007,"2020-05-03 11:40:07",24,168,3,2,23,13,3,4,1,3
1588506067,"2020-05-03 11:41:07",26,169,3,2,27,14,3,4,1,3
1588506127,"2020-05-03 11:42:07",26,169,3,2,27,14,3,4,1,3
1588506187,"2020-05-03 11:43:07",24,170,27.996859,2,25,14,28,4,1,3
1588506247,"2020-05-03 11:44:07",24,167,36.376213,2,25,13,36,4,1,3
1588506307,"2020-05-03 11:45:07",26,168,11.4498415,2,27,13,11,4,1,3
1588506367,"2020-05-03 11:46:07",24,171,3,2,25,14,3,4,1,3
1588506427,"2020-05-03 11:47:07",25,170,3,2,26,14,3,4,1,3
1588506487,"2020-05-03 11:48:07",24,169,61.885254,4.1197405,25,14,70,8,1,3
1588506547,"2020-05-03 11:49:07",24,169,3,2,25,14,3,4,1,3
1588506607,"2020-05-03 11:50:07",26,170,3,2,27,14,3,4,1,3
1588506667,"2020-05-03 11:51:07",25,169,3,2,26,14,3,4,1,3
1588506727,"2020-05-03 11:52:07",25,167,3,2,26,13,3,4,1,3
1588506787,"2020-05-03 11:53:07",24,168,3,2,23,13,3,4,1,3
1588506847,"2020-05-03 11:54:07",24,170,3,2,24,14,3,4,1,3
1588506907,"2020-05-03 11:55:07",24,166,3,2,24,13,3,4,1,3
1588506967,"2020-05-03 11:56:07",26,162,3,2,27,13,3,4,1,3
1588507027,"2020-05-03 11:57:07",27,163,3,2,28,13,3,4,1,3
1588507087,"2020-05-03 11:58:07",27,162,3,2,28,13,3,4,1,3
1588507147,"2020-05-03 11:59:07",27,161,3,2,28,13,3,4,1,3
1588507207,"2020-05-03 12:00:07",27,162,3,2,28,13,3,4,1,3
1588507267,"2020-05-03 12:01:07",26,161,5.7353544,2,27,13,6,4,1,3
1588507327,"2020-05-03 12:02:07",26,161,3,2,27,13,3,4,1,3
1588507387,"2020-05-03 12:03:07",26,163,10.8478155,2,27,13,11,4,1,3
1588507447,"2020-05-03 12:04:07",24,161,3,2,24,13,3,4,1,3
1588507507,"2020-05-03 12:05:07",29,162,3,2,31,13,3,4,1,3
1588507567,"2020-05-03 12:06:07",26,159,3,2,27,13,3,4,1,3
1588507627,"2020-05-03 12:07:07",27,161,3,2,28,13,3,4,1,3
1588507687,"2020-05-03 12:08:07",27,163,3,2,28,13,3,4,1,3
1588507747,"2020-05-03 12:09:07",28,160,3,2,29,13,3,4,1,3
1588507807,"2020-05-03 12:10:07",29,163,3,2,30,13,3,4,1,3
1588507867,"2020-05-03 12:11:07",27,165,3,2,28,13,3,4,1,3
1588507927,"2020-05-03 12:12:07",26,163,3,2,27,13,3,4,1,3
1588507987,"2020-05-03 12:13:07",27,164,3,2,28,13,3,4,1,3
1588508047,"2020-05-03 12:14:07",29,165,3,2,30,13,3,4,1,3
1588508107,"2020-05-03 12:15:07",27,166,7.9694295,2,28,13,8,4,1,3
1588508167,"2020-05-03 12:16:07",26,166,3,2,27,13,3,4,1,3
1588508227,"2020-05-03 12:17:07",28,166,3,2,29,13,3,4,1,3
1588508287,"2020-05-03 12:18:07",28,165,3,2,29,13,3,4,1,3
1588508347,"2020-05-03 12:19:07",28,165,3,2,29,13,3,4,1,3
1588508407,"2020-05-03 12:20:07",26,166,3,2,27,13,3,4,1,3
1588508467,"2020-05-03 12:21:07",26,166,3,2,27,13,3,4,1,3
1588508527,"2020-05-03 12:22:07",27,165,3,2,28,13,3,4,1,3
1588508587,"2020-05-03 12:23:07",28,167,3,2,29,13,3,4,1,3
1588508647,"2020-05-03 12:24:07",28,166,3,2,29,13,3,4,1,3
1588508707,"2020-05-03 12:25:07",27,169,3,2,28,14,3,4,1,3
1588508767,"2020-05-03 12:26:07",28,169,3,2,29,14,3,4,1,3
1588508827,"2020-05-03 12:27:07",6,168,3,2,6,13,3,4,1,3
1588508887,"2020-05-03 12:28:07",6,166,3,2,6,13,3,4,1,3
1588508947,"2020-05-03 12:29:07",8,169,3,2,7,14,3,4,1,3
1588509007,"2020-05-03 12:30:07",5,169,3,2,5,14,3,4,1,3
1588509067,"2020-05-03 12:31:07",5,167,4.2697067,2,5,13,4,4,1,3
1588509127,"2020-05-03 12:32:07",5,168,3,2,5,13,3,4,1,3
1588509187,"2020-05-03 12:33:07",6,169,3,2,6,14,3,4,1,3
1588509247,"2020-05-03 12:34:07",6,170,28.29661,2,6,14,28,4,1,3
1588509307,"2020-05-03 12:35:07",8,168,3,2,7,13,3,4,1,3
1588509367,"2020-05-03 12:36:07",8,171,3,2,7,14,3,4,1,3
1588509427,"2020-05-03 12:37:07",8,171,3,2,7,14,3,4,1,3
1588509487,"2020-05-03 12:38:07",6,171,3,2,6,14,3,4,1,3
1588509547,"2020-05-03 12:39:07",8,174,3,2,7,14,3,4,1,3
1588509607,"2020-05-03 12:40:07",7,171,3,2,7,14,3,4,1,3
1588509667,"2020-05-03 12:41:07",8,173,3,2,7,14,3,4,1,3
1588509727,"2020-05-03 12:42:07",9,175,3,2,8,14,3,4,1,3
1588509787,"2020-05-03 12:43:07",7,172,3,2,7,14,3,4,1,3
1588509847,"2020-05-03 12:44:07",10,172,3,2,9,14,3,4,1,3
1588509907,"2020-05-03 12:45:07",8,171,3,2,7,14,3,4,1,3
1588509967,"2020-05-03 12:46:07",7,171,8.697958,2,6,14,9,4,1,3
1588510027,"2020-05-03 12:47:07",9,168,27.819073,2,8,13,28,4,1,3
1588510087,"2020-05-03 12:48:07",8,175,11.05732,2,7,14,11,4,1,3
1588510147,"2020-05-03 12:49:07",5,173,3,2,5,14,3,4,1,3
1588510207,"2020-05-03 12:50:07",6,170,3,2,6,14,3,4,1,3
1588510267,"2020-05-03 12:51:07",7,173,3,2,6,14,3,4,1,3
1588510327,"2020-05-03 12:52:07",6,173,3,2,6,14,3,4,1,3
1588510387,"2020-05-03 12:53:07",8,172,3,2,7,14,3,4,1,3
1588510447,"2020-05-03 12:54:07",8,176,3,2,7,14,3,4,1,3
1588510507,"2020-05-03 12:55:07",8,175,3,2,7,14,3,4,1,3
1588510567,"2020-05-03 12:56:07",5,174,3,2,5,14,3,4,1,3
1588510627,"2020-05-03 12:57:07",8,172,3,2,7,14,3,4,1,3
1588510687,"2020-05-03 12:58:07",8,175,3,2,7,14,3,4,1,3
1588510747,"2020-05-03 12:59:07",4,176,3,2,4,14,3,4,1,3
1588510807,"2020-05-03 13:00:07",6,174,3,2,6,14,3,4,1,3
1588510867,"2020-05-03 13:01:07",8,176,3,2,7,14,3,4,1,3
1588510927,"2020-05-03 13:02:07",7,173,3,2,6,14,3,4,1,3
1588510987,"2020-05-03 13:03:07",5,175,3,2,5,14,3,4,1,3
1588511047,"2020-05-03 13:04:07",7,174,3,2,6,14,3,4,1,3
1588511107,"2020-05-03 13:05:07",7,169,3,2,6,14,3,4,1,3
1588511167,"2020-05-03 13:06:07",8,173,3,2,7,14,3,4,1,3
1588511227,"2020-05-03 13:07:07",8,175,3,2,7,14,3,4,1,3
1588511287,"2020-05-03 13:08:07",5,173,3,2,5,14,3,4,1,3
1588511347,"2020-05-03 13:09:07",5,174,3,2,5,14,3,4,1,3
1588511407,"2020-05-03 13:10:07",5,174,3,2,5,14,3,4,1,3
1588511467,"2020-05-03 13:11:07",8,176,3,2,7,14,3,4,1,3
1588511527,"2020-05-03 13:12:07",6,181,3,2,6,14,3,4,1,3
1588511587,"2020-05-03 13:13:07",8,176,3,2,7,14,3,4,1,3
1588511647,"2020-05-03 13:14:07",9,172,3,2,8,14,3,4,1,3
1588511707,"2020-05-03 13:15:07",7,173,3,2,6,14,3,4,1,3
1588511767,"2020-05-03 13:16:07",7,174,3,2,6,14,3,4,1,3
1588511827,"2020-05-03 13:17:07",6,174,3,2,6,14,3,4,1,3
1588511887,"2020-05-03 13:18:07",8,174,3,2,7,14,3,4,1,3
1588511947,"2020-05-03 13:19:07",8,173,3,2,7,14,3,4,1,3
1588512007,"2020-05-03 13:20:07",8,175,3,2,7,14,3,4,1,3
1588512067,"2020-05-03 13:21:07",5,174,3,2,5,14,3,4,1,3
1588512127,"2020-05-03 13:22:07",6,175,3,2,6,14,3,4,1,3
1588512187,"2020-05-03 13:23:07",8,172,3,2,7,14,3,4,1,3
1588512247,"2020-05-03 13:24:07",8,173,3,2,8,14,3,4,1,3
1588512307,"2020-05-03 13:25:07",7,172,3,2,6,14,3,4,1,3
1588512367,"2020-05-03 13:26:07",9,173,3,2,9,14,3,4,1,3
1588512427,"2020-05-03 13:27:07",8,175,3,2,8,14,3,4,1,3
1588512487,"2020-05-03 13:28:07",6,174,10.590928,2,6,14,11,4,1,3
1588512547,"2020-05-03 13:29:07",5,174,3,2,5,14,3,4,1,3
1588512607,"2020-05-03 13:30:07",9,170,3,2,9,14,3,4,1,3
1588512667,"2020-05-03 13:31:07",8,171,3,2,8,14,3,4,1,3
1588512727,"2020-05-03 13:32:07",8,175,3,2,7,14,3,4,1,3
1588512847,"2020-05-03 13:34:07",7,175,3,2,6,14,3,4,1,3
1588512907,"2020-05-03 13:35:07",8,174,18.70912,2,7,14,19,4,1,3
1588512967,"2020-05-03 13:36:07",8,175,3,2,8,14,3,4,1,3
1588513027,"2020-05-03 13:37:07",7,178,3,2,6,14,3,4,1,3
1588513087,"2020-05-03 13:38:07",7,0,3,2,6,0,3,4,1,3
1588513147,"2020-05-03 13:39:07",7,174,3,2,7,14,3,4,1,3
1588513207,"2020-05-03 13:40:07",7,175,3,2,7,14,3,4,1,3
1588513267,"2020-05-03 13:41:07",7,177,3,2,7,14,3,4,1,3
1588513327,"2020-05-03 13:42:07",5,180,4.049949,2,5,14,4,4,1,3
1588513387,"2020-05-03 13:43:07",6,179,3,2,5,14,3,4,1,3
1588513447,"2020-05-03 13:44:07",4,180,3,2,4,14,3,4,1,3
1588513507,"2020-05-03 13:45:07",4,183,3,2,4,15,3,4,1,3
1588513567,"2020-05-03 13:46:07",4,180,3,2,4,14,3,4,1,3
1588513627,"2020-05-03 13:47:07",0,180,3,2,0,14,3,4,1,3
1588513687,"2020-05-03 13:48:07",3,182,3,2,3,15,3,4,1,3
1588513747,"2020-05-03 13:49:07",3,184,3,2,3,15,3,4,1,3
1588513807,"2020-05-03 13:50:07",1,189,3,2,1,15,3,4,1,3
1588513867,"2020-05-03 13:51:07",5,180,3,2,5,14,3,4,1,3
1588513927,"2020-05-03 13:52:07",0,182,3,2,0,15,3,4,1,3
1588513987,"2020-05-03 13:53:07",5,181,10.7434,2,5,14,11,4,1,3
1588514047,"2020-05-03 13:54:07",4,183,6.2120056,2,4,15,6,4,1,3
1588514107,"2020-05-03 13:55:07",4,179,3,2,4,14,3,4,1,3
1588514167,"2020-05-03 13:56:07",4,180,3,2,4,14,3,4,1,3
1588514227,"2020-05-03 13:57:07",4,183,3,2,4,15,3,4,1,3
1588514287,"2020-05-03 13:58:07",5,179,3,2,5,14,3,4,1,3
1588514347,"2020-05-03 13:59:07",5,179,3,2,5,14,3,4,1,3
1588514407,"2020-05-03 14:00:07",5,181,3,2,4,14,3,4,1,3
1588514467,"2020-05-03 14:01:07",2,181,3,2,2,14,3,4,1,3
1588514527,"2020-05-03 14:02:07",2,181,3,2,2,14,3,4,1,3
1588514587,"2020-05-03 14:03:07",4,183,3,2,4,15,3,4,1,3
1588514647,"2020-05-03 14:04:07",2,180,5.94331,2,2,14,6,4,1,3
1588514707,"2020-05-03 14:05:07",1,181,11.77548,2,1,14,12,4,1,3
1588514767,"2020-05-03 14:06:07",3,184,3.9186952,2,3,15,4,4,1,3
1588514827,"2020-05-03 14:07:07",1,180,3,2,1,14,3,4,1,3
1588514887,"2020-05-03 14:08:07",2,181,46.413715,3.2753973,2,14,46,7,1,3
1588514947,"2020-05-03 14:09:07",1,177,22.704987,2,1,14,23,4,1,3
1588515007,"2020-05-03 14:10:07",2,182,3,2,2,15,3,4,1,3
1588515067,"2020-05-03 14:11:07",1,183,17.56575,2,1,15,18,4,1,3
1588515127,"2020-05-03 14:12:07",0,182,3,2,0,15,3,4,1,3
1588515187,"2020-05-03 14:13:07",0,183,70.97514,5.8337984,0,15,85,12,1,3
1588515247,"2020-05-03 14:14:07",0,182,27.17079,2,0,15,27,4,1,3
1588515307,"2020-05-03 14:15:07",0,181,3,2,0,14,3,4,1,3
1588515367,"2020-05-03 14:16:07",1,183,3,2,1,15,3,4,1,3
1588515427,"2020-05-03 14:17:07",0,186,3,2,0,15,3,4,1,3
1588515487,"2020-05-03 14:18:07",0,183,3,2,0,15,3,4,1,3
1588515547,"2020-05-03 14:19:07",0,183,3,2,0,15,3,4,1,3
1588515607,"2020-05-03 14:20:07",0,182,3,2,0,15,3,4,1,3
1588515667,"2020-05-03 14:21:07",0,181,3,2,0,14,3,4,1,3
1588515727,"2020-05-03 14:22:07",0,183,3,2,0,15,3,4,1,3
1588515787,"2020-05-03 14:23:07",0,183,3,2,0,15,3,4,1,3
1588515847,"2020-05-03 14:24:07",0,183,3,2,0,15,3,4,1,3
1588515907,"2020-05-03 14:25:07",0,183,3,2,0,15,3,4,1,3
1588515967,"2020-05-03 14:26:07",0,183,4.293889,2,0,15,4,4,1,3
1588516027,"2020-05-03 14:27:07",0,182,3,2,0,15,3,4,1,3
1588516087,"2020-05-03 14:28:07",0,182,3,2,0,15,3,4,1,3
1588516147,"2020-05-03 14:29:07",0,184,3,2,0,15,3,4,1,3
1588516207,"2020-05-03 14:30:07",0,183,3,2,0,15,3,4,1,3
1588516267,"2020-05-03 14:31:07",0,184,3,2,0,15,3,4,1,3
1588516327,"2020-05-03 14:32:07",1,181,3,2,1,14,3,4,1,3
1588516387,"2020-05-03 14:33:07",0,181,3,2,0,14,3,4,1,3
1588516447,"2020-05-03 14:34:07",0,182,3,2,0,15,3,4,1,3
1588516507,"2020-05-03 14:35:07",0,183,3,2,0,15,3,4,1,3
1588516567,"2020-05-03 14:36:07",0,181,9.9327755,2,0,14,10,4,1,3
1588516627,"2020-05-03 14:37:07",0,179,3,2,0,14,3,4,1,3
1588516687,"2020-05-03 14:38:07",2,181,3,2,2,14,3,4,1,3
1588516747,"2020-05-03 14:39:07",2,182,3,2,2,15,3,4,1,3
1588516807,"2020-05-03 14:40:07",2,182,3,2,2,15,3,4,1,3
1588516867,"2020-05-03 14:41:07",2,182,3,2,2,15,3,4,1,3
1588516927,"2020-05-03 14:42:07",0,183,4.922414,2,0,15,5,4,1,3
1588516987,"2020-05-03 14:43:07",1,181,3,2,1,14,3,4,1,3
1588517047,"2020-05-03 14:44:07",1,180,3,2,1,14,3,4,1,3
1588517107,"2020-05-03 14:45:07",2,182,8.767786,2,2,15,9,4,1,3
1588517167,"2020-05-03 14:46:07",1,181,3,2,1,14,3,4,1,3
1588517227,"2020-05-03 14:47:07",0,182,3,2,0,15,3,4,1,3
1588517287,"2020-05-03 14:48:07",1,182,3,2,1,15,3,4,1,3
1588517347,"2020-05-03 14:49:07",0,185,3,2,0,15,3,4,1,3
1588517407,"2020-05-03 14:50:07",0,180,3,2,0,14,3,4,1,3
1588517467,"2020-05-03 14:51:07",0,185,3,2,0,15,3,4,1,3
1588517527,"2020-05-03 14:52:07",1,184,3,2,1,15,3,4,1,3
1588517587,"2020-05-03 14:53:07",0,182,23.175596,2,0,15,23,4,1,3
1588517647,"2020-05-03 14:54:07",1,183,3,2,1,15,3,4,1,3
1588517707,"2020-05-03 14:55:07",1,181,3,2,1,14,3,4,1,3
1588517767,"2020-05-03 14:56:07",1,183,8.607346,2,1,15,9,4,1,3
1588517827,"2020-05-03 14:57:07",2,183,3,2,2,15,3,4,1,3
1588517887,"2020-05-03 14:58:07",2,184,3,2,2,15,3,4,1,3
1588517947,"2020-05-03 14:59:07",0,183,3,2,0,15,3,4,1,3
1588518007,"2020-05-03 15:00:07",0,187,3,2,0,15,3,4,1,3
1588518128,"2020-05-03 15:02:08",0,184,3,2,0,15,3,4,1,3
1588518187,"2020-05-03 15:03:07",0,184,3,2,0,15,3,4,1,3
1588518247,"2020-05-03 15:04:07",2,185,3,2,2,15,3,4,1,3
1588518307,"2020-05-03 15:05:07",1,182,3,2,1,15,3,4,1,3
1588518367,"2020-05-03 15:06:07",2,186,3,2,2,15,3,4,1,3
1588518428,"2020-05-03 15:07:08",0,186,3,2,0,15,3,4,1,3
1588518548,"2020-05-03 15:09:08",0,185,3,2,0,15,3,4,1,3
1588518608,"2020-05-03 15:10:08",0,186,3,2,0,15,3,4,1,3
1588518668,"2020-05-03 15:11:08",0,183,9.719709,2,0,15,10,4,1,3
1588518788,"2020-05-03 15:13:08",0,183,3,2,0,15,3,4,1,3
1588518848,"2020-05-03 15:14:08",0,187,3,2,0,15,3,4,1,3
1588518908,"2020-05-03 15:15:08",0,188,3,2,0,15,3,4,1,3
1588518968,"2020-05-03 15:16:08",0,186,13.709792,2,0,15,14,4,1,3
1588519028,"2020-05-03 15:17:08",0,188,3,2,0,15,3,4,1,3
1588519088,"2020-05-03 15:18:08",0,188,3,2,0,15,3,4,1,3
1588519208,"2020-05-03 15:20:08",0,0,3,2,0,0,3,4,1,3
1588519268,"2020-05-03 15:21:08",0,186,3,2,0,15,3,4,1,3
1588519328,"2020-05-03 15:22:08",0,187,3,2,0,15,3,4,1,3
1588519388,"2020-05-03 15:23:08",0,187,3,2,0,15,3,4,1,3
1588519448,"2020-05-03 15:24:08",0,188,9.431482,2,0,15,9,4,1,3
1588519508,"2020-05-03 15:25:08",0,191,3,2,0,15,3,4,1,3
1588519568,"2020-05-03 15:26:08",0,183,3,2,0,15,3,4,1,3
1588519628,"2020-05-03 15:27:08",0,185,3,2,0,15,3,4,1,3
1588519688,"2020-05-03 15:28:08",0,181,3,2,0,14,3,4,1,3
1588519748,"2020-05-03 15:29:08",0,185,3,2,0,15,3,4,1,3
1588519808,"2020-05-03 15:30:08",0,185,3,2,0,15,3,4,1,3
1588519868,"2020-05-03 15:31:08",0,181,32.52445,2.7969255,0,14,33,6,1,3
1588519928,"2020-05-03 15:32:08",0,182,3,2,0,15,3,4,1,3
1588519988,"2020-05-03 15:33:08",0,184,3,2,0,15,3,4,1,3
1588520048,"2020-05-03 15:34:08",0,182,3,2,0,15,3,4,1,3
1588520108,"2020-05-03 15:35:08",0,183,4.905426,2,0,15,5,4,1,3
1588520168,"2020-05-03 15:36:08",0,184,3,2,0,15,3,4,1,3
1588520228,"2020-05-03 15:37:08",0,182,3,2,0,15,3,4,1,3
1588520288,"2020-05-03 15:38:08",0,184,3,2,0,15,3,4,1,3
1588520348,"2020-05-03 15:39:08",0,181,24.26294,2,0,14,24,4,1,3
1588520408,"2020-05-03 15:40:08",0,184,6.6566753,2,0,15,7,4,1,3
1588520468,"2020-05-03 15:41:08",0,186,3,2,0,15,3,4,1,3
1588520528,"2020-05-03 15:42:08",0,184,3,2,0,15,3,4,1,3
1588520588,"2020-05-03 15:43:08",0,183,5.8885183,2,0,15,6,4,1,3
1588520648,"2020-05-03 15:44:08",0,184,3,2,0,15,3,4,1,3
1588520708,"2020-05-03 15:45:08",0,185,3,2,0,15,3,4,1,3
1588520768,"2020-05-03 15:46:08",0,187,3,2,0,15,3,4,1,3
1588520828,"2020-05-03 15:47:08",0,185,3,2,0,15,3,4,1,3
1588520888,"2020-05-03 15:48:08",0,185,3.7253308,2.1800547,0,15,4,4,1,3
1588520948,"2020-05-03 15:49:08",0,185,3,2,0,15,3,4,1,3
1588521008,"2020-05-03 15:50:08",0,184,3,2,0,15,3,4,1,3
1588521068,"2020-05-03 15:51:08",0,184,3,2,0,15,3,4,1,3
1588521128,"2020-05-03 15:52:08",0,187,3,2,0,15,3,4,1,3
1588521188,"2020-05-03 15:53:08",0,187,3,2,0,15,3,4,1,3
1588521248,"2020-05-03 15:54:08",0,189,5.8058186,2,0,15,6,4,1,3
1588521368,"2020-05-03 15:56:08",0,184,11.847789,2.3135357,0,15,12,5,1,3
1588521428,"2020-05-03 15:57:08",0,185,3,2,0,15,3,4,1,3
1588521488,"2020-05-03 15:58:08",0,189,3,2,0,15,3,4,1,3
1588521548,"2020-05-03 15:59:08",0,0,3,2,0,0,3,4,1,3
1588521608,"2020-05-03 16:00:08",0,187,4.958688,2,0,15,5,4,1,3
1588521668,"2020-05-03 16:01:08",0,186,41.313343,4.4988213,0,15,41,9,1,3
1588521728,"2020-05-03 16:02:08",0,188,17.766027,2,0,15,18,4,1,3
1588521788,"2020-05-03 16:03:08",0,186,32.096317,2,0,15,32,4,1,3
1588521848,"2020-05-03 16:04:08",0,184,22.072193,2.161642,0,15,22,4,1,3
1588521908,"2020-05-03 16:05:08",0,187,26.759201,2.7465162,0,15,27,5,1,3
1588521968,"2020-05-03 16:06:08",0,184,26.98972,2.3929787,0,15,27,5,1,3
1588522028,"2020-05-03 16:07:08",0,186,3,2,0,15,3,4,1,3
1588522088,"2020-05-03 16:08:08",0,185,3,2,0,15,3,4,1,3
1588522148,"2020-05-03 16:09:08",0,188,12.143442,2,0,15,12,4,1,3
1588522208,"2020-05-03 16:10:08",0,186,29.819096,2,0,15,30,4,1,3
1588522268,"2020-05-03 16:11:08",0,182,46.968422,3.285449,0,15,47,7,1,3
1588522328,"2020-05-03 16:12:08",0,181,6.932791,2,0,14,7,4,1,3
1588522388,"2020-05-03 16:13:08",0,184,27.250206,3.915349,0,15,27,8,1,3
1588522448,"2020-05-03 16:14:08",0,183,3,2,0,15,3,4,1,3
1588522508,"2020-05-03 16:15:08",0,184,3,2,0,15,3,4,1,3
1588522568,"2020-05-03 16:16:08",0,184,28.181812,2.6979904,0,15,28,5,1,3
1588522628,"2020-05-03 16:17:08",0,186,48.934868,5.920572,0,15,49,12,1,3
1588522688,"2020-05-03 16:18:08",0,187,3,2,0,15,3,4,1,3
1588522748,"2020-05-03 16:19:08",0,187,15.777314,2.1625109,0,15,16,4,1,3
1588522808,"2020-05-03 16:20:08",0,187,3,2,0,15,3,4,1,3
1588522868,"2020-05-03 16:21:08",0,187,3,2,0,15,3,4,1,3
1588522928,"2020-05-03 16:22:08",0,186,3,2,0,15,3,4,1,3
1588522988,"2020-05-03 16:23:08",1,184,3,2,1,15,3,4,1,3
1588523048,"2020-05-03 16:24:08",0,187,28.109642,2.2093172,0,15,28,4,1,3
1588523108,"2020-05-03 16:25:08",0,188,3,2,0,15,3,4,1,3
1588523168,"2020-05-03 16:26:08",0,186,4.4962244,2,0,15,4,4,1,3
1588523228,"2020-05-03 16:27:08",0,187,3,2,0,15,3,4,1,3
1588523288,"2020-05-03 16:28:08",0,195,3,2,0,16,3,4,1,3
1588523348,"2020-05-03 16:29:08",0,191,6.754557,2,0,15,7,4,1,3
1588523408,"2020-05-03 16:30:08",0,191,3,2,0,15,3,4,1,3
1588523468,"2020-05-03 16:31:08",0,191,7.2556486,2,0,15,7,4,1,3
1588523528,"2020-05-03 16:32:08",0,192,6.5015283,2,0,15,7,4,1,3
1588523588,"2020-05-03 16:33:08",0,191,3,2,0,15,3,4,1,3
1588523648,"2020-05-03 16:34:08",0,192,3,2,0,15,3,4,1,3
1588523708,"2020-05-03 16:35:08",0,192,3,2,0,15,3,4,1,3
1588523768,"2020-05-03 16:36:08",0,188,15.107525,2,0,15,15,4,1,3
1588523828,"2020-05-03 16:37:08",0,189,5.9997377,2,0,15,6,4,1,3
1588523888,"2020-05-03 16:38:08",0,187,3,2,0,15,3,4,1,3
1588524188,"2020-05-03 16:43:08",0,185,3,2,0,15,3,4,1,3
1588524248,"2020-05-03 16:44:08",0,185,11.627402,2,0,15,12,4,1,3
1588524308,"2020-05-03 16:45:08",0,188,3,2,0,15,3,4,1,3
1588524368,"2020-05-03 16:46:08",0,188,20.794355,2,0,15,21,4,1,3
1588524428,"2020-05-03 16:47:08",0,188,49.577244,3.6164064,0,15,50,7,1,3
1588524488,"2020-05-03 16:48:08",0,184,3,2,0,15,3,4,1,3
1588524548,"2020-05-03 16:49:08",0,189,3,2,0,15,3,4,1,3
1588524608,"2020-05-03 16:50:08",0,185,3,2,0,15,3,4,1,3
1588524668,"2020-05-03 16:51:08",0,189,3.4506547,2,0,15,3,4,1,3
1588524728,"2020-05-03 16:52:08",0,185,3,2,0,15,3,4,1,3
1588524788,"2020-05-03 16:53:08",0,179,8.914341,2,0,14,9,4,1,3
1588524848,"2020-05-03 16:54:08",0,183,6.3896794,2,0,15,6,4,1,3
1588524908,"2020-05-03 16:55:08",0,185,4.7271852,2,0,15,5,4,1,3
1588524968,"2020-05-03 16:56:08",0,185,24.455185,2,0,15,24,4,1,3
1588525028,"2020-05-03 16:57:08",0,186,3,2,0,15,3,4,1,3
1588525088,"2020-05-03 16:58:08",0,182,3,2,0,15,3,4,1,3
1588525148,"2020-05-03 16:59:08",0,185,8.594077,2,0,15,9,4,1,3
1588525208,"2020-05-03 17:00:08",0,186,3,2,0,15,3,4,1,3
1588525268,"2020-05-03 17:01:08",0,183,25.792852,2,0,15,26,4,1,3
1588525328,"2020-05-03 17:02:08",0,180,3,2,0,14,3,4,1,3
1588525388,"2020-05-03 17:03:08",0,184,3,2,0,15,3,4,1,3
1588525448,"2020-05-03 17:04:08",0,182,3,2,0,15,3,4,1,3
1588525508,"2020-05-03 17:05:08",0,182,3,2,0,15,3,4,1,3
1588525568,"2020-05-03 17:06:08",0,186,26.891472,2.730916,0,15,27,5,1,3
1588525628,"2020-05-03 17:07:08",0,183,8.263805,2,0,15,8,4,1,3
1588525688,"2020-05-03 17:08:08",0,182,3.9823236,2,0,15,4,4,1,3
1588525748,"2020-05-03 17:09:08",0,184,3,2,0,15,3,4,1,3
1588525808,"2020-05-03 17:10:08",0,179,6.305985,2,0,14,6,4,1,3
1588525868,"2020-05-03 17:11:08",0,181,4.923774,2,0,14,5,4,1,3
1588525928,"2020-05-03 17:12:08",0,179,3,2,0,14,3,4,1,3
1588525988,"2020-05-03 17:13:08",0,178,18.735304,2,0,14,19,4,1,3
1588526048,"2020-05-03 17:14:08",0,180,3,2,0,14,3,4,1,3
1588526108,"2020-05-03 17:15:08",0,181,25.343796,2,0,14,25,4,1,3
1588526168,"2020-05-03 17:16:08",0,178,3,2,0,14,3,4,1,3
1588526228,"2020-05-03 17:17:08",0,176,3,2,0,14,3,4,1,3
1588526288,"2020-05-03 17:18:08",0,180,3,2,0,14,3,4,1,3
1588526348,"2020-05-03 17:19:08",0,180,3,2,0,14,3,4,1,3
1588526408,"2020-05-03 17:20:08",0,180,3,2,0,14,3,4,1,3
1588526468,"2020-05-03 17:21:08",0,180,6.9025855,2,0,14,7,4,1,3
1588526528,"2020-05-03 17:22:08",0,180,15.51823,2,0,14,16,4,1,3
1588526588,"2020-05-03 17:23:08",0,177,21.996746,2,0,14,22,4,1,3
1588526648,"2020-05-03 17:24:08",0,178,3,2,0,14,3,4,1,3
1588526708,"2020-05-03 17:25:08",0,178,3,2,0,14,3,4,1,3
1588526768,"2020-05-03 17:26:08",0,178,3,2,0,14,3,4,1,3
1588526828,"2020-05-03 17:27:08",0,183,3,2,0,15,3,4,1,3
1588526888,"2020-05-03 17:28:08",0,181,3,2,0,14,3,4,1,3
1588526948,"2020-05-03 17:29:08",0,179,8.556904,2,0,14,9,4,1,3
1588527008,"2020-05-03 17:30:08",0,182,3,2,0,15,3,4,1,3
1588527068,"2020-05-03 17:31:08",0,184,8.80134,2,0,15,9,4,1,3
1588527128,"2020-05-03 17:32:08",0,181,3,2,0,14,3,4,1,3
1588527188,"2020-05-03 17:33:08",0,178,3.501632,2,0,14,4,4,1,3
1588527248,"2020-05-03 17:34:08",0,179,3,2,0,14,3,4,1,3
1588527308,"2020-05-03 17:35:08",0,180,7.949401,2,0,14,8,4,1,3
1588527368,"2020-05-03 17:36:08",0,181,3,2,0,14,3,4,1,3
1588527428,"2020-05-03 17:37:08",0,175,3,2,0,14,3,4,1,3
1588527488,"2020-05-03 17:38:08",0,177,3,2,0,14,3,4,1,3
1588527548,"2020-05-03 17:39:08",0,178,42.033943,2.976674,0,14,42,6,1,3
1588527608,"2020-05-03 17:40:08",0,180,8.714756,2,0,14,9,4,1,3
1588527668,"2020-05-03 17:41:08",0,173,3,2,0,14,3,4,1,3
1588527728,"2020-05-03 17:42:08",0,175,3,2,0,14,3,4,1,3
1588527788,"2020-05-03 17:43:08",0,172,6.446869,2,0,14,6,4,1,3
1588527848,"2020-05-03 17:44:08",0,176,3,2,0,14,3,4,1,3
1588527908,"2020-05-03 17:45:08",0,179,29.737421,2.3024445,0,14,30,5,1,3
1588527968,"2020-05-03 17:46:08",0,181,3,2,0,14,3,4,1,3
1588528028,"2020-05-03 17:47:08",0,178,3,2,0,14,3,4,1,3
1588528088,"2020-05-03 17:48:08",0,180,3,2,0,14,3,4,1,3
1588528148,"2020-05-03 17:49:08",0,179,3,2,0,14,3,4,1,3
1588528208,"2020-05-03 17:50:08",0,178,4.923528,2,0,14,5,4,1,3
1588528268,"2020-05-03 17:51:08",0,180,30.043282,3.208784,0,14,30,6,1,3
1588528328,"2020-05-03 17:52:08",0,184,3,2,0,15,3,4,1,3
1588528388,"2020-05-03 17:53:08",0,181,3,2,0,14,3,4,1,3
1588528448,"2020-05-03 17:54:08",0,182,18.474218,2,0,15,18,4,1,3
1588528508,"2020-05-03 17:55:08",0,183,20.917742,2,0,15,21,4,1,3
1588528568,"2020-05-03 17:56:08",0,181,3.777043,2,0,14,4,4,1,3
1588528628,"2020-05-03 17:57:08",1,183,3,2,1,15,3,4,1,3
1588528688,"2020-05-03 17:58:08",0,185,16.80628,2,0,15,17,4,1,3
1588528748,"2020-05-03 17:59:08",0,184,3,2,0,15,3,4,1,3
1588528808,"2020-05-03 18:00:08",0,182,29.07598,3.5337105,0,15,29,7,1,3
1588528868,"2020-05-03 18:01:08",0,183,3,2,0,15,3,4,1,3
1588528928,"2020-05-03 18:02:08",0,189,22.745522,2,0,15,23,4,1,3
1588528988,"2020-05-03 18:03:08",0,188,20.659367,2.1567497,0,15,21,4,1,3
1588529048,"2020-05-03 18:04:08",0,187,3,2,0,15,3,4,1,3
1588529108,"2020-05-03 18:05:08",0,185,3,2,0,15,3,4,1,3
1588529168,"2020-05-03 18:06:08",0,191,28.14694,2,0,15,28,4,1,3
1588529228,"2020-05-03 18:07:08",0,185,5.9638863,2,0,15,6,4,1,3
1588529288,"2020-05-03 18:08:08",0,184,12.377004,2,0,15,12,4,1,3
1588529348,"2020-05-03 18:09:08",0,183,3,2,0,15,3,4,1,3
1588529408,"2020-05-03 18:10:08",0,182,41.921993,3.0040693,0,15,42,6,1,3
1588529468,"2020-05-03 18:11:08",0,179,20.759886,2.7053757,0,14,21,5,1,3
1588529528,"2020-05-03 18:12:08",0,181,3,2,0,14,3,4,1,3
1588529588,"2020-05-03 18:13:08",0,182,24.11442,2,0,15,24,4,1,3
1588529648,"2020-05-03 18:14:08",0,182,9.176654,2,0,15,9,4,1,3
1588529708,"2020-05-03 18:15:08",0,182,62.804226,4.7042227,0,15,71,9,1,3
1588529768,"2020-05-03 18:16:08",0,179,3,2,0,14,3,4,1,3
1588529888,"2020-05-03 18:18:08",0,182,3,2,0,15,3,4,1,3
1588529948,"2020-05-03 18:19:08",0,179,22.35903,2,0,14,22,4,1,3
1588530008,"2020-05-03 18:20:08",0,183,3,2,0,15,3,4,1,3
1588530068,"2020-05-03 18:21:08",0,0,4.4553366,2,0,0,4,4,1,3
1588530128,"2020-05-03 18:22:08",0,184,3,2,0,15,3,4,1,3
1588530188,"2020-05-03 18:23:08",0,179,3,2,0,14,3,4,1,3
1588530248,"2020-05-03 18:24:08",0,184,3,2,0,15,3,4,1,3
1588530308,"2020-05-03 18:25:08",0,184,3,2,0,15,3,4,1,3
1588530368,"2020-05-03 18:26:08",0,180,5.0155945,2,0,14,5,4,1,3
1588530428,"2020-05-03 18:27:08",0,183,3,2,0,15,3,4,1,3
1588530488,"2020-05-03 18:28:08",0,179,3,2,0,14,3,4,1,3
1588530548,"2020-05-03 18:29:08",0,179,3,2,0,14,3,4,1,3
1588530608,"2020-05-03 18:30:08",0,176,3,2,0,14,3,4,1,3
1588530668,"2020-05-03 18:31:08",0,179,5.5889435,2,0,14,6,4,1,3
1588530728,"2020-05-03 18:32:08",0,170,3,2,0,14,3,4,1,3
1588530788,"2020-05-03 18:33:08",0,173,3,2,0,14,3,4,1,3
1588530848,"2020-05-03 18:34:08",2,171,28.165897,2.323102,2,14,28,5,1,3
1588530908,"2020-05-03 18:35:08",0,172,3,2,0,14,3,4,1,3
1588530968,"2020-05-03 18:36:08",2,172,3,2,2,14,3,4,1,3
1588531028,"2020-05-03 18:37:08",2,172,14.797804,2,2,14,15,4,1,3
1588531088,"2020-05-03 18:38:08",3,172,38.364845,2.9805927,3,14,38,6,1,3
1588531148,"2020-05-03 18:39:08",1,170,22.302677,2,1,14,22,4,1,3
1588531208,"2020-05-03 18:40:08",0,171,3,2,0,14,3,4,1,3
1588531268,"2020-05-03 18:41:08",2,172,3,2,2,14,3,4,1,3
1588531328,"2020-05-03 18:42:08",1,171,3,2,1,14,3,4,1,3
1588531388,"2020-05-03 18:43:08",4,168,21.848602,2.5023174,3,13,22,5,1,3
1588531448,"2020-05-03 18:44:08",4,169,3,2,3,14,3,4,1,3
1588531508,"2020-05-03 18:45:08",3,167,4.796088,2,3,13,5,4,1,3
1588531568,"2020-05-03 18:46:08",3,169,3,2,3,14,3,4,1,3
1588531628,"2020-05-03 18:47:08",4,167,3,2,3,13,3,4,1,3
1588531688,"2020-05-03 18:48:08",2,169,3,2,2,14,3,4,1,3
1588531748,"2020-05-03 18:49:08",4,167,14.302049,2.5385475,3,13,14,5,1,3
1588531808,"2020-05-03 18:50:08",1,168,3,2,1,13,3,4,1,3
1588531868,"2020-05-03 18:51:08",4,170,3,2,3,14,3,4,1,3
1588531928,"2020-05-03 18:52:08",1,170,3,2,1,14,3,4,1,3
1588531988,"2020-05-03 18:53:08",4,168,3,2,3,13,3,4,1,3
1588532048,"2020-05-03 18:54:08",4,170,3,2,3,14,3,4,1,3
1588532108,"2020-05-03 18:55:08",3,167,3,2,3,13,3,4,1,3
1588532168,"2020-05-03 18:56:08",3,171,3,2,3,14,3,4,1,3
1588532228,"2020-05-03 18:57:08",3,172,3,2,3,14,3,4,1,3
1588532288,"2020-05-03 18:58:08",4,172,3,2,3,14,3,4,1,3
1588532348,"2020-05-03 18:59:08",4,170,3,2,3,14,3,4,1,3
1588532408,"2020-05-03 19:00:08",1,173,3,2,1,14,3,4,1,3
1588532468,"2020-05-03 19:01:08",3,173,3,2,3,14,3,4,1,3
1588532528,"2020-05-03 19:02:08",4,172,3,2,3,14,3,4,1,3
1588532588,"2020-05-03 19:03:08",1,169,19.854893,2.0640306,1,14,20,4,1,3
1588532648,"2020-05-03 19:04:08",2,170,3,2,2,14,3,4,1,3
1588532708,"2020-05-03 19:05:08",2,169,3,2,2,14,3,4,1,3
1588532768,"2020-05-03 19:06:08",2,171,3,2,2,14,3,4,1,3
1588532828,"2020-05-03 19:07:08",0,171,3,2,0,14,3,4,1,3
1588532888,"2020-05-03 19:08:08",2,170,3,2,2,14,3,4,1,3
1588532948,"2020-05-03 19:09:08",2,167,3,2,2,13,3,4,1,3
1588533008,"2020-05-03 19:10:08",2,168,56.243275,4.249259,2,13,60,8,1,3
1588533068,"2020-05-03 19:11:08",4,168,3,2,3,13,3,4,1,3
1588533128,"2020-05-03 19:12:08",4,168,17.399841,2,3,13,17,4,1,3
1588533188,"2020-05-03 19:13:08",3,168,3,2,3,13,3,4,1,3
1588533248,"2020-05-03 19:14:08",1,168,3,2,1,13,3,4,1,3
1588533308,"2020-05-03 19:15:08",2,172,42.581882,2.5587492,2,14,43,5,1,3
1588533368,"2020-05-03 19:16:08",1,173,19.481236,2,1,14,19,4,1,3
1588533428,"2020-05-03 19:17:08",1,169,3,2,1,14,3,4,1,3
1588533488,"2020-05-03 19:18:08",2,173,7.525244,2,2,14,8,4,1,3
1588533548,"2020-05-03 19:19:08",1,174,19.471504,2,1,14,19,4,1,3
1588533608,"2020-05-03 19:20:08",1,173,3,2,1,14,3,4,1,3
1588533668,"2020-05-03 19:21:08",2,169,12.247776,2,2,14,12,4,1,3
1588533728,"2020-05-03 19:22:08",4,170,3,2,3,14,3,4,1,3
1588533788,"2020-05-03 19:23:08",2,167,3,2,2,13,3,4,1,3
1588533848,"2020-05-03 19:24:08",2,170,3,2,2,14,3,4,1,3
1588533908,"2020-05-03 19:25:08",3,172,3,2,3,14,3,4,1,3
1588533968,"2020-05-03 19:26:08",4,171,22.577976,2,4,14,23,4,1,3
1588534028,"2020-05-03 19:27:08",4,168,5.6063347,2,4,13,6,4,1,3
1588534088,"2020-05-03 19:28:08",3,170,3,2,3,14,3,4,1,3
1588534148,"2020-05-03 19:29:08",4,169,21.640396,2,4,14,22,4,1,3
1588534208,"2020-05-03 19:30:08",6,172,3,2,6,14,3,4,1,3
1588534268,"2020-05-03 19:31:08",5,165,3,2,5,13,3,4,1,3
1588534328,"2020-05-03 19:32:08",5,167,37.775513,3.039133,5,13,38,6,1,3
1588534388,"2020-05-03 19:33:08",5,172,3,2,5,14,3,4,1,3
1588534448,"2020-05-03 19:34:08",3,168,3,2,3,13,3,4,1,3
1588534508,"2020-05-03 19:35:08",3,170,3,2,3,14,3,4,1,3
1588534568,"2020-05-03 19:36:08",5,170,27.90595,2.2549229,5,14,28,5,1,3
1588534628,"2020-05-03 19:37:08",5,169,3,2,5,14,3,4,1,3
1588534688,"2020-05-03 19:38:08",6,169,3,2,6,14,3,4,1,3
1588534748,"2020-05-03 19:39:08",6,168,3,2,6,13,3,4,1,3
1588534808,"2020-05-03 19:40:08",5,171,3,2,5,14,3,4,1,3
1588534868,"2020-05-03 19:41:08",6,171,3,2,6,14,3,4,1,3
1588534928,"2020-05-03 19:42:08",5,172,6.550548,2,5,14,7,4,1,3
1588534988,"2020-05-03 19:43:08",4,169,3,2,4,14,3,4,1,3
1588535048,"2020-05-03 19:44:08",5,167,7.420514,2,5,13,7,4,1,3
1588535108,"2020-05-03 19:45:08",5,171,3,2,5,14,3,4,1,3
1588535168,"2020-05-03 19:46:08",5,172,55.586826,3.9933395,5,14,59,8,1,3
1588535228,"2020-05-03 19:47:08",6,171,3,2,6,14,3,4,1,3
1588535288,"2020-05-03 19:48:08",7,168,3,2,7,13,3,4,1,3
1588535348,"2020-05-03 19:49:08",7,169,3,2,7,14,3,4,1,3
1588535408,"2020-05-03 19:50:08",7,168,3,2,7,13,3,4,1,3
1588535468,"2020-05-03 19:51:08",9,169,3,2,8,14,3,4,1,3
1588535528,"2020-05-03 19:52:08",9,170,3,2,8,14,3,4,1,3
1588535588,"2020-05-03 19:53:08",8,170,3,2,7,14,3,4,1,3
1588535648,"2020-05-03 19:54:08",7,169,3,2,7,14,3,4,1,3
1588535708,"2020-05-03 19:55:08",6,173,3,2,6,14,3,4,1,3
1588535768,"2020-05-03 19:56:08",6,171,3,2,6,14,3,4,1,3
1588535828,"2020-05-03 19:57:08",5,171,3,2,5,14,3,4,1,3
1588535888,"2020-05-03 19:58:08",6,171,3,2,6,14,3,4,1,3
1588535948,"2020-05-03 19:59:08",6,173,3,2,6,14,3,4,1,3
1588536008,"2020-05-03 20:00:08",8,174,27.518602,2,7,14,28,4,1,3
1588536068,"2020-05-03 20:01:08",9,173,3,2,8,14,3,4,1,3
1588536128,"2020-05-03 20:02:08",8,175,10.381613,2,7,14,10,4,1,3
1588536188,"2020-05-03 20:03:08",7,172,14.872749,2,7,14,15,4,1,3
1588536248,"2020-05-03 20:04:08",8,170,3,2,7,14,3,4,1,3
1588536308,"2020-05-03 20:05:08",7,173,3,2,7,14,3,4,1,3
1588536368,"2020-05-03 20:06:08",6,174,3,2,6,14,3,4,1,3
1588536428,"2020-05-03 20:07:08",7,173,17.391375,2,7,14,17,4,1,3
1588536488,"2020-05-03 20:08:08",7,174,50.395283,3.4463243,7,14,51,7,1,3
1588537148,"2020-05-03 20:19:08",8,173,5.317504,2,7,14,5,4,1,3
1588537208,"2020-05-03 20:20:08",7,172,11.855386,2,7,14,12,4,1,3
1588537268,"2020-05-03 20:21:08",8,172,12.566687,2,7,14,13,4,1,3
1588537328,"2020-05-03 20:22:08",10,175,3,2,9,14,3,4,1,3
1588537388,"2020-05-03 20:23:08",11,172,3,2,10,14,3,4,1,3
1588537448,"2020-05-03 20:24:08",12,172,3,2,12,14,3,4,1,3
1588537508,"2020-05-03 20:25:08",12,173,3,2,12,14,3,4,1,3
1588537568,"2020-05-03 20:26:08",11,173,3,2,11,14,3,4,1,3
1588537628,"2020-05-03 20:27:08",11,177,3,2,10,14,3,4,1,3
1588537688,"2020-05-03 20:28:08",11,172,3,2,11,14,3,4,1,3
1588537748,"2020-05-03 20:29:08",11,176,3,2,10,14,3,4,1,3
1588537808,"2020-05-03 20:30:08",11,170,3,2,11,14,3,4,1,3
1588537868,"2020-05-03 20:31:08",8,172,3,2,7,14,3,4,1,3
1588537928,"2020-05-03 20:32:08",10,171,32.1324,2,9,14,32,4,1,3
1588537988,"2020-05-03 20:33:08",11,169,58.231117,2.479145,11,14,64,5,1,3
1588538048,"2020-05-03 20:34:08",11,174,11.729734,2,10,14,12,4,1,3
1588538108,"2020-05-03 20:35:08",10,173,3.0416608,2,9,14,3,4,1,3
1588538168,"2020-05-03 20:36:08",11,172,17.278133,2,10,14,17,4,1,3
1588538228,"2020-05-03 20:37:08",11,173,3,2,10,14,3,4,1,3
1588538348,"2020-05-03 20:39:08",13,172,3,2,12,14,3,4,1,3
1588538408,"2020-05-03 20:40:08",11,172,3,2,11,14,3,4,1,3
1588538468,"2020-05-03 20:41:08",11,173,3,2,11,14,3,4,1,3
1588538528,"2020-05-03 20:42:08",11,174,8.162921,2,11,14,8,4,1,3
1588538588,"2020-05-03 20:43:08",12,0,3,2,12,0,3,4,1,3
1588538648,"2020-05-03 20:44:08",11,172,33.873516,2.2597752,10,14,34,5,1,3
1588538708,"2020-05-03 20:45:08",13,171,3,2,12,14,3,4,1,3
1588538768,"2020-05-03 20:46:08",11,171,3,2,11,14,3,4,1,3
1588538828,"2020-05-03 20:47:08",12,174,43.649807,2.8262243,12,14,44,6,1,3
1588538888,"2020-05-03 20:48:08",13,168,15.077778,2,12,13,15,4,1,3
1588538948,"2020-05-03 20:49:08",13,170,3,2,12,14,3,4,1,3
1588539008,"2020-05-03 20:50:08",14,168,3,2,13,13,3,4,1,3
1588539068,"2020-05-03 20:51:08",12,169,3,2,12,14,3,4,1,3
1588539128,"2020-05-03 20:52:08",12,171,3,2,12,14,3,4,1,3
1588539188,"2020-05-03 20:53:08",0,168,13.251866,2,0,13,13,4,1,3
1588539248,"2020-05-03 20:54:08",12,168,3,2,11,13,3,4,1,3
1588539308,"2020-05-03 20:55:08",12,172,38.963173,2.1123514,12,14,39,4,1,3
1588539368,"2020-05-03 20:56:08",12,168,3,2,12,13,3,4,1,3
1588539428,"2020-05-03 20:57:08",0,167,3,2,0,13,3,4,1,3
1588539488,"2020-05-03 20:58:08",14,167,3,2,13,13,3,4,1,3
1588539548,"2020-05-03 20:59:08",14,170,3,2,13,14,3,4,1,3
1588539608,"2020-05-03 21:00:08",14,164,3,2,13,13,3,4,1,3
1588539668,"2020-05-03 21:01:08",14,167,36.975494,2,13,13,37,4,1,3
1588539728,"2020-05-03 21:02:08",13,168,3.229588,2,12,13,3,4,1,3
1588539788,"2020-05-03 21:03:08",15,166,3,2,14,13,3,4,1,3
1588539848,"2020-05-03 21:04:08",12,166,34.091377,2.5450935,12,13,34,5,1,3
1588539908,"2020-05-03 21:05:08",13,168,3,2,12,13,3,4,1,3
1588539968,"2020-05-03 21:06:08",14,164,3,2,13,13,3,4,1,3
1588540028,"2020-05-03 21:07:08",14,167,3,2,13,13,3,4,1,3
1588540508,"2020-05-03 21:15:08",12,171,3,2,12,14,3,4,1,3
1588540568,"2020-05-03 21:16:08",12,172,3,2,12,14,3,4,1,3
1588540628,"2020-05-03 21:17:08",10,174,3,2,9,14,3,4,1,3
1588540688,"2020-05-03 21:18:08",11,173,3,2,10,14,3,4,1,3
1588540748,"2020-05-03 21:19:08",11,174,3,2,10,14,3,4,1,3
1588540808,"2020-05-03 21:20:08",11,176,3,2,11,14,3,4,1,3
1588540868,"2020-05-03 21:21:08",9,175,3,2,8,14,3,4,1,3
1588540928,"2020-05-03 21:22:08",11,179,3,2,10,14,3,4,1,3
1588540988,"2020-05-03 21:23:08",10,178,3,2,9,14,3,4,1,3
1588541048,"2020-05-03 21:24:08",9,176,14.674386,2,9,14,15,4,1,3
1588541108,"2020-05-03 21:25:08",11,177,3,2,10,14,3,4,1,3
1588541168,"2020-05-03 21:26:08",9,175,11.887437,2,9,14,12,4,1,3
1588541228,"2020-05-03 21:27:08",11,176,54.60494,3.9699173,10,14,58,8,1,3
1588541288,"2020-05-03 21:28:08",8,178,4.5822415,2,8,14,5,4,1,3
1588541348,"2020-05-03 21:29:08",8,176,38.302643,2,8,14,38,4,1,3
1588541408,"2020-05-03 21:30:08",9,174,3,2,9,14,3,4,1,3
1588541468,"2020-05-03 21:31:08",9,176,16.02697,2,9,14,16,4,1,3
1588541528,"2020-05-03 21:32:08",9,173,3,2,9,14,3,4,1,3
1588541588,"2020-05-03 21:33:08",7,176,6.0567513,2,6,14,6,4,1,3
1588541648,"2020-05-03 21:34:08",11,176,11.255198,2,10,14,11,4,1,3
1588541708,"2020-05-03 21:35:08",8,175,3,2,8,14,3,4,1,3
1588541768,"2020-05-03 21:36:08",8,172,3,2,8,14,3,4,1,3
1588541828,"2020-05-03 21:37:08",8,175,39.106583,2.2724524,8,14,39,5,1,3
1588541888,"2020-05-03 21:38:08",8,170,3,2,8,14,3,4,1,3
1588541948,"2020-05-03 21:39:08",11,172,21.870049,2,10,14,22,4,1,3
1588542008,"2020-05-03 21:40:08",8,171,4.6891994,2,8,14,5,4,1,3
1588542068,"2020-05-03 21:41:08",9,172,3,2,9,14,3,4,1,3
1588542128,"2020-05-03 21:42:08",10,172,3,2,10,14,3,4,1,3
1588542188,"2020-05-03 21:43:08",9,170,3,2,9,14,3,4,1,3
1588542248,"2020-05-03 21:44:08",9,173,3,2,9,14,3,4,1,3
1588542308,"2020-05-03 21:45:08",11,171,10.306491,2,10,14,10,4,1,3
1588542368,"2020-05-03 21:46:08",9,170,3,2,9,14,3,4,1,3
1588542428,"2020-05-03 21:47:08",8,171,7.778594,2,7,14,8,4,1,3
1588542488,"2020-05-03 21:48:08",8,170,3,2,8,14,3,4,1,3
1588542548,"2020-05-03 21:49:08",9,171,11.050767,2,9,14,11,4,1,3
1588542608,"2020-05-03 21:50:08",9,172,16.786339,2,9,14,17,4,1,3
1588542668,"2020-05-03 21:51:08",8,168,13.870201,2,8,13,14,4,1,3
1588542728,"2020-05-03 21:52:08",8,169,3,2,8,14,3,4,1,3
1588542788,"2020-05-03 21:53:08",9,169,52.45513,4.5915813,9,14,54,9,1,3
1588542848,"2020-05-03 21:54:08",9,167,3,2,9,13,3,4,1,3
1588542908,"2020-05-03 21:55:08",12,169,3,2,11,14,3,4,1,3
1588542968,"2020-05-03 21:56:08",11,170,3,2,10,14,3,4,1,3
1588543028,"2020-05-03 21:57:08",11,168,3,2,10,13,3,4,1,3
1588543088,"2020-05-03 21:58:08",12,168,3,2,11,13,3,4,1,3
1588543148,"2020-05-03 21:59:08",13,168,5.0022125,2,12,13,5,4,1,3
1588543208,"2020-05-03 22:00:08",11,169,3,2,10,14,3,4,1,3
1588543268,"2020-05-03 22:01:08",13,166,3,2,12,13,3,4,1,3
1588543328,"2020-05-03 22:02:08",14,166,3,2,13,13,3,4,1,3
1588543808,"2020-05-03 22:10:08",0,0,15.147575,2,0,0,15,4,1,3
1588543868,"2020-05-03 22:11:08",12,165,3.9631326,2,11,13,4,4,1,3
1588543928,"2020-05-03 22:12:08",11,164,64.70977,4.8913746,10,13,75,10,1,3
1588543988,"2020-05-03 22:13:08",12,164,22.34383,2.0358095,11,13,22,4,1,3
1588544048,"2020-05-03 22:14:08",13,166,3.8226702,2,12,13,4,4,1,3
1588544108,"2020-05-03 22:15:08",13,161,102.165,7.308917,12,13,114,15,1,3
1588544168,"2020-05-03 22:16:08",12,163,33.583878,2,11,13,34,4,1,3
1588544228,"2020-05-03 22:17:08",11,165,14.500891,2,10,13,15,4,1,3
1588544288,"2020-05-03 22:18:08",13,166,3,2,12,13,3,4,1,3
1588544348,"2020-05-03 22:19:08",11,165,3,2,10,13,3,4,1,3
1588544408,"2020-05-03 22:20:08",12,164,19.229885,2.3288336,11,13,19,5,1,3
1588544468,"2020-05-03 22:21:08",13,166,11.655783,2,12,13,12,4,1,3
1588544528,"2020-05-03 22:22:08",13,163,3,2,12,13,3,4,1,3
1588544588,"2020-05-03 22:23:08",14,167,3,2,13,13,3,4,1,3
1588544648,"2020-05-03 22:24:08",12,165,96.87251,7.0894327,11,13,111,14,1,3
1588544708,"2020-05-03 22:25:08",13,165,3,2,12,13,3,4,1,3
1588544768,"2020-05-03 22:26:08",13,168,3,2,12,13,3,4,1,3
1588544828,"2020-05-03 22:27:08",13,163,13.78988,2,12,13,14,4,1,3
1588544888,"2020-05-03 22:28:08",12,162,31.968773,2.544814,11,13,32,5,1,3
1588544948,"2020-05-03 22:29:08",15,161,3,2,14,13,3,4,1,3
1588545008,"2020-05-03 22:30:08",14,163,3,2,13,13,3,4,1,3
1588545068,"2020-05-03 22:31:08",16,160,3,2,15,13,3,4,1,3
1588545128,"2020-05-03 22:32:08",15,161,3,2,14,13,3,4,1,3
1588545188,"2020-05-03 22:33:08",15,160,5.415757,2,14,13,5,4,1,3
1588545248,"2020-05-03 22:34:08",14,159,3,2,13,13,3,4,1,3
1588545308,"2020-05-03 22:35:08",15,159,3,2,15,13,3,4,1,3
1588545368,"2020-05-03 22:36:08",15,161,12.86934,2,15,13,13,4,1,3
1588545428,"2020-05-03 22:37:08",15,157,3,2,15,13,3,4,1,3
1588545488,"2020-05-03 22:38:08",16,159,3,2,15,13,3,4,1,3
1588545548,"2020-05-03 22:39:08",16,160,3,2,15,13,3,4,1,3
1588545608,"2020-05-03 22:40:08",15,157,4.757963,2.1005058,14,13,5,4,1,3
1588545668,"2020-05-03 22:41:08",15,158,17.396187,2.2256966,14,13,17,4,1,3
1588545728,"2020-05-03 22:42:08",15,157,3,2,14,13,3,4,1,3
1588545788,"2020-05-03 22:43:08",15,159,10.593163,2,14,13,11,4,1,3
1588545848,"2020-05-03 22:44:08",15,155,3,2,15,12,3,4,1,3
1588545908,"2020-05-03 22:45:08",15,158,3,2,14,13,3,4,1,3
1588545968,"2020-05-03 22:46:08",15,156,8.302515,2,14,12,8,4,1,3
1588546028,"2020-05-03 22:47:08",15,158,16.132524,2,14,13,16,4,1,3
1588546088,"2020-05-03 22:48:08",15,158,5.5682735,2,15,13,6,4,1,3
1588546148,"2020-05-03 22:49:08",15,157,3,2,15,13,3,4,1,3
1588546208,"2020-05-03 22:50:08",14,157,3,2,13,13,3,4,1,3
1588546268,"2020-05-03 22:51:08",14,158,6.4378743,2,13,13,6,4,1,3
1588546328,"2020-05-03 22:52:08",14,155,3,2,13,12,3,4,1,3
1588546388,"2020-05-03 22:53:08",15,157,5.5180645,2,15,13,6,4,1,3
1588546448,"2020-05-03 22:54:08",14,154,15.674158,2,13,12,16,4,1,3
1588546508,"2020-05-03 22:55:08",15,156,3,2,14,12,3,4,1,3
1588546568,"2020-05-03 22:56:08",15,156,3,2,14,12,3,4,1,3
1588546628,"2020-05-03 22:57:08",15,154,50.12161,4.2926626,15,12,50,9,1,3
1588546688,"2020-05-03 22:58:08",15,152,8.759861,2,14,12,9,4,1,3
1588546748,"2020-05-03 22:59:08",16,154,3,2,15,12,3,4,1,3
1588546868,"2020-05-03 23:01:08",16,156,11.981819,2,15,12,12,4,1,3
1588546928,"2020-05-03 23:02:08",15,154,3,2,14,12,3,4,1,3
1588546988,"2020-05-03 23:03:08",17,153,15.858686,2,16,12,16,4,1,3
1588547048,"2020-05-03 23:04:08",18,155,3,2,17,12,3,4,1,3
1588547108,"2020-05-03 23:05:08",17,0,3,2,16,0,3,4,1,3
1588547168,"2020-05-03 23:06:08",18,155,3,2,17,12,3,4,1,3
1588547228,"2020-05-03 23:07:08",18,152,3,2,17,12,3,4,1,3
1588547288,"2020-05-03 23:08:08",16,154,3,2,15,12,3,4,1,3
1588547348,"2020-05-03 23:09:08",17,153,7.207586,2,16,12,7,4,1,3
1588547408,"2020-05-03 23:10:08",16,155,3,2,15,12,3,4,1,3
1588547468,"2020-05-03 23:11:08",16,153,3,2,15,12,3,4,1,3
1588547528,"2020-05-03 23:12:08",14,152,46.968243,4.049218,13,12,47,8,1,3
1588547588,"2020-05-03 23:13:08",0,152,31.608215,2.4402752,0,12,32,5,1,3
1588547648,"2020-05-03 23:14:08",16,152,3,2,15,12,3,4,1,3
1588547708,"2020-05-03 23:15:08",16,153,9.706057,2,15,12,10,4,1,3
1588547768,"2020-05-03 23:16:08",16,154,3,2,15,12,3,4,1,3
1588547828,"2020-05-03 23:17:08",16,152,21.583874,2.7841063,15,12,22,6,1,3
1588547888,"2020-05-03 23:18:08",15,151,3,2,14,12,3,4,1,3
1588547948,"2020-05-03 23:19:08",0,152,17.062737,2.2267466,0,12,17,4,1,3
1588548008,"2020-05-03 23:20:08",14,152,3,2,13,12,3,4,1,3
1588548068,"2020-05-03 23:21:08",16,153,3,2,15,12,3,4,1,3
1588548128,"2020-05-03 23:22:08",16,152,3,2,15,12,3,4,1,3
1588548188,"2020-05-03 23:23:08",18,153,37.710934,2.4234667,17,12,38,5,1,3
1588548248,"2020-05-03 23:24:08",18,156,6.822276,2.2135315,17,12,7,4,1,3
1588548308,"2020-05-03 23:25:08",16,156,3,2,15,12,3,4,1,3
1588548368,"2020-05-03 23:26:08",16,157,10.941505,2,15,13,11,4,1,3
1588548428,"2020-05-03 23:27:08",17,157,3,2,16,13,3,4,1,3
1588548488,"2020-05-03 23:28:08",16,156,3,2,15,12,3,4,1,3
1588548548,"2020-05-03 23:29:08",16,157,3,2,15,13,3,4,1,3
1588548608,"2020-05-03 23:30:08",16,161,3,2,15,13,3,4,1,3
1588548668,"2020-05-03 23:31:08",19,161,4.9326105,2,18,13,5,4,1,3
1588548728,"2020-05-03 23:32:08",16,162,3,2,15,13,3,4,1,3
1588548788,"2020-05-03 23:33:08",17,162,3,2,16,13,3,4,1,3
1588548848,"2020-05-03 23:34:08",16,163,5.162036,2,15,13,5,4,1,3
1588548908,"2020-05-03 23:35:08",16,163,50.386673,3.4471712,15,13,51,7,1,3
1588548968,"2020-05-03 23:36:08",16,164,13.381509,2,15,13,13,4,1,3
1588549028,"2020-05-03 23:37:08",14,165,3,2,13,13,3,4,1,3
1588549088,"2020-05-03 23:38:08",16,163,3,2,15,13,3,4,1,3
1588549148,"2020-05-03 23:39:08",18,164,3,2,17,13,3,4,1,3
1588549208,"2020-05-03 23:40:08",15,165,3,2,14,13,3,4,1,3
1588549268,"2020-05-03 23:41:08",16,165,3,2,15,13,3,4,1,3
1588549328,"2020-05-03 23:42:08",16,166,33.611134,2.072154,15,13,34,4,1,3
1588549388,"2020-05-03 23:43:08",16,165,20.383314,2,15,13,20,4,1,3
1588549448,"2020-05-03 23:44:08",16,163,3,2,15,13,3,4,1,3
1588549508,"2020-05-03 23:45:08",15,163,3,2,14,13,3,4,1,3
1588549568,"2020-05-03 23:46:08",16,164,3,2,15,13,3,4,1,3
1588549628,"2020-05-03 23:47:08",17,163,68.81309,4.060829,16,13,81,8,1,3
1588549688,"2020-05-03 23:48:08",16,167,3,2,15,13,3,4,1,3
1588549748,"2020-05-03 23:49:08",18,164,3,2,17,13,3,4,1,3
1588549808,"2020-05-03 23:50:08",15,168,3,2,14,13,3,4,1,3
1588549868,"2020-05-03 23:51:08",16,170,3,2,15,14,3,4,1,3
1588549928,"2020-05-03 23:52:08",17,167,3,2,16,13,3,4,1,3
1588549988,"2020-05-03 23:53:08",20,164,3,2,19,13,3,4,1,3
1588550048,"2020-05-03 23:54:08",20,164,42.473274,3.3836746,19,13,42,7,1,3
1588550108,"2020-05-03 23:55:08",22,164,3,2,21,13,3,4,1,3
1588550168,"2020-05-03 23:56:08",21,164,3,2,20,13,3,4,1,3
1588550228,"2020-05-03 23:57:08",20,160,3,2,19,13,3,4,1,3
1588550288,"2020-05-03 23:58:08",23,160,3,2,23,13,3,4,1,3
1588550348,"2020-05-03 23:59:08",24,160,47.170006,3.024253,24,13,47,6,1,3
