1588834999,"2020-05-07 07:03:19",0,148,3,2,0,12,3,4,1,3
1588835059,"2020-05-07 07:04:19",6,124,6.4100537,2,5,10,6,4,1,3
1588835119,"2020-05-07 07:05:19",8,110,3,2,7,9,3,4,1,3
1588835179,"2020-05-07 07:06:19",11,108,3,2,10,9,3,4,1,3
1588835239,"2020-05-07 07:07:19",15,103,6.123143,2,14,8,6,4,1,3
1588835299,"2020-05-07 07:08:19",17,103,3,2,16,8,3,4,1,3
1588835359,"2020-05-07 07:09:19",21,101,18.15508,2,20,8,18,4,1,3
1588835419,"2020-05-07 07:10:19",20,99,3,2,19,8,3,4,1,3
1588835479,"2020-05-07 07:11:19",22,102,3,2,21,8,3,4,1,3
1588835539,"2020-05-07 07:12:19",24,100,43.633602,2.954071,23,8,44,6,1,3
1588835599,"2020-05-07 07:13:19",24,96,3,2,24,8,3,4,1,3
1588835659,"2020-05-07 07:14:19",26,101,3,2,27,8,3,4,1,3
1588835719,"2020-05-07 07:15:19",28,103,15.79431,2,30,8,16,4,1,3
1588835779,"2020-05-07 07:16:19",29,104,25.557817,2,31,8,26,4,1,3
1588835839,"2020-05-07 07:17:19",30,101,7.518811,2,32,8,8,4,1,3
1588835899,"2020-05-07 07:18:19",31,106,13.825832,2,33,8,14,4,1,3
1588835959,"2020-05-07 07:19:19",30,105,36.21699,2,32,8,36,4,1,3
1588836019,"2020-05-07 07:20:19",33,104,5.450533,2,36,8,5,4,1,3
1588836079,"2020-05-07 07:21:19",32,100,3,2,35,8,3,4,1,3
1588836139,"2020-05-07 07:22:19",34,104,64.47322,4.249275,39,8,74,8,1,3
1588836199,"2020-05-07 07:23:19",35,110,3,2,40,9,3,4,1,3
1588836259,"2020-05-07 07:24:19",39,112,4.699478,2,45,9,5,4,1,3
1588836319,"2020-05-07 07:25:19",39,114,3,2,45,9,3,4,1,3
1588836379,"2020-05-07 07:26:19",39,115,3,2,45,9,3,4,1,3
1588836499,"2020-05-07 07:28:19",39,107,7.932904,2,45,9,8,4,1,3
1588836559,"2020-05-07 07:29:19",39,118,3,2,45,9,3,4,1,3
1588836619,"2020-05-07 07:30:19",41,121,14.688208,2,47,10,15,4,1,3
1588836679,"2020-05-07 07:31:19",41,126,3,2,48,10,3,4,1,3
1588836739,"2020-05-07 07:32:19",44,0,52.8763,2.286107,51,0,55,5,1,3
1588836799,"2020-05-07 07:33:19",44,127,11.139768,2,51,10,11,4,1,3
1588836859,"2020-05-07 07:34:19",47,130,3.7246814,2,53,10,4,4,1,3
1588836919,"2020-05-07 07:35:19",47,125,15.188437,2,53,10,15,4,1,3
1588836979,"2020-05-07 07:36:19",47,130,3.1853962,2,54,10,3,4,1,3
1588837039,"2020-05-07 07:37:19",48,129,10.35315,2,55,10,10,4,1,3
1588837099,"2020-05-07 07:38:19",51,128,3,2,57,10,3,4,1,3
1588837159,"2020-05-07 07:39:19",50,130,3,2,56,10,3,4,1,3
1588837219,"2020-05-07 07:40:19",50,136,8.702942,2,56,11,9,4,1,3
1588837279,"2020-05-07 07:41:19",52,139,17.420517,2,57,11,17,4,1,3
1588837339,"2020-05-07 07:42:19",52,144,3,2,57,12,3,4,1,3
1588837399,"2020-05-07 07:43:19",0,143,3,2,0,11,3,4,1,3
1588837459,"2020-05-07 07:44:19",54,145,41.59912,2.5652647,59,12,42,5,1,3
1588837519,"2020-05-07 07:45:19",54,140,3,2,59,11,3,4,1,3
1588837579,"2020-05-07 07:46:19",0,146,3,2,0,12,3,4,1,3
1588837639,"2020-05-07 07:47:19",54,149,55.937103,4.054572,59,12,60,8,1,3
1588837699,"2020-05-07 07:48:19",54,146,17.797997,2,59,12,18,4,1,3
1588837759,"2020-05-07 07:49:19",55,149,3.3592434,2,60,12,3,4,1,3
1588837819,"2020-05-07 07:50:19",56,147,3,2,61,12,3,4,1,3
1588837879,"2020-05-07 07:51:19",56,143,16.61085,2,60,11,17,4,1,3
1588837939,"2020-05-07 07:52:19",60,144,3,2,64,12,3,4,1,3
1588837999,"2020-05-07 07:53:19",59,157,3,2,63,13,3,4,1,3
1588838059,"2020-05-07 07:54:19",58,146,3,2,62,12,3,4,1,3
1588838119,"2020-05-07 07:55:19",59,154,3,2,63,12,3,4,1,3
1588838179,"2020-05-07 07:56:19",61,161,3,2,64,13,3,4,1,3
1588838239,"2020-05-07 07:57:19",62,160,3,2,65,13,3,4,1,3
1588838299,"2020-05-07 07:58:19",62,166,24.192331,2,65,13,24,4,1,3
1588838359,"2020-05-07 07:59:19",61,165,8.396959,2,64,13,8,4,1,3
1588838419,"2020-05-07 08:00:19",62,170,26.635765,2.2556295,65,14,27,5,1,3
1588838479,"2020-05-07 08:01:19",61,172,3,2,64,14,3,4,1,3
1588838539,"2020-05-07 08:02:19",61,164,3,2,64,13,3,4,1,3
1588838599,"2020-05-07 08:03:19",62,164,3,2,65,13,3,4,1,3
1588838659,"2020-05-07 08:04:19",61,169,3,2,64,14,3,4,1,3
1588838719,"2020-05-07 08:05:19",61,168,3,2,64,13,3,4,1,3
1588838779,"2020-05-07 08:06:19",62,168,6.418834,2,65,13,6,4,1,3
1588838839,"2020-05-07 08:07:19",62,167,4.924447,2,65,13,5,4,1,3
1588838899,"2020-05-07 08:08:19",61,167,3,2,64,13,3,4,1,3
1588838959,"2020-05-07 08:09:19",62,161,3,2,66,13,3,4,1,3
1588839019,"2020-05-07 08:10:19",62,172,3,2,65,14,3,4,1,3
1588839079,"2020-05-07 08:11:19",62,175,3,2,66,14,3,4,1,3
1588839139,"2020-05-07 08:12:19",62,175,3,2,66,14,3,4,1,3
1588839199,"2020-05-07 08:13:19",62,176,3,2,65,14,3,4,1,3
1588839259,"2020-05-07 08:14:19",62,175,3,2,65,14,3,4,1,3
1588839319,"2020-05-07 08:15:19",61,177,15.70286,2,65,14,16,4,1,3
1588839379,"2020-05-07 08:16:19",0,177,3,2,0,14,3,4,1,3
1588839439,"2020-05-07 08:17:19",0,176,36.687325,2.7491732,0,14,37,5,1,3
1588839499,"2020-05-07 08:18:19",0,176,32.721,2.161375,0,14,33,4,1,3
1588839559,"2020-05-07 08:19:19",0,176,3,2,0,14,3,4,1,3
1588839619,"2020-05-07 08:20:19",0,178,3,2,0,14,3,4,1,3
1588839679,"2020-05-07 08:21:19",0,176,3,2,0,14,3,4,1,3
1588839739,"2020-05-07 08:22:19",0,174,17.73285,2.204939,0,14,18,4,1,3
1588839799,"2020-05-07 08:23:19",0,174,3,2,0,14,3,4,1,3
1588839859,"2020-05-07 08:24:19",0,173,7.6309433,2,0,14,8,4,1,3
1588839919,"2020-05-07 08:25:19",0,174,3,2,0,14,3,4,1,3
1588839979,"2020-05-07 08:26:19",0,177,3,2,0,14,3,4,1,3
1588840039,"2020-05-07 08:27:19",0,172,3,2,0,14,3,4,1,3
1588840099,"2020-05-07 08:28:19",0,175,15.304623,2,0,14,15,4,1,3
1588840159,"2020-05-07 08:29:19",0,173,3,2,0,14,3,4,1,3
1588840219,"2020-05-07 08:30:19",0,175,6.0274515,2,0,14,6,4,1,3
1588840279,"2020-05-07 08:31:19",0,174,3,2,0,14,3,4,1,3
1588840339,"2020-05-07 08:32:19",0,176,3,2,0,14,3,4,1,3
1588840399,"2020-05-07 08:33:19",0,174,3,2,0,14,3,4,1,3
1588840459,"2020-05-07 08:34:19",0,174,3,2,0,14,3,4,1,3
1588840519,"2020-05-07 08:35:19",0,171,3,2,0,14,3,4,1,3
1588840579,"2020-05-07 08:36:19",0,172,12.850281,2,0,14,13,4,1,3
1588840639,"2020-05-07 08:37:19",0,172,3,2,0,14,3,4,1,3
1588840699,"2020-05-07 08:38:19",0,171,3,2,0,14,3,4,1,3
1588840759,"2020-05-07 08:39:19",0,174,3,2,0,14,3,4,1,3
1588840819,"2020-05-07 08:40:19",0,172,3,2,0,14,3,4,1,3
1588840879,"2020-05-07 08:41:19",0,171,3,2,0,14,3,4,1,3
1588840939,"2020-05-07 08:42:19",0,176,13.34407,2,0,14,13,4,1,3
1588840999,"2020-05-07 08:43:19",0,174,5.718549,2,0,14,6,4,1,3
1588841059,"2020-05-07 08:44:19",0,173,3,2,0,14,3,4,1,3
1588841119,"2020-05-07 08:45:19",0,178,3,2,0,14,3,4,1,3
1588841179,"2020-05-07 08:46:19",0,175,3,2,0,14,3,4,1,3
1588841239,"2020-05-07 08:47:19",0,175,3,2,0,14,3,4,1,3
1588841299,"2020-05-07 08:48:19",1,179,3,2,1,14,3,4,1,3
1588841359,"2020-05-07 08:49:19",0,177,3,2,0,14,3,4,1,3
1588841419,"2020-05-07 08:50:19",1,175,3,2,1,14,3,4,1,3
1588841479,"2020-05-07 08:51:19",0,177,6.0529814,2,0,14,6,4,1,3
1588841539,"2020-05-07 08:52:19",1,175,3,2,1,14,3,4,1,3
1588841599,"2020-05-07 08:53:19",0,178,12.3708725,2,0,14,12,4,1,3
1588841659,"2020-05-07 08:54:19",0,177,3,2,0,14,3,4,1,3
1588841719,"2020-05-07 08:55:19",0,176,3.9939618,2,0,14,4,4,1,3
1588841779,"2020-05-07 08:56:19",0,176,3,2,0,14,3,4,1,3
1588841839,"2020-05-07 08:57:19",0,175,3,2,0,14,3,4,1,3
1588841899,"2020-05-07 08:58:19",0,176,3,2,0,14,3,4,1,3
1588841959,"2020-05-07 08:59:19",0,174,16.033976,2,0,14,16,4,1,3
1588842019,"2020-05-07 09:00:19",0,175,11.607091,2,0,14,12,4,1,3
1588842079,"2020-05-07 09:01:19",0,174,13.393436,2,0,14,13,4,1,3
1588842139,"2020-05-07 09:02:19",0,176,3,2,0,14,3,4,1,3
1588842199,"2020-05-07 09:03:19",0,174,13.064273,2,0,14,13,4,1,3
1588842259,"2020-05-07 09:04:19",0,174,3,2,0,14,3,4,1,3
1588842319,"2020-05-07 09:05:19",0,172,3,2,0,14,3,4,1,3
1588842379,"2020-05-07 09:06:19",0,177,3,2,0,14,3,4,1,3
1588842439,"2020-05-07 09:07:19",0,173,14.8965225,2,0,14,15,4,1,3
1588842499,"2020-05-07 09:08:19",0,172,36.953762,2.0422087,0,14,37,4,1,3
1588842559,"2020-05-07 09:09:19",1,176,3,2,0,14,3,4,1,3
1588842619,"2020-05-07 09:10:19",0,172,3,2,0,14,3,4,1,3
1588842679,"2020-05-07 09:11:19",0,173,15.957425,2,0,14,16,4,1,3
1588842739,"2020-05-07 09:12:19",0,176,15.717501,2,0,14,16,4,1,3
1588842799,"2020-05-07 09:13:19",0,176,3,2,0,14,3,4,1,3
1588842859,"2020-05-07 09:14:19",0,176,3,2,0,14,3,4,1,3
1588842919,"2020-05-07 09:15:19",0,176,33.35024,2.5560837,0,14,33,5,1,3
1588842979,"2020-05-07 09:16:19",0,178,3,2,0,14,3,4,1,3
1588843039,"2020-05-07 09:17:19",0,179,3,2,0,14,3,4,1,3
1588843099,"2020-05-07 09:18:19",0,177,33.471653,2.1524687,0,14,33,4,1,3
1588843159,"2020-05-07 09:19:19",0,179,8.768541,2,0,14,9,4,1,3
1588843219,"2020-05-07 09:20:19",0,177,3,2,0,14,3,4,1,3
1588843279,"2020-05-07 09:21:19",0,175,6.176808,2,0,14,6,4,1,3
1588843339,"2020-05-07 09:22:19",0,175,3,2,0,14,3,4,1,3
1588843399,"2020-05-07 09:23:19",0,173,37.063557,2,0,14,37,4,1,3
1588843459,"2020-05-07 09:24:19",0,171,3,2,0,14,3,4,1,3
1588843519,"2020-05-07 09:25:19",0,173,3,2,0,14,3,4,1,3
1588843579,"2020-05-07 09:26:19",0,175,20.32379,2,0,14,20,4,1,3
1588843639,"2020-05-07 09:27:19",0,173,3,2,0,14,3,4,1,3
1588843699,"2020-05-07 09:28:19",0,170,24.522022,2.0040827,0,14,25,4,1,3
1588843759,"2020-05-07 09:29:19",0,176,3,2,0,14,3,4,1,3
1588843819,"2020-05-07 09:30:19",0,174,22.349268,2,0,14,22,4,1,3
1588843879,"2020-05-07 09:31:19",0,175,3,2,0,14,3,4,1,3
1588843939,"2020-05-07 09:32:19",0,174,3,2,0,14,3,4,1,3
1588843999,"2020-05-07 09:33:19",0,174,18.005215,2,0,14,18,4,1,3
1588844059,"2020-05-07 09:34:19",0,175,3,2,0,14,3,4,1,3
1588844119,"2020-05-07 09:35:19",0,173,17.135998,2,0,14,17,4,1,3
1588844179,"2020-05-07 09:36:19",0,173,3,2,0,14,3,4,1,3
1588844239,"2020-05-07 09:37:19",0,174,13.0113,2,0,14,13,4,1,3
1588844299,"2020-05-07 09:38:19",0,176,3,2,0,14,3,4,1,3
1588844359,"2020-05-07 09:39:19",0,175,3,2,0,14,3,4,1,3
1588844419,"2020-05-07 09:40:19",0,173,43.937607,2.5765858,0,14,44,5,1,3
1588844479,"2020-05-07 09:41:19",0,173,28.721605,2,0,14,29,4,1,3
1588844539,"2020-05-07 09:42:19",0,173,3,2,0,14,3,4,1,3
1588844599,"2020-05-07 09:43:19",0,177,3,2,0,14,3,4,1,3
1588844659,"2020-05-07 09:44:19",0,174,3,2,0,14,3,4,1,3
1588844719,"2020-05-07 09:45:19",0,173,38.28801,2.952673,0,14,38,6,1,3
1588844779,"2020-05-07 09:46:19",0,171,51.663773,3.7909803,0,14,53,8,1,3
1588844839,"2020-05-07 09:47:19",0,161,3,2,0,13,3,4,1,3
1588844899,"2020-05-07 09:48:19",0,164,3,2,0,13,3,4,1,3
1588845019,"2020-05-07 09:50:19",0,170,3,2,0,14,3,4,1,3
1588845079,"2020-05-07 09:51:19",0,171,39.50341,2,0,14,40,4,1,3
1588845139,"2020-05-07 09:52:19",2,172,3,2,2,14,3,4,1,3
1588845199,"2020-05-07 09:53:19",3,174,3,2,3,14,3,4,1,3
1588845259,"2020-05-07 09:54:19",0,0,3,2,0,0,3,4,1,3
1588845319,"2020-05-07 09:55:19",0,174,3,2,0,14,3,4,1,3
1588845379,"2020-05-07 09:56:19",0,171,15.920282,2,0,14,16,4,1,3
1588845439,"2020-05-07 09:57:19",0,172,35.061745,2.6789217,0,14,35,5,1,3
1588845499,"2020-05-07 09:58:19",0,168,3,2,0,13,3,4,1,3
1588845559,"2020-05-07 09:59:19",0,172,3,2,0,14,3,4,1,3
1588845619,"2020-05-07 10:00:19",0,176,31.937828,2,0,14,32,4,1,3
1588845679,"2020-05-07 10:01:19",0,175,41.833267,3.96908,0,14,42,8,1,3
1588845739,"2020-05-07 10:02:19",0,175,37.098553,2,0,14,37,4,1,3
1588845799,"2020-05-07 10:03:19",0,172,3,2,0,14,3,4,1,3
1588845859,"2020-05-07 10:04:19",0,173,3,2,0,14,3,4,1,3
1588845919,"2020-05-07 10:05:19",0,168,36.19844,2.1463442,0,13,36,4,1,3
1588845979,"2020-05-07 10:06:19",0,173,3,2,0,14,3,4,1,3
1588846039,"2020-05-07 10:07:19",0,171,5.049602,2,0,14,5,4,1,3
1588846099,"2020-05-07 10:08:19",0,174,3,2,0,14,3,4,1,3
1588846159,"2020-05-07 10:09:19",0,170,17.621014,2,0,14,18,4,1,3
1588846219,"2020-05-07 10:10:19",0,173,3,2,0,14,3,4,1,3
1588846279,"2020-05-07 10:11:19",0,171,3,2,0,14,3,4,1,3
1588846339,"2020-05-07 10:12:19",0,175,3,2,0,14,3,4,1,3
1588846399,"2020-05-07 10:13:19",0,171,24.53472,2,0,14,25,4,1,3
1588846459,"2020-05-07 10:14:19",0,175,31.863144,2.0914268,0,14,32,4,1,3
1588846519,"2020-05-07 10:15:19",0,177,3,2,0,14,3,4,1,3
1588846579,"2020-05-07 10:16:19",1,175,3,2,1,14,3,4,1,3
1588846639,"2020-05-07 10:17:19",0,173,3,2,0,14,3,4,1,3
1588846699,"2020-05-07 10:18:19",0,173,3,2,0,14,3,4,1,3
1588846759,"2020-05-07 10:19:19",0,173,11.577683,2,0,14,12,4,1,3
1588846819,"2020-05-07 10:20:19",0,176,25.256275,2.656623,0,14,25,5,1,3
1588846879,"2020-05-07 10:21:19",0,176,3,2,0,14,3,4,1,3
1588846939,"2020-05-07 10:22:19",0,178,5.172025,2,0,14,5,4,1,3
1588846999,"2020-05-07 10:23:19",0,175,6.7477655,2,0,14,7,4,1,3
1588847059,"2020-05-07 10:24:19",0,180,3,2,0,14,3,4,1,3
1588847119,"2020-05-07 10:25:19",0,178,3,2,0,14,3,4,1,3
1588847179,"2020-05-07 10:26:19",0,176,7.380162,2,0,14,7,4,1,3
1588847239,"2020-05-07 10:27:19",0,177,3,2,0,14,3,4,1,3
1588847299,"2020-05-07 10:28:19",0,173,28.568754,2.7907276,0,14,29,6,1,3
1588847359,"2020-05-07 10:29:19",0,177,3,2,0,14,3,4,1,3
1588847419,"2020-05-07 10:30:19",0,172,3,2,0,14,3,4,1,3
1588847479,"2020-05-07 10:31:19",0,168,85.30584,5.4528065,0,13,103,11,1,3
1588847539,"2020-05-07 10:32:19",0,173,34.92983,2.8720274,0,14,35,6,1,3
1588847599,"2020-05-07 10:33:19",0,177,3,2,0,14,3,4,1,3
1588847659,"2020-05-07 10:34:19",0,174,58.592667,3.9898748,0,14,64,8,1,3
1588847719,"2020-05-07 10:35:19",0,176,19.378922,2.1892939,0,14,19,4,1,3
1588847779,"2020-05-07 10:36:19",0,179,3,2,0,14,3,4,1,3
1588847839,"2020-05-07 10:37:19",0,179,3,2,0,14,3,4,1,3
1588847899,"2020-05-07 10:38:19",0,178,3,2,0,14,3,4,1,3
1588847959,"2020-05-07 10:39:19",0,181,25.625765,2,0,14,26,4,1,3
1588848019,"2020-05-07 10:40:19",0,179,3,2,0,14,3,4,1,3
1588848079,"2020-05-07 10:41:19",0,181,56.211197,3.8847475,0,14,60,8,1,3
1588848139,"2020-05-07 10:42:19",0,180,12.121407,2,0,14,12,4,1,3
1588848199,"2020-05-07 10:43:19",0,185,10.077267,2,0,15,10,4,1,3
1588848259,"2020-05-07 10:44:19",0,178,3,2,0,14,3,4,1,3
1588848319,"2020-05-07 10:45:19",0,179,31.884634,2.3997402,0,14,32,5,1,3
1588848379,"2020-05-07 10:46:19",0,178,3,2,0,14,3,4,1,3
1588848439,"2020-05-07 10:47:19",0,178,8.034788,2,0,14,8,4,1,3
1588848499,"2020-05-07 10:48:19",0,177,105.13342,7.7365093,0,14,116,15,1,3
1588848559,"2020-05-07 10:49:19",0,177,18.653542,2,0,14,19,4,1,3
1588848619,"2020-05-07 10:50:19",0,177,19.195055,2,0,14,19,4,1,3
1588848679,"2020-05-07 10:51:19",0,178,9.704515,2,0,14,10,4,1,3
1588848739,"2020-05-07 10:52:19",0,170,15.392028,2.142373,0,14,15,4,1,3
1588848799,"2020-05-07 10:53:19",0,177,59.80271,5.206111,0,14,66,10,1,3
1588848859,"2020-05-07 10:54:19",0,179,12.149341,2,0,14,12,4,1,3
1588848919,"2020-05-07 10:55:19",0,177,3,2,0,14,3,4,1,3
1588848979,"2020-05-07 10:56:19",0,182,20.007164,2,0,15,20,4,1,3
1588849039,"2020-05-07 10:57:19",0,180,15.948847,2.1974144,0,14,16,4,1,3
1588849099,"2020-05-07 10:58:19",0,179,38.22116,2.3213367,0,14,38,5,1,3
1588849159,"2020-05-07 10:59:19",0,181,82.075554,6.7937107,0,14,101,14,1,3
1588849219,"2020-05-07 11:00:19",0,185,10.730572,2,0,15,11,4,1,3
1588849279,"2020-05-07 11:01:19",0,185,35.51792,3.2352333,0,15,36,6,1,3
1588849339,"2020-05-07 11:02:19",0,185,8.421986,2,0,15,8,4,1,3
1588849399,"2020-05-07 11:03:19",0,182,13.763054,2,0,15,14,4,1,3
1588849459,"2020-05-07 11:04:19",0,185,52.588696,3.8298883,0,15,54,8,1,3
1588849519,"2020-05-07 11:05:19",0,184,20.358385,2.2726364,0,15,20,5,1,3
1588849579,"2020-05-07 11:06:19",0,186,51.016354,4.5010557,0,15,52,9,1,3
1588849639,"2020-05-07 11:07:19",0,186,30.497866,2.3886242,0,15,30,5,1,3
1588849699,"2020-05-07 11:08:19",0,184,57.014553,3.1514997,0,15,62,6,1,3
1588849759,"2020-05-07 11:09:19",0,188,47.839874,2.3098526,0,15,48,5,1,3
1588849819,"2020-05-07 11:10:19",0,186,14.564929,2,0,15,15,4,1,3
1588849879,"2020-05-07 11:11:19",0,184,29.78284,2,0,15,30,4,1,3
1588849939,"2020-05-07 11:12:19",0,187,3,2,0,15,3,4,1,3
1588849999,"2020-05-07 11:13:19",0,191,3,2,0,15,3,4,1,3
1588850059,"2020-05-07 11:14:19",0,185,62.908966,4.3211317,0,15,72,9,1,3
1588850119,"2020-05-07 11:15:19",0,187,35.984535,2.3604612,0,15,36,5,1,3
1588850179,"2020-05-07 11:16:19",0,185,4.6165576,2,0,15,5,4,1,3
1588850239,"2020-05-07 11:17:19",0,183,10.526166,2,0,15,11,4,1,3
1588850299,"2020-05-07 11:18:19",0,184,9.843605,2,0,15,10,4,1,3
1588850359,"2020-05-07 11:19:19",0,186,16.240685,2,0,15,16,4,1,3
1588850419,"2020-05-07 11:20:19",0,183,80.96565,5.629261,0,15,101,11,1,3
1588850479,"2020-05-07 11:21:19",0,184,26.53221,5.8392453,0,15,27,12,4,10
1588850539,"2020-05-07 11:22:19",0,185,3,2,0,15,3,4,1,3
1588850599,"2020-05-07 11:23:19",0,184,3,2,0,15,3,4,1,3
1588850659,"2020-05-07 11:24:19",0,187,3,2,0,15,3,4,1,3
1588850719,"2020-05-07 11:25:19",0,183,11.384375,2,0,15,11,4,1,3
1588850779,"2020-05-07 11:26:19",0,184,38.14492,2.7398682,0,15,38,5,1,3
1588850839,"2020-05-07 11:27:19",0,183,3,2,0,15,3,4,1,3
1588850899,"2020-05-07 11:28:19",0,184,19.263865,2,0,15,19,4,1,3
1588850959,"2020-05-07 11:29:19",0,185,3,2,0,15,3,4,1,3
1588851019,"2020-05-07 11:30:19",0,183,3,2,0,15,3,4,1,3
1588851079,"2020-05-07 11:31:19",0,182,19.598598,2,0,15,20,4,1,3
1588851139,"2020-05-07 11:32:19",0,183,3,2,0,15,3,4,1,3
1588851199,"2020-05-07 11:33:19",0,182,17.299139,2,0,15,17,4,1,3
1588851259,"2020-05-07 11:34:19",0,182,10.187007,2,0,15,10,4,1,3
1588851319,"2020-05-07 11:35:19",0,183,33.465343,2.3498507,0,15,33,5,1,3
1588851379,"2020-05-07 11:36:19",0,181,5.615694,2,0,14,6,4,1,3
1588851439,"2020-05-07 11:37:19",0,182,4.6826534,2,0,15,5,4,1,3
1588851499,"2020-05-07 11:38:19",0,180,3,2,0,14,3,4,1,3
1588851559,"2020-05-07 11:39:19",0,179,31.938122,2.6888456,0,14,32,5,1,3
1588851619,"2020-05-07 11:40:19",1,180,3,2,1,14,3,4,1,3
1588851679,"2020-05-07 11:41:19",0,182,14.720636,2,0,15,15,4,1,3
1588851739,"2020-05-07 11:42:19",0,180,6.449305,2,0,14,6,4,1,3
1588851799,"2020-05-07 11:43:19",0,179,4.8157077,2,0,14,5,4,1,3
1588851859,"2020-05-07 11:44:19",0,180,5.233429,2.2987537,0,14,5,5,1,3
1588851919,"2020-05-07 11:45:19",0,179,3,2,0,14,3,4,1,3
1588851979,"2020-05-07 11:46:19",0,177,3,2,0,14,3,4,1,3
1588852039,"2020-05-07 11:47:19",0,180,34.70335,3.2247343,0,14,35,6,1,3
1588852099,"2020-05-07 11:48:19",1,180,3,2,1,14,3,4,1,3
1588852159,"2020-05-07 11:49:19",0,174,12.262536,2,0,14,12,4,1,3
1588852219,"2020-05-07 11:50:19",1,176,36.000324,2.337471,1,14,36,5,1,3
1588852279,"2020-05-07 11:51:19",1,180,3,2,1,14,3,4,1,3
1588852339,"2020-05-07 11:52:19",0,179,3,2,0,14,3,4,1,3
1588852399,"2020-05-07 11:53:19",0,177,8.95971,2,0,14,9,4,1,3
1588852459,"2020-05-07 11:54:19",3,179,16.171675,2,3,14,16,4,1,3
1588852519,"2020-05-07 11:55:19",0,179,22.636393,2.6976433,0,14,23,5,1,3
1588852579,"2020-05-07 11:56:19",2,177,31.106333,3.1179733,2,14,31,6,1,3
1588852639,"2020-05-07 11:57:19",1,179,3,2,1,14,3,4,1,3
1588852699,"2020-05-07 11:58:19",1,176,20.44868,2.3364782,1,14,20,5,1,3
1588852759,"2020-05-07 11:59:19",0,178,3,2,0,14,3,4,1,3
1588852819,"2020-05-07 12:00:19",1,180,51.73361,5.470521,1,14,53,11,1,3
1588852879,"2020-05-07 12:01:19",1,180,8.021578,2,1,14,8,4,1,3
1588852939,"2020-05-07 12:02:19",1,181,3,2,1,14,3,4,1,3
1588852999,"2020-05-07 12:03:19",0,178,8.348696,2,0,14,8,4,1,3
1588853059,"2020-05-07 12:04:19",0,180,9.273912,2,0,14,9,4,1,3
1588853119,"2020-05-07 12:05:19",0,180,20.941055,2,0,14,21,4,1,3
1588853179,"2020-05-07 12:06:19",0,180,3,2,0,14,3,4,1,3
1588853239,"2020-05-07 12:07:19",0,179,3,2,0,14,3,4,1,3
1588853299,"2020-05-07 12:08:19",0,179,6.9818363,2,0,14,7,4,1,3
1588853359,"2020-05-07 12:09:19",0,181,28.955608,2.7966452,0,14,29,6,1,3
1588853419,"2020-05-07 12:10:19",0,185,4.1992173,2,0,15,4,4,1,3
1588853539,"2020-05-07 12:12:19",0,183,16.1044,2,0,15,16,4,1,3
1588853599,"2020-05-07 12:13:19",0,180,17.908844,2,0,14,18,4,1,3
1588853659,"2020-05-07 12:14:19",0,182,7.397867,2,0,15,7,4,1,3
1588853719,"2020-05-07 12:15:19",0,0,45.43746,3.172597,0,0,45,6,1,3
1588853779,"2020-05-07 12:16:19",0,185,22.737024,2,0,15,23,4,1,3
1588853839,"2020-05-07 12:17:19",0,183,3.8420691,2,0,15,4,4,1,3
1588853899,"2020-05-07 12:18:19",0,185,35.942104,3.3446236,0,15,36,7,1,3
1588853959,"2020-05-07 12:19:19",0,182,3,2,0,15,3,4,1,3
1588854019,"2020-05-07 12:20:19",0,183,30.019245,2,0,15,30,4,1,3
1588854079,"2020-05-07 12:21:19",0,183,3.0182586,2,0,15,3,4,1,3
1588854139,"2020-05-07 12:22:19",0,184,36.801376,2.9873953,0,15,37,6,1,3
1588854199,"2020-05-07 12:23:19",0,185,3,2,0,15,3,4,1,3
1588854259,"2020-05-07 12:24:19",0,185,15.902508,2,0,15,16,4,1,3
1588854319,"2020-05-07 12:25:19",0,184,15.781557,2,0,15,16,4,1,3
1588854379,"2020-05-07 12:26:19",0,187,40.82995,3.4558735,0,15,41,7,1,3
1588854439,"2020-05-07 12:27:19",0,186,3,2,0,15,3,4,1,3
1588854499,"2020-05-07 12:28:19",0,185,3,2,0,15,3,4,1,3
1588854559,"2020-05-07 12:29:19",0,185,40.523125,4.080179,0,15,41,8,1,3
1588854619,"2020-05-07 12:30:19",0,184,3,2,0,15,3,4,1,3
1588854679,"2020-05-07 12:31:19",0,183,3,2,0,15,3,4,1,3
1588854739,"2020-05-07 12:32:19",0,182,3.9386983,2,0,15,4,4,1,3
1588854799,"2020-05-07 12:33:19",0,187,3,2,0,15,3,4,1,3
1588854859,"2020-05-07 12:34:19",0,185,26.052042,2.4540348,0,15,26,5,1,3
1588854919,"2020-05-07 12:35:19",0,182,3,2,0,15,3,4,1,3
1588854979,"2020-05-07 12:36:19",0,183,3.4355423,2,0,15,3,4,1,3
1588855039,"2020-05-07 12:37:19",0,185,23.108555,2,0,15,23,4,1,3
1588855099,"2020-05-07 12:38:19",0,188,4.036719,2,0,15,4,4,1,3
1588855159,"2020-05-07 12:39:19",1,185,39.03633,3.6866484,1,15,39,7,1,3
1588855219,"2020-05-07 12:40:19",0,183,14.850059,2,0,15,15,4,1,3
1588855279,"2020-05-07 12:41:19",0,183,3,2,0,15,3,4,1,3
1588855339,"2020-05-07 12:42:19",0,188,53.632694,3.742219,0,15,56,7,1,3
1588855399,"2020-05-07 12:43:19",0,184,53.703445,4.77472,0,15,56,10,1,3
1588855459,"2020-05-07 12:44:19",1,183,23.16344,2,1,15,23,4,1,3
1588855519,"2020-05-07 12:45:19",0,185,3,2,0,15,3,4,1,3
1588855579,"2020-05-07 12:46:19",0,183,3,2,0,15,3,4,1,3
1588855639,"2020-05-07 12:47:19",2,181,46.86229,3.1810904,2,14,47,6,1,3
1588855699,"2020-05-07 12:48:19",1,183,3,2,1,15,3,4,1,3
1588855759,"2020-05-07 12:49:19",0,183,3.9812222,2,0,15,4,4,1,3
1588855819,"2020-05-07 12:50:19",0,185,3,2,0,15,3,4,1,3
1588855879,"2020-05-07 12:51:19",0,183,46.593468,3.8374262,0,15,47,8,1,3
1588855939,"2020-05-07 12:52:19",0,182,14.028086,2,0,15,14,4,1,3
1588855999,"2020-05-07 12:53:19",0,184,3,2,0,15,3,4,1,3
1588856059,"2020-05-07 12:54:19",0,183,11.19889,2,0,15,11,4,1,3
1588856119,"2020-05-07 12:55:19",1,188,3,2,1,15,3,4,1,3
1588856179,"2020-05-07 12:56:19",0,191,3,2,0,15,3,4,1,3
1588856239,"2020-05-07 12:57:19",0,183,5.9555335,2,0,15,6,4,1,3
1588856299,"2020-05-07 12:58:19",0,186,3,2,0,15,3,4,1,3
1588856359,"2020-05-07 12:59:19",0,185,3,2,0,15,3,4,1,3
1588856419,"2020-05-07 13:00:19",0,185,12.934605,2,0,15,13,4,1,3
1588856479,"2020-05-07 13:01:19",0,183,3,2,0,15,3,4,1,3
1588856539,"2020-05-07 13:02:19",0,178,14.998974,2,0,14,15,4,1,3
1588856599,"2020-05-07 13:03:19",1,178,3,2,1,14,3,4,1,3
1588856659,"2020-05-07 13:04:19",2,183,20.657543,2.420928,2,15,21,5,1,3
1588856719,"2020-05-07 13:05:19",1,183,3,2,1,15,3,4,1,3
1588856779,"2020-05-07 13:06:19",1,184,13.170097,2,1,15,13,4,1,3
1588856839,"2020-05-07 13:07:19",1,183,3,2,1,15,3,4,1,3
1588856899,"2020-05-07 13:08:19",1,179,62.5846,4.473075,1,14,71,9,1,3
1588856959,"2020-05-07 13:09:19",1,181,3,2,1,14,3,4,1,3
1588857019,"2020-05-07 13:10:19",0,183,3,2,0,15,3,4,1,3
1588857079,"2020-05-07 13:11:19",1,185,3,2,1,15,3,4,1,3
1588857139,"2020-05-07 13:12:19",1,182,26.827648,2.6229954,1,15,27,5,1,3
1588857199,"2020-05-07 13:13:19",1,186,3,2,1,15,3,4,1,3
1588857259,"2020-05-07 13:14:19",1,186,3,2,1,15,3,4,1,3
1588857319,"2020-05-07 13:15:19",2,183,22.471703,2,2,15,22,4,1,3
1588857379,"2020-05-07 13:16:19",0,185,48.409916,4.1627502,0,15,48,8,1,3
1588857439,"2020-05-07 13:17:19",1,184,24.200096,2.5320072,0,15,24,5,1,3
1588857499,"2020-05-07 13:18:19",0,185,3,2,0,15,3,4,1,3
1588857559,"2020-05-07 13:19:19",1,181,3,2,0,14,3,4,1,3
1588857619,"2020-05-07 13:20:19",1,182,3,2,0,15,3,4,1,3
1588857679,"2020-05-07 13:21:19",3,183,3,2,3,15,3,4,1,3
1588857739,"2020-05-07 13:22:19",1,184,3,2,1,15,3,4,1,3
1588857799,"2020-05-07 13:23:19",1,176,3,2,1,14,3,4,1,3
1588857859,"2020-05-07 13:24:19",1,182,5.412982,2,1,15,5,4,1,3
1588857919,"2020-05-07 13:25:19",0,186,50.406025,4.7211523,0,15,51,9,1,3
1588857979,"2020-05-07 13:26:19",1,170,3.1729777,2,0,14,3,4,1,3
1588858039,"2020-05-07 13:27:19",1,180,48.473404,4.015169,0,14,48,8,1,3
1588858099,"2020-05-07 13:28:19",0,186,3,2,0,15,3,4,1,3
1588858159,"2020-05-07 13:29:19",0,186,9.29019,2,0,15,9,4,1,3
1588858219,"2020-05-07 13:30:19",0,188,3,2,0,15,3,4,1,3
1588858279,"2020-05-07 13:31:19",0,187,32.325554,2.5112534,0,15,32,5,1,3
1588858339,"2020-05-07 13:32:19",0,187,7.2693577,2,0,15,7,4,1,3
1588858399,"2020-05-07 13:33:19",0,190,3,2,0,15,3,4,1,3
1588858459,"2020-05-07 13:34:19",0,187,19.808432,2.3505344,0,15,20,5,1,3
1588858519,"2020-05-07 13:35:19",0,188,3,2,0,15,3,4,1,3
1588858579,"2020-05-07 13:36:19",0,191,3,2,0,15,3,4,1,3
1588858639,"2020-05-07 13:37:19",0,190,3,2,0,15,3,4,1,3
1588858699,"2020-05-07 13:38:19",0,188,4.678682,2,0,15,5,4,1,3
1588858759,"2020-05-07 13:39:19",0,190,39.9021,3.630311,0,15,40,7,1,3
1588858819,"2020-05-07 13:40:19",0,191,9.502985,2,0,15,10,4,1,3
1588858879,"2020-05-07 13:41:19",0,192,6.8031864,2,0,15,7,4,1,3
1588858939,"2020-05-07 13:42:19",0,189,3,2,0,15,3,4,1,3
1588858999,"2020-05-07 13:43:19",0,192,3,2,0,15,3,4,1,3
1588859059,"2020-05-07 13:44:19",0,190,3,2,0,15,3,4,1,3
1588859119,"2020-05-07 13:45:19",0,191,21.176588,2.1101322,0,15,21,4,1,3
1588859179,"2020-05-07 13:46:19",0,189,5.5111094,2,0,15,6,4,1,3
1588859239,"2020-05-07 13:47:19",0,188,41.064804,3.893158,0,15,41,8,1,3
1588859299,"2020-05-07 13:48:19",0,189,14.41371,2,0,15,14,4,1,3
1588859359,"2020-05-07 13:49:19",0,188,10.076518,2,0,15,10,4,1,3
1588859419,"2020-05-07 13:50:19",0,190,9.5158825,2,0,15,10,4,1,3
1588859479,"2020-05-07 13:51:19",0,194,3,2,0,16,3,4,1,3
1588859539,"2020-05-07 13:52:19",0,188,3,2,0,15,3,4,1,3
1588859599,"2020-05-07 13:53:19",0,189,3.631822,2,0,15,4,4,1,3
1588859659,"2020-05-07 13:54:19",0,190,19.380123,2.9284315,0,15,19,6,1,3
1588859719,"2020-05-07 13:55:19",0,190,12.775927,2.7853212,0,15,13,6,1,3
1588859779,"2020-05-07 13:56:19",0,189,3,2,0,15,3,4,1,3
1588859839,"2020-05-07 13:57:19",0,189,18.721111,2.2855463,0,15,19,5,1,3
1588859899,"2020-05-07 13:58:19",0,191,3,2,0,15,3,4,1,3
1588859959,"2020-05-07 13:59:19",0,188,43.709457,4.691332,0,15,44,9,1,3
1588860019,"2020-05-07 14:00:19",0,192,3,2,0,15,3,4,1,3
1588860079,"2020-05-07 14:01:19",0,192,3,2,0,15,3,4,1,3
1588860139,"2020-05-07 14:02:19",0,194,18.9685,2,0,16,19,4,1,3
1588860199,"2020-05-07 14:03:19",0,191,25.19824,2.0310879,0,15,25,4,1,3
1588860259,"2020-05-07 14:04:19",0,190,53.77535,4.9779215,0,15,56,10,1,3
1588860319,"2020-05-07 14:05:19",0,190,36.78284,3.7763443,0,15,37,8,1,3
1588860379,"2020-05-07 14:06:19",0,191,3,2,0,15,3,4,1,3
1588860439,"2020-05-07 14:07:19",0,192,3,2,0,15,3,4,1,3
1588860499,"2020-05-07 14:08:19",0,190,9.190596,2,0,15,9,4,1,3
1588860559,"2020-05-07 14:09:19",0,190,3,2,0,15,3,4,1,3
1588860619,"2020-05-07 14:10:19",0,193,3,2,0,15,3,4,1,3
1588860679,"2020-05-07 14:11:19",0,190,5.6059823,2,0,15,6,4,1,3
1588860739,"2020-05-07 14:12:19",0,192,6.5158286,2,0,15,7,4,1,3
1588860799,"2020-05-07 14:13:19",0,192,3,2,0,15,3,4,1,3
1588860859,"2020-05-07 14:14:19",0,192,27.251343,2.9674826,0,15,27,6,1,3
1588860919,"2020-05-07 14:15:19",0,192,7.2306542,2,0,15,7,4,1,3
1588860979,"2020-05-07 14:16:19",0,193,8.655742,2,0,15,9,4,1,3
1588861039,"2020-05-07 14:17:19",0,193,3,2,0,15,3,4,1,3
1588861099,"2020-05-07 14:18:19",0,194,57.518715,4.068083,0,16,63,8,1,3
1588861159,"2020-05-07 14:19:19",0,193,10.291951,2,0,15,10,4,1,3
1588861219,"2020-05-07 14:20:19",0,194,16.373785,2.029132,0,16,16,4,1,3
1588861279,"2020-05-07 14:21:19",0,190,27.0943,3.2595072,0,15,27,7,1,3
1588861339,"2020-05-07 14:22:19",0,191,34.29851,4.3726377,0,15,34,9,1,3
1588861399,"2020-05-07 14:23:19",0,193,42.37428,3.4296293,0,15,42,7,1,3
1588861459,"2020-05-07 14:24:19",0,192,3,2,0,15,3,4,1,3
1588861519,"2020-05-07 14:25:19",0,194,15.786397,2,0,16,16,4,1,3
1588861579,"2020-05-07 14:26:19",0,194,11.632167,2,0,16,12,4,1,3
1588861639,"2020-05-07 14:27:19",0,192,3,2,0,15,3,4,1,3
1588861699,"2020-05-07 14:28:19",0,196,3,2,0,16,3,4,1,3
1588861759,"2020-05-07 14:29:19",0,190,3,2,0,15,3,4,1,3
1588861819,"2020-05-07 14:30:19",0,193,3,2,0,15,3,4,1,3
1588861879,"2020-05-07 14:31:19",0,191,3,2,0,15,3,4,1,3
1588861939,"2020-05-07 14:32:19",0,191,5.993431,2,0,15,6,4,1,3
1588862059,"2020-05-07 14:34:19",0,193,3,2,0,15,3,4,1,3
1588862119,"2020-05-07 14:35:19",0,197,3,2,0,16,3,4,1,3
1588862179,"2020-05-07 14:36:19",0,192,5.3089504,2,0,15,5,4,1,3
1588862239,"2020-05-07 14:37:19",0,0,3,2,0,0,3,4,1,3
1588862299,"2020-05-07 14:38:19",0,189,3,2,0,15,3,4,1,3
1588862359,"2020-05-07 14:39:19",0,193,5.1154337,2,0,15,5,4,1,3
1588862419,"2020-05-07 14:40:19",0,195,26.893143,2.0108137,0,16,27,4,1,3
1588862479,"2020-05-07 14:41:19",0,190,3,2,0,15,3,4,1,3
1588862539,"2020-05-07 14:42:19",0,193,41.649727,3.7261057,0,15,42,7,1,3
1588862599,"2020-05-07 14:43:19",0,195,3,2,0,16,3,4,1,3
1588862659,"2020-05-07 14:44:19",0,193,3,2,0,15,3,4,1,3
1588862719,"2020-05-07 14:45:19",0,195,16.219234,2,0,16,16,4,1,3
1588862779,"2020-05-07 14:46:19",0,190,16.506168,2.6504526,0,15,17,5,1,3
1588862839,"2020-05-07 14:47:19",0,187,3,2,0,15,3,4,1,3
1588862899,"2020-05-07 14:48:19",0,191,3,2,0,15,3,4,1,3
1588862959,"2020-05-07 14:49:19",0,193,3,2,0,15,3,4,1,3
1588863019,"2020-05-07 14:50:19",0,190,3,2,0,15,3,4,1,3
1588863079,"2020-05-07 14:51:19",0,192,3,2,0,15,3,4,1,3
1588863139,"2020-05-07 14:52:19",0,198,13.259369,2,0,16,13,4,1,3
1588863199,"2020-05-07 14:53:19",0,187,3,2,0,15,3,4,1,3
1588863259,"2020-05-07 14:54:19",0,185,3,2,0,15,3,4,1,3
1588863319,"2020-05-07 14:55:19",0,184,18.696299,2,0,15,19,4,1,3
1588863379,"2020-05-07 14:56:19",0,179,3,2,0,14,3,4,1,3
1588863439,"2020-05-07 14:57:19",0,179,3,2,0,14,3,4,1,3
1588863499,"2020-05-07 14:58:19",0,177,3,2,0,14,3,4,1,3
1588863559,"2020-05-07 14:59:19",0,174,71.06227,6.0700617,0,14,85,12,1,3
1588863619,"2020-05-07 15:00:19",0,171,3,2,0,14,3,4,1,3
1588863679,"2020-05-07 15:01:19",1,171,3,2,1,14,3,4,1,3
1588863739,"2020-05-07 15:02:19",0,169,7.729694,2,0,14,8,4,1,3
1588863799,"2020-05-07 15:03:19",0,170,3,2,0,14,3,4,1,3
1588863859,"2020-05-07 15:04:19",0,171,3,2,0,14,3,4,1,3
1588863919,"2020-05-07 15:05:19",0,168,76.98863,4.6537037,0,13,95,9,1,3
1588863979,"2020-05-07 15:06:19",0,171,28.17049,3.472456,0,14,28,7,1,3
1588864039,"2020-05-07 15:07:19",0,170,46.664593,3.1295862,0,14,47,6,1,3
1588864099,"2020-05-07 15:08:19",0,166,26.3251,2,0,13,26,4,1,3
1588864159,"2020-05-07 15:09:19",0,169,26.388193,2,0,14,26,4,1,3
1588864219,"2020-05-07 15:10:19",0,169,26.255337,2.3291674,0,14,26,5,1,3
1588864279,"2020-05-07 15:11:19",0,169,3,2,0,14,3,4,1,3
1588864339,"2020-05-07 15:12:19",0,165,24.562033,2.6078892,0,13,25,5,1,3
1588864399,"2020-05-07 15:13:19",0,168,19.762897,2,0,13,20,4,1,3
1588864459,"2020-05-07 15:14:19",0,167,3,2,0,13,3,4,1,3
1588864519,"2020-05-07 15:15:19",0,166,3,2,0,13,3,4,1,3
1588864579,"2020-05-07 15:16:19",0,171,3,2,0,14,3,4,1,3
1588864639,"2020-05-07 15:17:19",0,171,3,2,0,14,3,4,1,3
1588864699,"2020-05-07 15:18:19",0,168,3,2,0,13,3,4,1,3
1588864759,"2020-05-07 15:19:19",0,166,15.861381,2,0,13,16,4,1,3
1588864819,"2020-05-07 15:20:19",0,168,15.962171,2,0,13,16,4,1,3
1588864879,"2020-05-07 15:21:19",0,164,40.31505,2.8984966,0,13,40,6,1,3
1588864939,"2020-05-07 15:22:19",0,165,35.926144,3.280364,0,13,36,7,1,3
1588864999,"2020-05-07 15:23:19",0,163,3,2,0,13,3,4,1,3
1588865059,"2020-05-07 15:24:19",0,162,19.517113,2,0,13,20,4,1,3
1588865119,"2020-05-07 15:25:19",0,161,3,2,0,13,3,4,1,3
1588865179,"2020-05-07 15:26:19",0,161,13.114821,2,0,13,13,4,1,3
1588865239,"2020-05-07 15:27:19",0,161,24.904348,2,0,13,25,4,1,3
1588865299,"2020-05-07 15:28:19",0,162,3,2,0,13,3,4,1,3
1588865359,"2020-05-07 15:29:19",0,162,25.06314,2,0,13,25,4,1,3
1588865419,"2020-05-07 15:30:19",0,166,18.518322,2,0,13,19,4,1,3
1588865479,"2020-05-07 15:31:19",0,160,13.142857,2,0,13,13,4,1,3
1588865539,"2020-05-07 15:32:19",0,161,26.522211,2,0,13,27,4,1,3
1588865599,"2020-05-07 15:33:19",0,161,35.22252,3.554594,0,13,35,7,1,3
1588865659,"2020-05-07 15:34:19",0,163,3,2,0,13,3,4,1,3
1588865719,"2020-05-07 15:35:19",0,161,26.956564,2,0,13,27,4,1,3
1588865779,"2020-05-07 15:36:19",0,162,8.8530855,2,0,13,9,4,1,3
1588865839,"2020-05-07 15:37:19",0,163,3,2,0,13,3,4,1,3
1588865899,"2020-05-07 15:38:19",0,164,3,2,0,13,3,4,1,3
1588865959,"2020-05-07 15:39:19",0,163,14.834125,2.012164,0,13,15,4,1,3
1588866019,"2020-05-07 15:40:19",0,164,3,2,0,13,3,4,1,3
1588866079,"2020-05-07 15:41:19",0,165,3,2,0,13,3,4,1,3
1588866139,"2020-05-07 15:42:19",0,164,3,2,0,13,3,4,1,3
1588866199,"2020-05-07 15:43:19",0,163,3,2,0,13,3,4,1,3
1588866259,"2020-05-07 15:44:19",0,162,3,2,0,13,3,4,1,3
1588866319,"2020-05-07 15:45:19",0,161,24.953098,2.1220465,0,13,25,4,1,3
1588866379,"2020-05-07 15:46:19",0,164,3,2,0,13,3,4,1,3
1588866439,"2020-05-07 15:47:19",0,164,3,2,0,13,3,4,1,3
1588866499,"2020-05-07 15:48:19",2,162,14.047261,2.6256952,2,13,14,5,1,3
1588866559,"2020-05-07 15:49:19",1,162,9.728773,2,1,13,10,4,1,3
1588866619,"2020-05-07 15:50:19",1,161,12.157478,2,1,13,12,4,1,3
1588866679,"2020-05-07 15:51:19",0,165,3,2,0,13,3,4,1,3
1588866739,"2020-05-07 15:52:19",0,166,3,2,0,13,3,4,1,3
1588866799,"2020-05-07 15:53:19",0,164,3,2,0,13,3,4,1,3
1588866859,"2020-05-07 15:54:19",0,163,4.657074,2,0,13,5,4,1,3
1588866919,"2020-05-07 15:55:19",0,166,3,2,0,13,3,4,1,3
1588866979,"2020-05-07 15:56:19",0,164,6.603577,2,0,13,7,4,1,3
1588867039,"2020-05-07 15:57:19",0,162,3.0480115,2,0,13,3,4,1,3
1588867099,"2020-05-07 15:58:19",0,165,11.602659,2,0,13,12,4,1,3
1588867159,"2020-05-07 15:59:19",0,166,3,2,0,13,3,4,1,3
1588867219,"2020-05-07 16:00:19",0,165,3,2,0,13,3,4,1,3
1588867279,"2020-05-07 16:01:19",0,164,3,2,0,13,3,4,1,3
1588867339,"2020-05-07 16:02:19",0,166,3,2,0,13,3,4,1,3
1588867399,"2020-05-07 16:03:19",0,168,3,2,0,13,3,4,1,3
1588867459,"2020-05-07 16:04:19",0,165,15.355902,2,0,13,15,4,1,3
1588867519,"2020-05-07 16:05:19",0,168,16.89925,2.1505995,0,13,17,4,1,3
1588867579,"2020-05-07 16:06:19",0,168,6.439675,2,0,13,6,4,1,3
1588867639,"2020-05-07 16:07:19",0,165,3,2,0,13,3,4,1,3
1588867699,"2020-05-07 16:08:19",1,162,8.317552,2,1,13,8,4,1,3
1588867759,"2020-05-07 16:09:19",1,162,18.681206,2,1,13,19,4,1,3
1588867819,"2020-05-07 16:10:19",0,165,3,2,0,13,3,4,1,3
1588867879,"2020-05-07 16:11:19",1,162,3,2,1,13,3,4,1,3
1588867939,"2020-05-07 16:12:19",0,163,3,2,0,13,3,4,1,3
1588867999,"2020-05-07 16:13:19",0,162,3,2,0,13,3,4,1,3
1588868059,"2020-05-07 16:14:19",0,161,13.9639225,2,0,13,14,4,1,3
1588868119,"2020-05-07 16:15:19",0,161,3,2,0,13,3,4,1,3
1588868179,"2020-05-07 16:16:19",0,162,18.082836,2,0,13,18,4,1,3
1588868239,"2020-05-07 16:17:19",0,161,3,2,0,13,3,4,1,3
1588868299,"2020-05-07 16:18:19",0,160,3,2,0,13,3,4,1,3
1588868359,"2020-05-07 16:19:19",0,161,14.699714,2,0,13,15,4,1,3
1588868419,"2020-05-07 16:20:19",0,163,35.90082,2,0,13,36,4,1,3
1588868479,"2020-05-07 16:21:19",1,164,3,2,1,13,3,4,1,3
1588868539,"2020-05-07 16:22:19",1,164,3,2,1,13,3,4,1,3
1588868599,"2020-05-07 16:23:19",0,161,3,2,0,13,3,4,1,3
1588868659,"2020-05-07 16:24:19",0,163,23.82911,2,0,13,24,4,1,3
1588868719,"2020-05-07 16:25:19",0,162,18.663788,2,0,13,19,4,1,3
1588868779,"2020-05-07 16:26:19",0,160,3,2,0,13,3,4,1,3
1588868839,"2020-05-07 16:27:19",1,158,3,2,1,13,3,4,1,3
1588868899,"2020-05-07 16:28:19",1,160,3,2,1,13,3,4,1,3
1588868959,"2020-05-07 16:29:19",0,162,9.279905,2,0,13,9,4,1,3
1588869019,"2020-05-07 16:30:19",0,163,18.250275,2,0,13,18,4,1,3
1588869079,"2020-05-07 16:31:19",0,161,3,2,0,13,3,4,1,3
1588869139,"2020-05-07 16:32:19",0,163,20.01135,2,0,13,20,4,1,3
1588869199,"2020-05-07 16:33:19",0,164,3,2,0,13,3,4,1,3
1588869259,"2020-05-07 16:34:19",0,165,9.010334,2,0,13,9,4,1,3
1588869319,"2020-05-07 16:35:19",0,165,3,2,0,13,3,4,1,3
1588869379,"2020-05-07 16:36:19",0,166,3,2,0,13,3,4,1,3
1588869439,"2020-05-07 16:37:19",0,166,32.86,2.2172728,0,13,33,4,1,3
1588869499,"2020-05-07 16:38:19",0,161,25.712008,2.0380096,0,13,26,4,1,3
1588869559,"2020-05-07 16:39:19",0,163,110.98122,8.548645,0,13,119,17,1,3
1588869619,"2020-05-07 16:40:19",1,162,8.017335,2,1,13,8,4,1,3
1588869679,"2020-05-07 16:41:19",0,162,22.217264,2,0,13,22,4,1,3
1588869739,"2020-05-07 16:42:19",1,163,3,2,1,13,3,4,1,3
1588869799,"2020-05-07 16:43:19",0,161,3,2,0,13,3,4,1,3
1588869859,"2020-05-07 16:44:19",1,162,18.220106,2,1,13,18,4,1,3
1588869919,"2020-05-07 16:45:19",0,162,3,2,0,13,3,4,1,3
1588869979,"2020-05-07 16:46:19",2,160,7.4055777,2,2,13,7,4,1,3
1588870039,"2020-05-07 16:47:19",2,160,3,2,2,13,3,4,1,3
1588870099,"2020-05-07 16:48:19",1,162,20.12583,2,1,13,20,4,1,3
1588870159,"2020-05-07 16:49:19",2,165,7.437779,2,2,13,7,4,1,3
1588870219,"2020-05-07 16:50:19",1,165,21.880188,2,1,13,22,4,1,3
1588870279,"2020-05-07 16:51:19",1,166,3,2,1,13,3,4,1,3
1588870339,"2020-05-07 16:52:19",1,166,3,2,1,13,3,4,1,3
1588870399,"2020-05-07 16:53:19",1,167,3,2,1,13,3,4,1,3
1588870519,"2020-05-07 16:55:19",2,170,16.245361,2,2,14,16,4,1,3
1588870579,"2020-05-07 16:56:19",3,168,26.736073,3.631504,3,13,27,7,1,3
1588870639,"2020-05-07 16:57:19",0,166,7.2383585,2,0,13,7,4,1,3
1588870699,"2020-05-07 16:58:19",1,166,12.243566,2,1,13,12,4,1,3
1588870759,"2020-05-07 16:59:19",0,0,3,2,0,0,3,4,1,3
1588870819,"2020-05-07 17:00:19",1,166,3,2,1,13,3,4,1,3
1588870879,"2020-05-07 17:01:19",1,172,13.518956,2,1,14,14,4,1,3
1588870939,"2020-05-07 17:02:19",0,167,3,2,0,13,3,4,1,3
1588870999,"2020-05-07 17:03:19",0,170,26.06416,2,0,14,26,4,1,3
1588871059,"2020-05-07 17:04:19",2,169,14.462981,2,2,14,14,4,1,3
1588871119,"2020-05-07 17:05:19",2,167,3,2,2,13,3,4,1,3
1588871179,"2020-05-07 17:06:19",0,171,3,2,0,14,3,4,1,3
1588871239,"2020-05-07 17:07:19",0,170,21.831818,2.292449,0,14,22,5,1,3
1588871299,"2020-05-07 17:08:19",0,170,3,2,0,14,3,4,1,3
1588871359,"2020-05-07 17:09:19",0,170,3,2,0,14,3,4,1,3
1588871419,"2020-05-07 17:10:19",0,174,8.261318,2,0,14,8,4,1,3
1588871479,"2020-05-07 17:11:19",0,171,3,2,0,14,3,4,1,3
1588871539,"2020-05-07 17:12:19",1,175,7.339639,2,1,14,7,4,1,3
1588871599,"2020-05-07 17:13:19",0,170,23.321686,2,0,14,23,4,1,3
1588871659,"2020-05-07 17:14:19",0,171,16.928856,2.1899996,0,14,17,4,1,3
1588871719,"2020-05-07 17:15:19",0,175,9.38685,2,0,14,9,4,1,3
1588871779,"2020-05-07 17:16:19",0,173,15.285048,2,0,14,15,4,1,3
1588871839,"2020-05-07 17:17:19",0,177,3,2,0,14,3,4,1,3
1588871899,"2020-05-07 17:18:19",0,173,12.306029,2,0,14,12,4,1,3
1588871959,"2020-05-07 17:19:19",0,173,5.6349564,2.1001873,0,14,6,4,1,3
1588872019,"2020-05-07 17:20:19",1,173,29.843988,2,1,14,30,4,1,3
1588872079,"2020-05-07 17:21:19",1,171,7.4021726,2,1,14,7,4,1,3
1588872139,"2020-05-07 17:22:19",0,171,32.449287,2.5374346,0,14,32,5,1,3
1588872199,"2020-05-07 17:23:19",0,174,3,2,0,14,3,4,1,3
1588872259,"2020-05-07 17:24:19",0,174,13.515431,2,0,14,14,4,1,3
1588872319,"2020-05-07 17:25:19",0,171,3,2,0,14,3,4,1,3
1588872379,"2020-05-07 17:26:19",0,174,35.244995,3.0855236,0,14,35,6,1,3
1588872439,"2020-05-07 17:27:19",1,172,3,2,1,14,3,4,1,3
1588872499,"2020-05-07 17:28:19",1,174,3,2,1,14,3,4,1,3
1588872559,"2020-05-07 17:29:19",0,172,3.7229629,2,0,14,4,4,1,3
1588872619,"2020-05-07 17:30:19",0,171,6.1372046,2,0,14,6,4,1,3
1588872679,"2020-05-07 17:31:19",1,173,3,2,1,14,3,4,1,3
1588872739,"2020-05-07 17:32:19",1,173,3,2,1,14,3,4,1,3
1588872799,"2020-05-07 17:33:19",1,173,3,2,1,14,3,4,1,3
1588872859,"2020-05-07 17:34:19",0,172,3,2,0,14,3,4,1,3
1588872919,"2020-05-07 17:35:19",0,170,3,2,0,14,3,4,1,3
1588872979,"2020-05-07 17:36:19",0,170,3,2,0,14,3,4,1,3
1588873039,"2020-05-07 17:37:19",1,173,3,2,1,14,3,4,1,3
1588873099,"2020-05-07 17:38:19",1,172,29.642395,2.0740194,1,14,30,4,1,3
1588873159,"2020-05-07 17:39:19",2,177,3,2,2,14,3,4,1,3
1588873219,"2020-05-07 17:40:19",0,174,3,2,0,14,3,4,1,3
1588873279,"2020-05-07 17:41:19",0,174,3,2,0,14,3,4,1,3
1588873339,"2020-05-07 17:42:19",1,173,3,2,1,14,3,4,1,3
1588873399,"2020-05-07 17:43:19",0,173,4.569382,2,0,14,5,4,1,3
1588873459,"2020-05-07 17:44:19",2,171,3,2,2,14,3,4,1,3
1588873519,"2020-05-07 17:45:19",1,173,25.27227,2.0812426,1,14,25,4,1,3
1588873579,"2020-05-07 17:46:19",1,170,3,2,1,14,3,4,1,3
1588873639,"2020-05-07 17:47:19",0,172,8.789162,2,0,14,9,4,1,3
1588873699,"2020-05-07 17:48:19",0,164,3,2,0,13,3,4,1,3
1588873759,"2020-05-07 17:49:19",1,170,49.776783,3.8990297,1,14,50,8,1,3
1588873819,"2020-05-07 17:50:19",0,171,3,2,0,14,3,4,1,3
1588873879,"2020-05-07 17:51:19",0,173,3,2,0,14,3,4,1,3
1588873939,"2020-05-07 17:52:19",0,172,35.991695,2.7940674,0,14,36,6,1,3
1588873999,"2020-05-07 17:53:19",0,171,10.053613,2,0,14,10,4,1,3
1588874059,"2020-05-07 17:54:19",0,172,3,2,0,14,3,4,1,3
1588874119,"2020-05-07 17:55:19",0,171,19.729355,2,0,14,20,4,1,3
1588874179,"2020-05-07 17:56:19",0,171,3,2,0,14,3,4,1,3
1588874239,"2020-05-07 17:57:19",1,173,3.5950763,2,1,14,4,4,1,3
1588874299,"2020-05-07 17:58:19",1,175,3.9772317,2,1,14,4,4,1,3
1588874359,"2020-05-07 17:59:19",0,174,3,2,0,14,3,4,1,3
1588874419,"2020-05-07 18:00:19",0,173,3,2,0,14,3,4,1,3
1588874479,"2020-05-07 18:01:19",0,173,3,2,0,14,3,4,1,3
1588874539,"2020-05-07 18:02:19",0,174,57.92409,5.1758995,0,14,63,10,1,3
1588874599,"2020-05-07 18:03:19",0,174,3,2,0,14,3,4,1,3
1588874659,"2020-05-07 18:04:19",0,176,3.9752805,2,0,14,4,4,1,3
1588874719,"2020-05-07 18:05:19",1,172,18.604898,2.903513,1,14,19,6,1,3
1588874779,"2020-05-07 18:06:19",2,172,3,2,2,14,3,4,1,3
1588874839,"2020-05-07 18:07:19",0,173,3,2,0,14,3,4,1,3
1588874899,"2020-05-07 18:08:19",1,174,3,2,1,14,3,4,1,3
1588874959,"2020-05-07 18:09:19",1,174,13.013069,2,1,14,13,4,1,3
1588875019,"2020-05-07 18:10:19",1,176,38.403904,4.165658,1,14,38,8,1,3
1588875079,"2020-05-07 18:11:19",4,174,3,2,3,14,3,4,1,3
1588875139,"2020-05-07 18:12:19",0,175,3.7921746,2,0,14,4,4,1,3
1588875199,"2020-05-07 18:13:19",0,175,7.5865817,2,0,14,8,4,1,3
1588875259,"2020-05-07 18:14:19",1,174,3,2,1,14,3,4,1,3
1588875319,"2020-05-07 18:15:19",0,176,12.497732,2.2762222,0,14,12,5,1,3
1588875379,"2020-05-07 18:16:19",0,175,18.46112,2.6809368,0,14,18,5,1,3
1588875439,"2020-05-07 18:17:19",0,174,13.76386,2,0,14,14,4,1,3
1588875499,"2020-05-07 18:18:19",1,177,6.8725305,2,1,14,7,4,1,3
1588875559,"2020-05-07 18:19:19",1,177,8.748173,2,1,14,9,4,1,3
1588875619,"2020-05-07 18:20:19",0,176,16.007465,2,0,14,16,4,1,3
1588875679,"2020-05-07 18:21:19",0,191,3,2,0,15,3,4,1,3
1588875739,"2020-05-07 18:22:19",0,227,3,2,0,18,3,4,1,3
1588875799,"2020-05-07 18:23:19",0,201,10.49988,2.0415907,0,16,10,4,1,3
1588875859,"2020-05-07 18:24:19",0,187,3,2,0,15,3,4,1,3
1588875919,"2020-05-07 18:25:19",0,184,3,2,0,15,3,4,1,3
1588875979,"2020-05-07 18:26:19",0,203,27.503456,2.2410307,0,16,28,4,1,3
1588876039,"2020-05-07 18:27:19",0,176,12.719649,2,0,14,13,4,1,3
1588876099,"2020-05-07 18:28:19",0,168,3,2,0,13,3,4,1,3
1588876159,"2020-05-07 18:29:19",0,148,3,2,0,12,3,4,1,3
1588876219,"2020-05-07 18:30:19",0,141,3,2,0,11,3,4,1,3
1588876279,"2020-05-07 18:31:19",0,132,3,2,0,11,3,4,1,3
1588876339,"2020-05-07 18:32:19",0,137,37.066345,2.1539211,0,11,37,4,1,3
1588876399,"2020-05-07 18:33:19",0,135,3,2,0,11,3,4,1,3
1588876459,"2020-05-07 18:34:19",0,136,69.784294,5.8560314,0,11,83,12,1,3
1588876519,"2020-05-07 18:35:19",0,123,28.971039,2.1708183,0,10,29,4,1,3
1588876579,"2020-05-07 18:36:19",0,125,3,2,0,10,3,4,1,3
1588876639,"2020-05-07 18:37:19",0,107,48.62079,4.180456,0,9,49,8,1,3
1588876699,"2020-05-07 18:38:19",0,112,27.787071,2,0,9,28,4,1,3
1588876759,"2020-05-07 18:39:19",0,106,33.84321,2,0,8,34,4,1,3
1588876819,"2020-05-07 18:40:19",0,110,69.403854,3.644475,0,9,82,7,1,3
1588876879,"2020-05-07 18:41:19",0,110,47.089382,3.4431686,0,9,47,7,1,3
1588876939,"2020-05-07 18:42:19",0,107,3,2,0,9,3,4,1,3
1588876999,"2020-05-07 18:43:19",0,119,99.005394,8.030228,0,10,112,16,1,3
1588877059,"2020-05-07 18:44:19",0,114,39.988518,4.528738,0,9,40,9,1,3
1588877119,"2020-05-07 18:45:19",0,108,3,2,0,9,3,4,1,3
1588877179,"2020-05-07 18:46:19",0,117,18.963799,2,0,9,19,4,1,3
1588877239,"2020-05-07 18:47:19",0,118,19.815624,2.8451414,0,9,20,6,1,3
1588877358,"2020-05-07 18:49:18",0,113,3,2,0,9,3,4,1,3
1588877418,"2020-05-07 18:50:18",0,101,3,2,0,8,3,4,1,3
1588877478,"2020-05-07 18:51:18",0,111,3,2,0,9,3,4,1,3
1588877538,"2020-05-07 18:52:18",0,111,20.510025,3.803751,0,9,21,8,1,3
1588877598,"2020-05-07 18:53:18",63,118,5.658596,2,66,9,6,4,1,3
1588877658,"2020-05-07 18:54:18",64,120,3,2,67,10,3,4,1,3
1588877718,"2020-05-07 18:55:18",62,108,13.220678,2,65,9,13,4,1,3
1588877778,"2020-05-07 18:56:18",64,112,12.598611,2,67,9,13,4,1,3
1588877838,"2020-05-07 18:57:18",61,118,25.32223,2.7771435,65,9,25,6,1,3
1588877898,"2020-05-07 18:58:18",61,115,3,2,65,9,3,4,1,3
1588877958,"2020-05-07 18:59:18",0,105,6.6582675,2,0,8,7,4,1,3
1588878018,"2020-05-07 19:00:18",0,103,51.259117,3.947421,0,8,52,8,1,3
1588878079,"2020-05-07 19:01:19",0,0,3,2,0,0,3,4,1,3
1588878139,"2020-05-07 19:02:19",0,110,3,2,0,9,3,4,1,3
1588878199,"2020-05-07 19:03:19",0,101,9.199528,2,0,8,9,4,1,3
1588878259,"2020-05-07 19:04:19",0,86,19.792366,2.153679,0,7,20,4,1,3
1588878319,"2020-05-07 19:05:19",0,86,36.93524,4.145933,0,7,37,8,1,3
1588878379,"2020-05-07 19:06:19",0,95,6.3845243,2,0,8,6,4,1,3
1588878439,"2020-05-07 19:07:19",0,104,7.5305314,2.3860455,0,8,8,5,1,3
1588878499,"2020-05-07 19:08:19",0,99,8.490738,2.03623,0,8,8,4,1,3
1588878559,"2020-05-07 19:09:19",0,95,3,2,0,8,3,4,1,3
1588878619,"2020-05-07 19:10:19",0,103,3,2,0,8,3,4,1,3
1588878679,"2020-05-07 19:11:19",0,102,3,2,0,8,3,4,1,3
1588878739,"2020-05-07 19:12:19",0,106,4.565713,2,0,8,5,4,1,3
1588878799,"2020-05-07 19:13:19",0,93,3,2,0,7,3,4,1,3
1588878859,"2020-05-07 19:14:19",0,109,40.955837,3.253541,0,9,41,7,1,3
1588879099,"2020-05-07 19:18:19",0,128,5.333523,2,0,10,5,4,1,3
1588879159,"2020-05-07 19:19:19",0,128,48.850082,6.8461514,0,10,49,14,1,3
1588879219,"2020-05-07 19:20:19",0,130,19.376253,2,0,10,19,4,1,3
1588879279,"2020-05-07 19:21:19",0,0,21.885437,2,0,0,22,4,1,3
1588879339,"2020-05-07 19:22:19",0,132,11.631506,2,0,11,12,4,1,3
1588879399,"2020-05-07 19:23:19",0,133,3,2,0,11,3,4,1,3
1588879459,"2020-05-07 19:24:19",0,135,4.6443214,2,0,11,5,4,1,3
1588879519,"2020-05-07 19:25:19",0,135,3,2,0,11,3,4,1,3
1588879579,"2020-05-07 19:26:19",0,134,3,2,0,11,3,4,1,3
1588879639,"2020-05-07 19:27:19",0,137,31.433723,2.0884867,0,11,31,4,1,3
1588879699,"2020-05-07 19:28:19",0,138,12.069416,2,0,11,12,4,1,3
1588879759,"2020-05-07 19:29:19",0,137,3,2,0,11,3,4,1,3
1588879819,"2020-05-07 19:30:19",0,134,6.5428605,2.4124537,0,11,7,5,1,3
1588879879,"2020-05-07 19:31:19",0,138,28.463593,3.2291431,0,11,28,6,1,3
1588879939,"2020-05-07 19:32:19",0,140,3,2,0,11,3,4,1,3
1588879999,"2020-05-07 19:33:19",0,140,42.949455,4.0919743,0,11,43,8,1,3
1588880059,"2020-05-07 19:34:19",0,140,87.64804,6.8009386,0,11,105,14,1,3
1588880119,"2020-05-07 19:35:19",0,141,3,2,0,11,3,4,1,3
1588880179,"2020-05-07 19:36:19",0,144,22.69513,2.192521,0,12,23,4,1,3
1588880239,"2020-05-07 19:37:19",0,142,33.726524,3.4521656,0,11,34,7,1,3
1588880299,"2020-05-07 19:38:19",0,143,15.967968,2,0,11,16,4,1,3
1588880359,"2020-05-07 19:39:19",0,142,15.462094,2.898758,0,11,15,6,1,3
1588880419,"2020-05-07 19:40:19",0,141,5.955735,2,0,11,6,4,1,3
1588880479,"2020-05-07 19:41:19",0,146,51.24334,4.297187,0,12,52,9,1,3
1588880539,"2020-05-07 19:42:19",0,144,32.848053,3.6321735,0,12,33,7,1,3
1588880599,"2020-05-07 19:43:19",0,145,95.891106,7.757373,0,12,110,16,1,3
1588880659,"2020-05-07 19:44:19",0,143,3,2,0,11,3,4,1,3
1588880719,"2020-05-07 19:45:19",0,143,23.947279,3.9216557,0,11,24,8,1,3
1588880779,"2020-05-07 19:46:19",0,144,31.213902,3.5877333,0,12,31,7,1,3
1588880839,"2020-05-07 19:47:19",0,146,4.3027515,2,0,12,4,4,1,3
1588880899,"2020-05-07 19:48:19",0,145,3,2,0,12,3,4,1,3
1588880959,"2020-05-07 19:49:19",0,147,3,2,0,12,3,4,1,3
1588881019,"2020-05-07 19:50:19",0,146,6.561229,2,0,12,7,4,1,3
1588881079,"2020-05-07 19:51:19",0,145,3,2,0,12,3,4,1,3
1588881139,"2020-05-07 19:52:19",0,146,3,2,0,12,3,4,1,3
1588881199,"2020-05-07 19:53:19",0,148,3,2,0,12,3,4,1,3
1588881259,"2020-05-07 19:54:19",0,146,3,2,0,12,3,4,1,3
1588881319,"2020-05-07 19:55:19",0,148,5.2681007,2,0,12,5,4,1,3
1588881379,"2020-05-07 19:56:19",0,150,4.947421,2,0,12,5,4,1,3
1588881439,"2020-05-07 19:57:19",0,149,5.493913,2,0,12,5,4,1,3
1588881499,"2020-05-07 19:58:19",0,154,3,2,0,12,3,4,1,3
1588881559,"2020-05-07 19:59:19",0,154,3,2,0,12,3,4,1,3
1588881619,"2020-05-07 20:00:19",0,154,39.030075,2.3763409,0,12,39,5,1,3
1588881739,"2020-05-07 20:02:19",0,156,3,2,0,12,3,4,1,3
1588881799,"2020-05-07 20:03:19",0,156,3,2,0,12,3,4,1,3
1588881859,"2020-05-07 20:04:19",0,157,3,2,0,13,3,4,1,3
1588881919,"2020-05-07 20:05:19",0,155,3,2,0,12,3,4,1,3
1588881979,"2020-05-07 20:06:19",0,155,3,2,0,12,3,4,1,3
1588882039,"2020-05-07 20:07:19",0,158,3,2,0,13,3,4,1,3
1588882099,"2020-05-07 20:08:19",0,156,3,2,0,12,3,4,1,3
1588882159,"2020-05-07 20:09:19",0,156,3,2,0,12,3,4,1,3
1588882219,"2020-05-07 20:10:19",0,157,9.538164,2,0,13,10,4,1,3
1588882279,"2020-05-07 20:11:19",0,157,3,2,0,13,3,4,1,3
1588882339,"2020-05-07 20:12:19",0,156,10.541492,2,0,12,11,4,1,3
1588882399,"2020-05-07 20:13:19",0,158,3,2,0,13,3,4,1,3
1588882459,"2020-05-07 20:14:19",0,155,27.239758,2.4292898,0,12,27,5,1,3
1588882519,"2020-05-07 20:15:19",0,156,3,2,0,12,3,4,1,3
1588882579,"2020-05-07 20:16:19",0,155,5.251361,2.368204,0,12,5,5,1,3
1588882639,"2020-05-07 20:17:19",0,157,20.213713,2.6307049,0,13,20,5,1,3
1588882699,"2020-05-07 20:18:19",0,156,9.92161,2,0,12,10,4,1,3
1588882759,"2020-05-07 20:19:19",0,152,3,2,0,12,3,4,1,3
1588882819,"2020-05-07 20:20:19",0,158,12.88855,2,0,13,13,4,1,3
1588882879,"2020-05-07 20:21:19",1,199,28.617783,3.1145449,1,16,29,6,1,3
1588882939,"2020-05-07 20:22:19",0,203,14.432424,2.8259459,0,16,14,6,1,3
1588882999,"2020-05-07 20:23:19",0,175,3,2,0,14,3,4,1,3
1588883059,"2020-05-07 20:24:19",0,168,24.913761,2.1992636,0,13,25,4,1,3
1588883119,"2020-05-07 20:25:19",0,169,3,2,0,14,3,4,1,3
1588883179,"2020-05-07 20:26:19",0,170,13.751623,2,0,14,14,4,1,3
1588883239,"2020-05-07 20:27:19",0,170,11.759871,2,0,14,12,4,1,3
1588883299,"2020-05-07 20:28:19",0,167,3,2,0,13,3,4,1,3
1588883359,"2020-05-07 20:29:19",0,169,38.88096,2.2458134,0,14,39,4,1,3
1588883419,"2020-05-07 20:30:19",0,168,3,2,0,13,3,4,1,3
1588883479,"2020-05-07 20:31:19",0,169,21.261602,2.1125412,0,14,21,4,1,3
1588883539,"2020-05-07 20:32:19",2,169,3,2,1,14,3,4,1,3
1588883599,"2020-05-07 20:33:19",3,169,12.654454,2,3,14,13,4,1,3
1588883659,"2020-05-07 20:34:19",4,169,15.999892,2,4,14,16,4,1,3
1588883719,"2020-05-07 20:35:19",6,167,24.46093,2.6907482,6,13,24,5,1,3
1588883779,"2020-05-07 20:36:19",7,165,3,2,6,13,3,4,1,3
1588883839,"2020-05-07 20:37:19",8,168,6.6779184,2,7,13,7,4,1,3
1588883899,"2020-05-07 20:38:19",9,164,3,2,9,13,3,4,1,3
1588883959,"2020-05-07 20:39:19",11,163,3,2,10,13,3,4,1,3
1588884019,"2020-05-07 20:40:19",12,163,39.322544,4.277648,11,13,39,9,1,3
1588884079,"2020-05-07 20:41:19",13,164,3,2,12,13,3,4,1,3
1588884139,"2020-05-07 20:42:19",14,159,3,2,13,13,3,4,1,3
1588884199,"2020-05-07 20:43:19",15,160,3,2,14,13,3,4,1,3
1588884259,"2020-05-07 20:44:19",15,162,5.335285,2,14,13,5,4,1,3
1588884319,"2020-05-07 20:45:19",15,160,17.581726,2,14,13,18,4,1,3
1588884379,"2020-05-07 20:46:19",16,160,7.218878,2,15,13,7,4,1,3
1588884439,"2020-05-07 20:47:19",17,161,3,2,16,13,3,4,1,3
1588884499,"2020-05-07 20:48:19",20,159,8.544793,2,19,13,9,4,1,3
1588884559,"2020-05-07 20:49:19",19,160,3,2,18,13,3,4,1,3
1588884619,"2020-05-07 20:50:19",18,160,16.203976,2,17,13,16,4,1,3
1588884679,"2020-05-07 20:51:19",20,159,10.381978,2,19,13,10,4,1,3
1588884739,"2020-05-07 20:52:19",19,159,3,2,18,13,3,4,1,3
1588884799,"2020-05-07 20:53:19",20,161,3,2,19,13,3,4,1,3
1588884859,"2020-05-07 20:54:19",21,160,36.812714,2.1711502,19,13,37,4,1,3
1588884919,"2020-05-07 20:55:19",19,158,27.32899,2.913744,18,13,27,6,1,3
1588884979,"2020-05-07 20:56:19",20,160,3,2,19,13,3,4,1,3
1588885039,"2020-05-07 20:57:19",21,158,3,2,19,13,3,4,1,3
1588885099,"2020-05-07 20:58:19",21,160,34.62555,2.761715,20,13,35,6,1,3
1588885159,"2020-05-07 20:59:19",21,161,20.363897,2,19,13,20,4,1,3
1588885219,"2020-05-07 21:00:19",21,161,3,2,19,13,3,4,1,3
1588885279,"2020-05-07 21:01:19",21,160,50.05174,5.6942854,20,13,50,11,1,3
1588885339,"2020-05-07 21:02:19",21,161,3,2,20,13,3,4,1,3
1588885399,"2020-05-07 21:03:19",22,161,18.876219,2,21,13,19,4,1,3
1588885459,"2020-05-07 21:04:19",22,160,3,2,21,13,3,4,1,3
1588885519,"2020-05-07 21:05:19",23,159,3,2,23,13,3,4,1,3
1588885579,"2020-05-07 21:06:19",23,159,3,2,23,13,3,4,1,3
1588885639,"2020-05-07 21:07:19",21,159,8.394644,2,20,13,8,4,1,3
1588885699,"2020-05-07 21:08:19",22,161,41.412567,3.4728603,21,13,41,7,1,3
1588885759,"2020-05-07 21:09:19",23,160,8.690694,2,23,13,9,4,1,3
1588885819,"2020-05-07 21:10:19",22,160,6.142089,2,21,13,6,4,1,3
1588885879,"2020-05-07 21:11:19",22,162,3,2,21,13,3,4,1,3
1588885939,"2020-05-07 21:12:19",24,162,3,2,24,13,3,4,1,3
1588885999,"2020-05-07 21:13:19",24,163,3,2,24,13,3,4,1,3
1588886059,"2020-05-07 21:14:19",22,162,17.363064,2,21,13,17,4,1,3
1588886119,"2020-05-07 21:15:19",24,159,16.820045,2,24,13,17,4,1,3
1588886179,"2020-05-07 21:16:19",24,158,3,2,24,13,3,4,1,3
1588886239,"2020-05-07 21:17:19",25,161,3,2,25,13,3,4,1,3
1588886299,"2020-05-07 21:18:19",25,160,3,2,25,13,3,4,1,3
1588886359,"2020-05-07 21:19:19",24,158,3,2,24,13,3,4,1,3
1588886419,"2020-05-07 21:20:19",24,159,3,2,24,13,3,4,1,3
1588886479,"2020-05-07 21:21:19",22,161,3,2,21,13,3,4,1,3
1588886539,"2020-05-07 21:22:19",24,158,19.464663,2,24,13,19,4,1,3
1588886599,"2020-05-07 21:23:19",23,157,3,2,23,13,3,4,1,3
1588886659,"2020-05-07 21:24:19",24,158,3,2,24,13,3,4,1,3
1588886719,"2020-05-07 21:25:19",24,158,17.946949,2,24,13,18,4,1,3
1588886779,"2020-05-07 21:26:19",24,160,3,2,24,13,3,4,1,3
1588886839,"2020-05-07 21:27:19",24,158,3,2,24,13,3,4,1,3
1588886899,"2020-05-07 21:28:19",24,157,3,2,24,13,3,4,1,3
1588886959,"2020-05-07 21:29:19",24,160,48.91836,3.5253296,24,13,49,7,1,3
1588887019,"2020-05-07 21:30:19",24,161,3,2,24,13,3,4,1,3
1588887079,"2020-05-07 21:31:19",24,159,3,2,24,13,3,4,1,3
1588887139,"2020-05-07 21:32:19",24,160,12.680109,2,24,13,13,4,1,3
1588887199,"2020-05-07 21:33:19",25,158,3,2,25,13,3,4,1,3
1588887259,"2020-05-07 21:34:19",25,156,3,2,25,12,3,4,1,3
1588887319,"2020-05-07 21:35:19",26,158,4.445291,2,26,13,4,4,1,3
1588887379,"2020-05-07 21:36:19",24,158,3,2,24,13,3,4,1,3
1588887439,"2020-05-07 21:37:19",24,158,69.78357,4.3086405,24,13,83,9,1,3
1588887559,"2020-05-07 21:39:19",0,160,16.575191,2,0,13,17,4,1,3
1588887619,"2020-05-07 21:40:19",24,159,13.633361,2,24,13,14,4,1,3
1588887679,"2020-05-07 21:41:19",24,158,3,2,24,13,3,4,1,3
1588887739,"2020-05-07 21:42:19",27,158,8.686917,2,28,13,9,4,1,3
1588887799,"2020-05-07 21:43:19",25,0,3,2,25,0,3,4,1,3
1588887859,"2020-05-07 21:44:19",26,157,3,2,26,13,3,4,1,3
1588887919,"2020-05-07 21:45:19",27,156,3,2,28,12,3,4,1,3
1588887979,"2020-05-07 21:46:19",25,159,10.260108,2,25,13,10,4,1,3
1588888039,"2020-05-07 21:47:19",24,160,7.9651413,2.068077,24,13,8,4,1,3
1588888099,"2020-05-07 21:48:19",25,159,5.2987156,2,25,13,5,4,1,3
1588888159,"2020-05-07 21:49:19",0,158,3,2,0,13,3,4,1,3
1588888219,"2020-05-07 21:50:19",24,157,3,2,24,13,3,4,1,3
1588888279,"2020-05-07 21:51:19",24,158,3,2,24,13,3,4,1,3
1588888339,"2020-05-07 21:52:19",24,158,5.5578313,2,24,13,6,4,1,3
1588888399,"2020-05-07 21:53:19",24,156,3,2,24,12,3,4,1,3
1588888459,"2020-05-07 21:54:19",24,158,16.139908,2.1380138,24,13,16,4,1,3
1588888519,"2020-05-07 21:55:19",24,159,12.268566,2,24,13,12,4,1,3
1588888579,"2020-05-07 21:56:19",25,156,10.527982,2.277113,25,12,11,5,1,3
1588888639,"2020-05-07 21:57:19",0,158,17.281738,2.122879,0,13,17,4,1,3
1588888699,"2020-05-07 21:58:19",24,156,3,2,24,12,3,4,1,3
1588888759,"2020-05-07 21:59:19",24,157,5.2350683,2,24,13,5,4,1,3
1588888819,"2020-05-07 22:00:19",26,156,10.2289505,2.8301287,26,12,10,6,1,3
1588888879,"2020-05-07 22:01:19",24,156,3,2,24,12,3,4,1,3
1588888939,"2020-05-07 22:02:19",25,159,6.628068,2,25,13,7,4,1,3
1588888999,"2020-05-07 22:03:19",25,156,8.928164,2,25,12,9,4,1,3
1588889059,"2020-05-07 22:04:19",25,157,3,2,25,13,3,4,1,3
1588889119,"2020-05-07 22:05:19",24,157,7.9456687,2,24,13,8,4,1,3
1588889179,"2020-05-07 22:06:19",26,157,3,2,26,13,3,4,1,3
1588889239,"2020-05-07 22:07:19",25,156,14.172853,2,25,12,14,4,1,3
1588889299,"2020-05-07 22:08:19",24,157,3,2,24,13,3,4,1,3
1588889359,"2020-05-07 22:09:19",27,155,3,2,28,12,3,4,1,3
1588889419,"2020-05-07 22:10:19",26,157,14.576693,2,26,13,15,4,1,3
1588889479,"2020-05-07 22:11:19",26,158,3,2,26,13,3,4,1,3
1588889539,"2020-05-07 22:12:19",27,157,3,2,28,13,3,4,1,3
1588889599,"2020-05-07 22:13:19",25,157,29.90395,2.429428,25,13,30,5,1,3
1588889659,"2020-05-07 22:14:19",27,156,8.812525,2,28,12,9,4,1,3
1588889719,"2020-05-07 22:15:19",26,157,3.8853357,2,26,13,4,4,1,3
1588889779,"2020-05-07 22:16:19",24,157,3.3764582,2,24,13,3,4,1,3
1588889839,"2020-05-07 22:17:19",27,154,3,2,28,12,3,4,1,3
1588889899,"2020-05-07 22:18:19",26,156,3.0310674,2,26,12,3,4,1,3
1588889959,"2020-05-07 22:19:19",27,153,3,2,28,12,3,4,1,3
1588890019,"2020-05-07 22:20:19",27,155,20.908321,2.2742262,28,12,21,5,1,3
1588890079,"2020-05-07 22:21:19",27,154,3,2,28,12,3,4,1,3
1588890139,"2020-05-07 22:22:19",26,154,3,2,26,12,3,4,1,3
1588890199,"2020-05-07 22:23:19",27,154,3,2,28,12,3,4,1,3
1588890259,"2020-05-07 22:24:19",27,154,8.68965,2,28,12,9,4,1,3
1588890319,"2020-05-07 22:25:19",26,157,4.7165546,2,26,13,5,4,1,3
1588890379,"2020-05-07 22:26:19",27,155,3,2,28,12,3,4,1,3
1588890439,"2020-05-07 22:27:19",27,154,3,2,29,12,3,4,1,3
1588890499,"2020-05-07 22:28:19",27,154,3,2,28,12,3,4,1,3
1588890559,"2020-05-07 22:29:19",27,153,30.777548,2.2121754,28,12,31,4,1,3
1588890619,"2020-05-07 22:30:19",27,155,8.979185,2,28,12,9,4,1,3
1588890679,"2020-05-07 22:31:19",27,154,3,2,28,12,3,4,1,3
1588890739,"2020-05-07 22:32:19",28,155,29.87211,3.0499554,30,12,30,6,1,3
1588890799,"2020-05-07 22:33:19",28,154,10.210182,2,30,12,10,4,1,3
1588890859,"2020-05-07 22:34:19",27,155,3,2,28,12,3,4,1,3
1588890919,"2020-05-07 22:35:19",27,154,3,2,28,12,3,4,1,3
1588890979,"2020-05-07 22:36:19",27,154,9.872961,2,28,12,10,4,1,3
1588891039,"2020-05-07 22:37:19",27,155,27.412912,2.3419113,28,12,27,5,1,3
1588891099,"2020-05-07 22:38:19",27,154,20.98631,2.0247974,28,12,21,4,1,3
1588891159,"2020-05-07 22:39:19",27,155,3,2,28,12,3,4,1,3
1588891219,"2020-05-07 22:40:19",27,154,3,2,28,12,3,4,1,3
1588891279,"2020-05-07 22:41:19",27,155,3,2,29,12,3,4,1,3
1588891399,"2020-05-07 22:43:19",27,155,3,2,28,12,3,4,1,3
1588891459,"2020-05-07 22:44:19",27,154,15.30135,2,28,12,15,4,1,3
1588891519,"2020-05-07 22:45:19",27,156,3,2,29,12,3,4,1,3
1588891579,"2020-05-07 22:46:19",27,155,3,2,29,12,3,4,1,3
1588891639,"2020-05-07 22:47:19",27,156,7.680041,2.683426,28,12,8,5,1,3
1588891699,"2020-05-07 22:48:19",27,156,3,2,28,12,3,4,1,3
1588891759,"2020-05-07 22:49:19",27,153,31.79591,2.4206057,28,12,32,5,1,3
1588891819,"2020-05-07 22:50:19",27,155,38.55845,2.6176357,29,12,39,5,1,3
1588891879,"2020-05-07 22:51:19",27,156,3,2,28,12,3,4,1,3
1588891939,"2020-05-07 22:52:19",27,155,3,2,28,12,3,4,1,3
1588891999,"2020-05-07 22:53:19",27,154,3,2,29,12,3,4,1,3
1588892059,"2020-05-07 22:54:19",27,155,3,2,28,12,3,4,1,3
1588892119,"2020-05-07 22:55:19",27,155,5.6234674,2,29,12,6,4,1,3
1588892179,"2020-05-07 22:56:19",28,155,19.019747,2,30,12,19,4,1,3
1588892239,"2020-05-07 22:57:19",27,154,6.0512567,2,28,12,6,4,1,3
1588892299,"2020-05-07 22:58:19",27,152,8.86259,2,29,12,9,4,1,3
1588892359,"2020-05-07 22:59:19",27,157,3,2,28,13,3,4,1,3
1588892419,"2020-05-07 23:00:19",28,152,13.127737,2.015339,30,12,13,4,1,3
1588892479,"2020-05-07 23:01:19",27,154,3,2,28,12,3,4,1,3
1588892539,"2020-05-07 23:02:19",28,155,19.064337,2,30,12,19,4,1,3
1588892599,"2020-05-07 23:03:19",28,157,9.969755,2,30,13,10,4,1,3
1588892659,"2020-05-07 23:04:19",28,154,3,2,30,12,3,4,1,3
1588892719,"2020-05-07 23:05:19",29,155,3,2,31,12,3,4,1,3
1588892779,"2020-05-07 23:06:19",28,155,3,2,30,12,3,4,1,3
1588892839,"2020-05-07 23:07:19",28,153,3,2,29,12,3,4,1,3
1588892899,"2020-05-07 23:08:19",28,156,3,2,30,12,3,4,1,3
1588892959,"2020-05-07 23:09:19",29,154,3,2,31,12,3,4,1,3
1588893019,"2020-05-07 23:10:19",29,152,3,2,31,12,3,4,1,3
1588893079,"2020-05-07 23:11:19",29,152,7.547727,2,31,12,8,4,1,3
1588893139,"2020-05-07 23:12:19",29,152,3,2,31,12,3,4,1,3
1588893199,"2020-05-07 23:13:19",32,150,3,2,35,12,3,4,1,3
1588893259,"2020-05-07 23:14:19",32,147,6.8277216,2,35,12,7,4,1,3
1588893319,"2020-05-07 23:15:19",31,147,3,2,34,12,3,4,1,3
1588893379,"2020-05-07 23:16:19",32,148,24.203197,2.9340048,35,12,24,6,1,3
1588893439,"2020-05-07 23:17:19",32,146,3,2,35,12,3,4,1,3
1588893499,"2020-05-07 23:18:19",32,145,6.4055724,2,35,12,6,4,1,3
1588893559,"2020-05-07 23:19:19",32,146,13.386595,2,35,12,13,4,1,3
1588893619,"2020-05-07 23:20:19",32,144,26.961369,2.0911493,35,12,27,4,1,3
1588893679,"2020-05-07 23:21:19",33,145,11.154201,2,36,12,11,4,1,3
1588893739,"2020-05-07 23:22:19",34,143,3,2,38,11,3,4,1,3
1588893799,"2020-05-07 23:23:19",35,144,40.99259,3.283371,39,12,41,7,1,3
1588893859,"2020-05-07 23:24:19",35,145,3,2,39,12,3,4,1,3
1588893919,"2020-05-07 23:25:19",35,144,24.189932,2.2708778,39,12,24,5,1,3
1588893979,"2020-05-07 23:26:19",35,144,14.984963,2,39,12,15,4,1,3
1588894039,"2020-05-07 23:27:19",35,144,3,2,39,12,3,4,1,3
1588894099,"2020-05-07 23:28:19",35,144,3,2,39,12,3,4,1,3
1588894159,"2020-05-07 23:29:19",36,144,4.4656467,2,41,12,4,4,1,3
1588894219,"2020-05-07 23:30:19",35,145,17.019669,2,39,12,17,4,1,3
1588894279,"2020-05-07 23:31:19",36,142,3,2,41,11,3,4,1,3
1588894339,"2020-05-07 23:32:19",36,141,3,2,40,11,3,4,1,3
1588894399,"2020-05-07 23:33:19",36,142,3,2,40,11,3,4,1,3
1588894459,"2020-05-07 23:34:19",36,140,3,2,40,11,3,4,1,3
1588894519,"2020-05-07 23:35:19",36,142,8.919811,2,40,11,9,4,1,3
1588894579,"2020-05-07 23:36:19",37,141,3,2,42,11,3,4,1,3
1588894639,"2020-05-07 23:37:19",36,141,19.227243,2,40,11,19,4,1,3
1588894699,"2020-05-07 23:38:19",37,143,38.557186,2.6362677,42,11,39,5,1,3
1588894759,"2020-05-07 23:39:19",37,142,3,2,43,11,3,4,1,3
1588894819,"2020-05-07 23:40:19",37,139,3.5673943,2,43,11,4,4,1,3
1588894879,"2020-05-07 23:41:19",37,141,6.8026013,2,43,11,7,4,1,3
1588894939,"2020-05-07 23:42:19",37,140,3,2,43,11,3,4,1,3
1588894999,"2020-05-07 23:43:19",37,139,11.282194,2,42,11,11,4,1,3
1588895059,"2020-05-07 23:44:19",37,141,3,2,43,11,3,4,1,3
1588895119,"2020-05-07 23:45:19",37,142,3,2,43,11,3,4,1,3
1588895179,"2020-05-07 23:46:19",37,138,10.046973,2.015749,43,11,10,4,1,3
1588895239,"2020-05-07 23:47:19",37,141,3,2,43,11,3,4,1,3
1588895299,"2020-05-07 23:48:19",38,137,13.332143,2,43,11,13,4,1,3
1588895359,"2020-05-07 23:49:19",38,138,3,2,44,11,3,4,1,3
1588895419,"2020-05-07 23:50:19",39,137,3,2,45,11,3,4,1,3
1588895479,"2020-05-07 23:51:19",39,135,3,2,45,11,3,4,1,3
1588895539,"2020-05-07 23:52:19",40,136,3,2,47,11,3,4,1,3
1588895599,"2020-05-07 23:53:19",40,137,3,2,47,11,3,4,1,3
1588895659,"2020-05-07 23:54:19",41,136,3,2,48,11,3,4,1,3
1588895719,"2020-05-07 23:55:19",40,135,3,2,47,11,3,4,1,3
1588895779,"2020-05-07 23:56:19",39,136,26.650856,3.0847168,45,11,27,6,1,3
1588895839,"2020-05-07 23:57:19",40,136,3,2,47,11,3,4,1,3
1588895899,"2020-05-07 23:58:19",40,137,5.08733,2,47,11,5,4,1,3
1588895959,"2020-05-07 23:59:19",0,134,3,2,0,11,3,4,1,3
