1593505751,"2020-06-30 08:29:11",13,219,3,2,12,18,3,4,1,3
1593475211,"2020-06-30 00:00:11",11,255,3,2,11,20,3,4,1,3
1593475271,"2020-06-30 00:01:11",12,256,3,2,11,20,3,4,1,3
1593475331,"2020-06-30 00:02:11",12,253,3,2,11,20,3,4,1,3
1593475391,"2020-06-30 00:03:11",12,256,3,2,11,20,3,4,1,3
1593475451,"2020-06-30 00:04:11",11,256,7.671988,2,10,20,8,4,1,3
1593475511,"2020-06-30 00:05:11",12,258,3,2,11,21,3,4,1,3
1593475571,"2020-06-30 00:06:11",12,255,3,2,11,20,3,4,1,3
1593475631,"2020-06-30 00:07:11",12,253,3,2,11,20,3,4,1,3
1593475691,"2020-06-30 00:08:11",12,254,3,2,11,20,3,4,1,3
1593475751,"2020-06-30 00:09:11",12,254,3,2,11,20,3,4,1,3
1593475811,"2020-06-30 00:10:11",12,252,3,2,11,20,3,4,1,3
1593475871,"2020-06-30 00:11:11",12,254,3,2,11,20,3,4,1,3
1593475931,"2020-06-30 00:12:11",12,252,23.54116,2.9883795,11,20,24,6,1,3
1593475991,"2020-06-30 00:13:11",12,251,16.293764,2,11,20,16,4,1,3
1593476051,"2020-06-30 00:14:11",13,253,3,2,12,20,3,4,1,3
1593476111,"2020-06-30 00:15:11",13,251,3,2,12,20,3,4,1,3
1593476171,"2020-06-30 00:16:11",13,252,3,2,12,20,3,4,1,3
1593476231,"2020-06-30 00:17:11",12,253,9.0151,2,11,20,9,4,1,3
1593476291,"2020-06-30 00:18:11",13,251,3,2,12,20,3,4,1,3
1593476351,"2020-06-30 00:19:11",12,248,3,2,11,20,3,4,1,3
1593476411,"2020-06-30 00:20:11",12,253,3,2,11,20,3,4,1,3
1593476471,"2020-06-30 00:21:11",12,252,3,2,11,20,3,4,1,3
1593476531,"2020-06-30 00:22:11",12,252,3,2,11,20,3,4,1,3
1593476591,"2020-06-30 00:23:11",13,254,3,2,12,20,3,4,1,3
1593476651,"2020-06-30 00:24:11",13,256,3,2,12,20,3,4,1,3
1593476711,"2020-06-30 00:25:11",12,250,3,2,11,20,3,4,1,3
1593476771,"2020-06-30 00:26:11",12,251,3,2,11,20,3,4,1,3
1593476831,"2020-06-30 00:27:11",12,257,3,2,11,21,3,4,1,3
1593476891,"2020-06-30 00:28:11",12,255,3,2,11,20,3,4,1,3
1593476951,"2020-06-30 00:29:11",12,255,3,2,11,20,3,4,1,3
1593477011,"2020-06-30 00:30:11",12,250,3,2,11,20,3,4,1,3
1593477071,"2020-06-30 00:31:11",11,251,3,2,10,20,3,4,1,3
1593477131,"2020-06-30 00:32:11",13,254,3,2,12,20,3,4,1,3
1593477191,"2020-06-30 00:33:11",13,250,3,2,12,20,3,4,1,3
1593477251,"2020-06-30 00:34:11",13,250,3,2,12,20,3,4,1,3
1593477311,"2020-06-30 00:35:11",13,248,3,2,12,20,3,4,1,3
1593477371,"2020-06-30 00:36:11",12,251,4.3430915,2,11,20,4,4,1,3
1593477431,"2020-06-30 00:37:11",12,249,3.6491063,2,11,20,4,4,1,3
1593477491,"2020-06-30 00:38:11",12,253,3,2,11,20,3,4,1,3
1593477551,"2020-06-30 00:39:11",13,249,3,2,12,20,3,4,1,3
1593477611,"2020-06-30 00:40:11",13,255,3,2,12,20,3,4,1,3
1593477671,"2020-06-30 00:41:11",13,254,3,2,12,20,3,4,1,3
1593477731,"2020-06-30 00:42:11",13,253,3,2,12,20,3,4,1,3
1593477791,"2020-06-30 00:43:11",13,252,3,2,12,20,3,4,1,3
1593477851,"2020-06-30 00:44:11",12,253,3,2,11,20,3,4,1,3
1593477911,"2020-06-30 00:45:11",12,251,3,2,11,20,3,4,1,3
1593477971,"2020-06-30 00:46:11",13,250,3,2,12,20,3,4,1,3
1593478031,"2020-06-30 00:47:11",12,252,3,2,11,20,3,4,1,3
1593478091,"2020-06-30 00:48:11",12,248,3,2,11,20,3,4,1,3
1593478151,"2020-06-30 00:49:11",11,254,3,2,10,20,3,4,1,3
1593478211,"2020-06-30 00:50:11",12,257,3,2,11,21,3,4,1,3
1593478271,"2020-06-30 00:51:11",13,256,3,2,12,20,3,4,1,3
1593478331,"2020-06-30 00:52:11",13,255,3,2,12,20,3,4,1,3
1593478391,"2020-06-30 00:53:11",12,255,3,2,11,20,3,4,1,3
1593478451,"2020-06-30 00:54:11",11,254,3,2,10,20,3,4,1,3
1593478511,"2020-06-30 00:55:11",12,251,3,2,11,20,3,4,1,3
1593478571,"2020-06-30 00:56:11",12,255,3,2,11,20,3,4,1,3
1593478631,"2020-06-30 00:57:11",12,260,3,2,11,21,3,4,1,3
1593478691,"2020-06-30 00:58:11",12,256,3,2,11,20,3,4,1,3
1593478751,"2020-06-30 00:59:11",12,251,3,2,11,20,3,4,1,3
1593478811,"2020-06-30 01:00:11",12,252,3,2,11,20,3,4,1,3
1593478871,"2020-06-30 01:01:11",13,249,3,2,12,20,3,4,1,3
1593478931,"2020-06-30 01:02:11",13,254,3,2,12,20,3,4,1,3
1593478991,"2020-06-30 01:03:11",12,249,3,2,11,20,3,4,1,3
1593479051,"2020-06-30 01:04:11",12,248,3,2,11,20,3,4,1,3
1593479111,"2020-06-30 01:05:11",13,254,3,2,12,20,3,4,1,3
1593479171,"2020-06-30 01:06:11",13,250,3,2,12,20,3,4,1,3
1593479231,"2020-06-30 01:07:11",12,251,3,2,11,20,3,4,1,3
1593479291,"2020-06-30 01:08:11",12,255,3,2,11,20,3,4,1,3
1593479351,"2020-06-30 01:09:11",12,253,3,2,11,20,3,4,1,3
1593479411,"2020-06-30 01:10:11",12,253,3,2,11,20,3,4,1,3
1593479471,"2020-06-30 01:11:11",12,253,3,2,11,20,3,4,1,3
1593479531,"2020-06-30 01:12:11",12,251,3,2,11,20,3,4,1,3
1593479591,"2020-06-30 01:13:11",12,255,3,2,11,20,3,4,1,3
1593479651,"2020-06-30 01:14:11",12,253,3,2,11,20,3,4,1,3
1593479711,"2020-06-30 01:15:11",12,255,3,2,11,20,3,4,1,3
1593479771,"2020-06-30 01:16:11",11,249,3,2,10,20,3,4,1,3
1593479831,"2020-06-30 01:17:11",12,254,3,2,11,20,3,4,1,3
1593479891,"2020-06-30 01:18:11",12,255,3,2,11,20,3,4,1,3
1593479951,"2020-06-30 01:19:11",12,255,3,2,11,20,3,4,1,3
1593480011,"2020-06-30 01:20:11",12,252,3,2,11,20,3,4,1,3
1593480071,"2020-06-30 01:21:11",12,254,3,2,11,20,3,4,1,3
1593480131,"2020-06-30 01:22:11",12,249,3,2,11,20,3,4,1,3
1593480191,"2020-06-30 01:23:11",12,252,3,2,11,20,3,4,1,3
1593480251,"2020-06-30 01:24:11",12,254,3,2,11,20,3,4,1,3
1593480311,"2020-06-30 01:25:11",12,258,3,2,11,21,3,4,1,3
1593480371,"2020-06-30 01:26:11",12,255,3,2,11,20,3,4,1,3
1593480431,"2020-06-30 01:27:11",12,253,3,2,11,20,3,4,1,3
1593480491,"2020-06-30 01:28:11",12,250,3,2,11,20,3,4,1,3
1593480551,"2020-06-30 01:29:11",12,252,3,2,11,20,3,4,1,3
1593480611,"2020-06-30 01:30:11",12,246,3,2,11,20,3,4,1,3
1593480671,"2020-06-30 01:31:11",12,248,3,2,11,20,3,4,1,3
1593480731,"2020-06-30 01:32:11",12,248,3,2,11,20,3,4,1,3
1593480791,"2020-06-30 01:33:11",13,251,3,2,12,20,3,4,1,3
1593480851,"2020-06-30 01:34:11",13,252,3,2,12,20,3,4,1,3
1593480911,"2020-06-30 01:35:11",13,252,3,2,12,20,3,4,1,3
1593480971,"2020-06-30 01:36:11",12,251,3,2,11,20,3,4,1,3
1593481031,"2020-06-30 01:37:11",12,252,3,2,11,20,3,4,1,3
1593481091,"2020-06-30 01:38:11",13,254,3,2,12,20,3,4,1,3
1593481151,"2020-06-30 01:39:11",13,250,3,2,12,20,3,4,1,3
1593481211,"2020-06-30 01:40:11",13,253,3,2,12,20,3,4,1,3
1593481271,"2020-06-30 01:41:11",13,253,3.5627995,2,12,20,4,4,1,3
1593481331,"2020-06-30 01:42:11",12,249,3,2,11,20,3,4,1,3
1593481391,"2020-06-30 01:43:11",12,254,3,2,11,20,3,4,1,3
1593481451,"2020-06-30 01:44:11",12,251,3,2,11,20,3,4,1,3
1593481511,"2020-06-30 01:45:11",12,251,3,2,11,20,3,4,1,3
1593481571,"2020-06-30 01:46:11",0,254,3,2,0,20,3,4,1,3
1593481631,"2020-06-30 01:47:11",12,251,3,2,11,20,3,4,1,3
1593481691,"2020-06-30 01:48:11",12,255,3,2,11,20,3,4,1,3
1593481751,"2020-06-30 01:49:11",12,253,3,2,11,20,3,4,1,3
1593481811,"2020-06-30 01:50:11",12,253,3,2,11,20,3,4,1,3
1593481871,"2020-06-30 01:51:11",12,251,3.7574618,2,11,20,4,4,1,3
1593481931,"2020-06-30 01:52:11",13,252,3,2,12,20,3,4,1,3
1593481991,"2020-06-30 01:53:11",12,251,3,2,11,20,3,4,1,3
1593482051,"2020-06-30 01:54:11",12,253,9.063974,2,11,20,9,4,1,3
1593482111,"2020-06-30 01:55:11",12,255,3,2,11,20,3,4,1,3
1593482171,"2020-06-30 01:56:11",0,251,3,2,0,20,3,4,1,3
1593482231,"2020-06-30 01:57:11",12,249,3,2,11,20,3,4,1,3
1593482291,"2020-06-30 01:58:11",12,249,3,2,11,20,3,4,1,3
1593482351,"2020-06-30 01:59:11",13,244,3,2,12,20,3,4,1,3
1593482411,"2020-06-30 02:00:11",13,248,3,2,12,20,3,4,1,3
1593482471,"2020-06-30 02:01:11",13,252,3.7072084,2,12,20,4,4,1,3
1593482591,"2020-06-30 02:03:11",13,247,3,2,12,20,3,4,1,3
1593482651,"2020-06-30 02:04:11",12,245,3,2,11,20,3,4,1,3
1593482711,"2020-06-30 02:05:11",13,249,3,2,12,20,3,4,1,3
1593482771,"2020-06-30 02:06:11",0,248,3,2,0,20,3,4,1,3
1593482831,"2020-06-30 02:07:11",13,0,9.435825,2,12,0,9,4,1,3
1593482891,"2020-06-30 02:08:11",13,246,3,2,12,20,3,4,1,3
1593482951,"2020-06-30 02:09:11",13,248,9.856987,2,12,20,10,4,1,3
1593483011,"2020-06-30 02:10:11",13,249,18.592318,2.3169155,12,20,19,5,1,3
1593483071,"2020-06-30 02:11:11",13,251,3,2,12,20,3,4,1,3
1593483131,"2020-06-30 02:12:11",12,246,3,2,11,20,3,4,1,3
1593483191,"2020-06-30 02:13:11",13,249,3.3003733,2,12,20,3,4,1,3
1593483251,"2020-06-30 02:14:11",13,249,3,2,12,20,3,4,1,3
1593483311,"2020-06-30 02:15:11",12,247,3,2,11,20,3,4,1,3
1593483371,"2020-06-30 02:16:11",0,247,3,2,0,20,3,4,1,3
1593483431,"2020-06-30 02:17:11",12,248,3,2,11,20,3,4,1,3
1593483491,"2020-06-30 02:18:11",12,248,3,2,11,20,3,4,1,3
1593483551,"2020-06-30 02:19:11",13,250,3,2,12,20,3,4,1,3
1593483611,"2020-06-30 02:20:11",13,252,3,2,12,20,3,4,1,3
1593483671,"2020-06-30 02:21:11",0,249,3,2,0,20,3,4,1,3
1593483731,"2020-06-30 02:22:11",12,249,3,2,11,20,3,4,1,3
1593483791,"2020-06-30 02:23:11",13,250,3,2,12,20,3,4,1,3
1593483851,"2020-06-30 02:24:11",12,248,3,2,11,20,3,4,1,3
1593483911,"2020-06-30 02:25:11",13,245,3,2,12,20,3,4,1,3
1593483971,"2020-06-30 02:26:11",13,249,6.975781,2,12,20,7,4,1,3
1593484031,"2020-06-30 02:27:11",12,244,4.5796986,2,11,20,5,4,1,3
1593484091,"2020-06-30 02:28:11",13,248,3,2,12,20,3,4,1,3
1593484151,"2020-06-30 02:29:11",13,244,3,2,12,20,3,4,1,3
1593484211,"2020-06-30 02:30:11",13,247,3,2,12,20,3,4,1,3
1593484271,"2020-06-30 02:31:11",13,248,3,2,12,20,3,4,1,3
1593484331,"2020-06-30 02:32:11",13,246,3,2,12,20,3,4,1,3
1593484391,"2020-06-30 02:33:11",13,247,3,2,12,20,3,4,1,3
1593484451,"2020-06-30 02:34:11",14,244,5.4733562,2,13,20,5,4,1,3
1593484511,"2020-06-30 02:35:11",13,244,3,2,12,20,3,4,1,3
1593484571,"2020-06-30 02:36:11",14,243,3,2,13,19,3,4,1,3
1593484631,"2020-06-30 02:37:11",13,245,3,2,12,20,3,4,1,3
1593484691,"2020-06-30 02:38:11",12,243,8.560944,2,11,19,9,4,1,3
1593484751,"2020-06-30 02:39:11",13,246,3,2,12,20,3,4,1,3
1593484811,"2020-06-30 02:40:11",13,244,3,2,12,20,3,4,1,3
1593484871,"2020-06-30 02:41:11",13,244,6.2536106,2,12,20,6,4,1,3
1593484931,"2020-06-30 02:42:11",13,246,3,2,12,20,3,4,1,3
1593484991,"2020-06-30 02:43:11",13,243,3,2,12,19,3,4,1,3
1593485051,"2020-06-30 02:44:11",13,249,3,2,12,20,3,4,1,3
1593485111,"2020-06-30 02:45:11",13,246,3,2,12,20,3,4,1,3
1593485171,"2020-06-30 02:46:11",12,247,3,2,11,20,3,4,1,3
1593485231,"2020-06-30 02:47:11",14,248,3,2,13,20,3,4,1,3
1593485291,"2020-06-30 02:48:11",13,246,3,2,12,20,3,4,1,3
1593485351,"2020-06-30 02:49:11",12,247,3,2,11,20,3,4,1,3
1593485411,"2020-06-30 02:50:11",13,247,11.535279,2,12,20,12,4,1,3
1593485471,"2020-06-30 02:51:11",14,245,3,2,13,20,3,4,1,3
1593485531,"2020-06-30 02:52:11",13,242,3,2,12,19,3,4,1,3
1593485591,"2020-06-30 02:53:11",13,247,3,2,12,20,3,4,1,3
1593485651,"2020-06-30 02:54:11",13,247,3,2,12,20,3,4,1,3
1593485711,"2020-06-30 02:55:11",13,246,3,2,12,20,3,4,1,3
1593485771,"2020-06-30 02:56:11",13,248,3,2,12,20,3,4,1,3
1593485831,"2020-06-30 02:57:11",13,246,3,2,12,20,3,4,1,3
1593485891,"2020-06-30 02:58:11",13,248,3,2,12,20,3,4,1,3
1593485951,"2020-06-30 02:59:11",13,245,3,2,12,20,3,4,1,3
1593486011,"2020-06-30 03:00:11",13,242,3.2938902,2,12,19,3,4,1,3
1593486071,"2020-06-30 03:01:11",13,245,3,2,12,20,3,4,1,3
1593486131,"2020-06-30 03:02:11",13,247,3,2,12,20,3,4,1,3
1593486191,"2020-06-30 03:03:11",13,244,3,2,12,20,3,4,1,3
1593486251,"2020-06-30 03:04:11",13,241,3,2,12,19,3,4,1,3
1593486311,"2020-06-30 03:05:11",13,242,4.569439,2,12,19,5,4,1,3
1593486371,"2020-06-30 03:06:11",14,246,3,2,13,20,3,4,1,3
1593486431,"2020-06-30 03:07:11",14,242,3,2,13,19,3,4,1,3
1593486491,"2020-06-30 03:08:11",13,240,3,2,12,19,3,4,1,3
1593486551,"2020-06-30 03:09:11",14,241,3,2,13,19,3,4,1,3
1593486611,"2020-06-30 03:10:11",14,243,3,2,13,19,3,4,1,3
1593486671,"2020-06-30 03:11:11",14,242,3,2,13,19,3,4,1,3
1593486731,"2020-06-30 03:12:11",14,243,3,2,13,19,3,4,1,3
1593486791,"2020-06-30 03:13:11",14,245,13.440488,2.5933666,13,20,13,5,1,3
1593486851,"2020-06-30 03:14:11",14,245,3,2,13,20,3,4,1,3
1593486911,"2020-06-30 03:15:11",14,245,3,2,13,20,3,4,1,3
1593486971,"2020-06-30 03:16:11",14,240,3,2,13,19,3,4,1,3
1593487031,"2020-06-30 03:17:11",13,243,3,2,12,19,3,4,1,3
1593487091,"2020-06-30 03:18:11",13,243,3,2,12,19,3,4,1,3
1593487151,"2020-06-30 03:19:11",13,243,3,2,12,19,3,4,1,3
1593487211,"2020-06-30 03:20:11",13,242,3,2,12,19,3,4,1,3
1593487271,"2020-06-30 03:21:11",14,240,3,2,13,19,3,4,1,3
1593487331,"2020-06-30 03:22:11",13,248,3,2,12,20,3,4,1,3
1593487391,"2020-06-30 03:23:11",13,243,3,2,12,19,3,4,1,3
1593487451,"2020-06-30 03:24:11",13,242,3,2,12,19,3,4,1,3
1593487511,"2020-06-30 03:25:11",13,242,3,2,12,19,3,4,1,3
1593487571,"2020-06-30 03:26:11",13,242,6.214328,2,12,19,6,4,1,3
1593487631,"2020-06-30 03:27:11",13,242,3,2,12,19,3,4,1,3
1593487691,"2020-06-30 03:28:11",13,241,3.8548589,2,12,19,4,4,1,3
1593487751,"2020-06-30 03:29:11",14,246,3,2,13,20,3,4,1,3
1593487811,"2020-06-30 03:30:11",14,246,13.175687,2,13,20,13,4,1,3
1593487871,"2020-06-30 03:31:11",14,244,3,2,13,20,3,4,1,3
1593487931,"2020-06-30 03:32:11",14,245,3,2,13,20,3,4,1,3
1593487991,"2020-06-30 03:33:11",13,243,3,2,12,19,3,4,1,3
1593488051,"2020-06-30 03:34:11",13,245,3,2,12,20,3,4,1,3
1593488111,"2020-06-30 03:35:11",13,243,3,2,12,19,3,4,1,3
1593488171,"2020-06-30 03:36:11",14,240,3,2,13,19,3,4,1,3
1593488231,"2020-06-30 03:37:11",14,244,3,2,13,20,3,4,1,3
1593488291,"2020-06-30 03:38:11",14,241,3,2,13,19,3,4,1,3
1593488351,"2020-06-30 03:39:11",13,244,3,2,12,20,3,4,1,3
1593488411,"2020-06-30 03:40:11",13,244,3,2,12,20,3,4,1,3
1593488471,"2020-06-30 03:41:11",13,241,3,2,12,19,3,4,1,3
1593488531,"2020-06-30 03:42:11",14,245,3,2,13,20,3,4,1,3
1593488591,"2020-06-30 03:43:11",14,245,3,2,13,20,3,4,1,3
1593488651,"2020-06-30 03:44:11",14,243,3,2,13,19,3,4,1,3
1593488711,"2020-06-30 03:45:11",14,245,3,2,13,20,3,4,1,3
1593488771,"2020-06-30 03:46:11",14,240,3.3535786,2,13,19,3,4,1,3
1593488831,"2020-06-30 03:47:11",13,239,3,2,12,19,3,4,1,3
1593488891,"2020-06-30 03:48:11",14,237,3,2,13,19,3,4,1,3
1593488951,"2020-06-30 03:49:11",14,242,3,2,13,19,3,4,1,3
1593489011,"2020-06-30 03:50:11",14,240,3,2,13,19,3,4,1,3
1593489071,"2020-06-30 03:51:11",14,243,3,2,13,19,3,4,1,3
1593489131,"2020-06-30 03:52:11",14,241,3,2,13,19,3,4,1,3
1593489191,"2020-06-30 03:53:11",14,243,3,2,13,19,3,4,1,3
1593489251,"2020-06-30 03:54:11",14,240,3,2,13,19,3,4,1,3
1593489311,"2020-06-30 03:55:11",14,240,3,2,13,19,3,4,1,3
1593489371,"2020-06-30 03:56:11",14,240,3,2,13,19,3,4,1,3
1593489431,"2020-06-30 03:57:11",14,238,3,2,13,19,3,4,1,3
1593489491,"2020-06-30 03:58:11",15,239,3,2,14,19,3,4,1,3
1593489551,"2020-06-30 03:59:11",14,237,3,2,13,19,3,4,1,3
1593489611,"2020-06-30 04:00:11",15,239,3,2,14,19,3,4,1,3
1593489671,"2020-06-30 04:01:11",14,242,3,2,13,19,3,4,1,3
1593489731,"2020-06-30 04:02:11",15,237,3,2,14,19,3,4,1,3
1593489791,"2020-06-30 04:03:11",14,241,3,2,13,19,3,4,1,3
1593489851,"2020-06-30 04:04:11",14,238,3,2,13,19,3,4,1,3
1593489911,"2020-06-30 04:05:11",15,238,3,2,14,19,3,4,1,3
1593489971,"2020-06-30 04:06:11",0,243,3,2,0,19,3,4,1,3
1593490031,"2020-06-30 04:07:11",14,238,3,2,13,19,3,4,1,3
1593490091,"2020-06-30 04:08:11",14,244,3,2,13,20,3,4,1,3
1593490151,"2020-06-30 04:09:11",14,242,3,2,13,19,3,4,1,3
1593490211,"2020-06-30 04:10:11",14,241,3,2,13,19,3,4,1,3
1593490271,"2020-06-30 04:11:11",14,244,3,2,13,20,3,4,1,3
1593490331,"2020-06-30 04:12:11",14,237,3,2,13,19,3,4,1,3
1593490391,"2020-06-30 04:13:11",15,238,3,2,14,19,3,4,1,3
1593490451,"2020-06-30 04:14:11",15,238,3.246721,2,14,19,3,4,1,3
1593490511,"2020-06-30 04:15:11",14,245,3,2,13,20,3,4,1,3
1593490571,"2020-06-30 04:16:11",0,236,3,2,0,19,3,4,1,3
1593490631,"2020-06-30 04:17:11",14,238,3,2,13,19,3,4,1,3
1593490691,"2020-06-30 04:18:11",14,238,3,2,13,19,3,4,1,3
1593490751,"2020-06-30 04:19:11",14,238,3,2,13,19,3,4,1,3
1593490811,"2020-06-30 04:20:11",14,239,3,2,13,19,3,4,1,3
1593490871,"2020-06-30 04:21:11",14,241,3,2,13,19,3,4,1,3
1593490931,"2020-06-30 04:22:11",14,237,3,2,13,19,3,4,1,3
1593490991,"2020-06-30 04:23:11",14,241,3,2,13,19,3,4,1,3
1593491111,"2020-06-30 04:25:11",14,237,3,2,13,19,3,4,1,3
1593491171,"2020-06-30 04:26:11",0,241,3,2,0,19,3,4,1,3
1593491231,"2020-06-30 04:27:11",13,241,3,2,12,19,3,4,1,3
1593491291,"2020-06-30 04:28:11",14,241,3,2,13,19,3,4,1,3
1593491351,"2020-06-30 04:29:11",14,0,3,2,13,0,3,4,1,3
1593491411,"2020-06-30 04:30:11",14,239,3,2,13,19,3,4,1,3
1593491471,"2020-06-30 04:31:11",13,239,3,2,12,19,3,4,1,3
1593491531,"2020-06-30 04:32:11",13,241,3,2,12,19,3,4,1,3
1593491591,"2020-06-30 04:33:11",13,239,3,2,12,19,3,4,1,3
1593491651,"2020-06-30 04:34:11",14,237,3,2,13,19,3,4,1,3
1593491711,"2020-06-30 04:35:11",14,238,3,2,13,19,3,4,1,3
1593491771,"2020-06-30 04:36:11",0,240,3,2,0,19,3,4,1,3
1593491831,"2020-06-30 04:37:11",13,239,3,2,12,19,3,4,1,3
1593491891,"2020-06-30 04:38:11",13,240,3,2,12,19,3,4,1,3
1593491951,"2020-06-30 04:39:11",13,236,15.745095,2.041977,12,19,16,4,1,3
1593492011,"2020-06-30 04:40:11",13,237,3,2,12,19,3,4,1,3
1593492071,"2020-06-30 04:41:11",13,237,3,2,12,19,3,4,1,3
1593492131,"2020-06-30 04:42:11",13,240,3,2,12,19,3,4,1,3
1593492191,"2020-06-30 04:43:11",0,238,3,2,0,19,3,4,1,3
1593492251,"2020-06-30 04:44:11",13,240,3,2,12,19,3,4,1,3
1593492311,"2020-06-30 04:45:11",13,241,3,2,12,19,3,4,1,3
1593492371,"2020-06-30 04:46:11",13,245,3,2,12,20,3,4,1,3
1593492431,"2020-06-30 04:47:11",13,240,3,2,12,19,3,4,1,3
1593492491,"2020-06-30 04:48:11",14,239,5.7924623,2,13,19,6,4,1,3
1593492551,"2020-06-30 04:49:11",13,239,8.915946,2,12,19,9,4,1,3
1593492611,"2020-06-30 04:50:11",12,242,3,2,11,19,3,4,1,3
1593492671,"2020-06-30 04:51:11",13,239,3,2,12,19,3,4,1,3
1593492731,"2020-06-30 04:52:11",13,242,3,2,12,19,3,4,1,3
1593492791,"2020-06-30 04:53:11",13,239,3,2,12,19,3,4,1,3
1593492851,"2020-06-30 04:54:11",13,241,3,2,12,19,3,4,1,3
1593492911,"2020-06-30 04:55:11",13,242,3,2,12,19,3,4,1,3
1593492971,"2020-06-30 04:56:11",12,244,6.2215476,2,11,20,6,4,1,3
1593493031,"2020-06-30 04:57:11",12,242,3,2,11,19,3,4,1,3
1593493091,"2020-06-30 04:58:11",12,247,13.618185,2,11,20,14,4,1,3
1593493151,"2020-06-30 04:59:11",11,247,3,2,10,20,3,4,1,3
1593493211,"2020-06-30 05:00:11",12,244,3.6353848,2,11,20,4,4,1,3
1593493271,"2020-06-30 05:01:11",11,254,11.889583,2,10,20,12,4,1,3
1593493331,"2020-06-30 05:02:11",11,260,3,2,10,21,3,4,1,3
1593493391,"2020-06-30 05:03:11",11,273,65.23982,2,10,22,75,4,1,3
1593493451,"2020-06-30 05:04:11",11,281,3,2,10,22,3,4,1,3
1593493511,"2020-06-30 05:05:11",12,283,9.358829,2,11,22,9,4,1,3
1593493571,"2020-06-30 05:06:11",11,285,3,2,10,23,3,4,1,3
1593493631,"2020-06-30 05:07:11",11,289,8.9515085,2,10,23,9,4,1,3
1593493691,"2020-06-30 05:08:11",11,291,3,2,10,23,3,4,1,3
1593493751,"2020-06-30 05:09:11",11,286,3.8587236,2,10,23,4,4,1,3
1593493811,"2020-06-30 05:10:11",12,285,3,2,11,23,3,4,1,3
1593493871,"2020-06-30 05:11:11",12,285,3,2,11,23,3,4,1,3
1593493931,"2020-06-30 05:12:11",12,280,3,2,11,22,3,4,1,3
1593493991,"2020-06-30 05:13:11",12,277,8.675789,2,11,22,9,4,1,3
1593494051,"2020-06-30 05:14:11",12,277,3,2,11,22,3,4,1,3
1593494111,"2020-06-30 05:15:11",14,273,3,2,13,22,3,4,1,3
1593494171,"2020-06-30 05:16:11",13,268,3,2,12,21,3,4,1,3
1593494231,"2020-06-30 05:17:11",13,268,3,2,12,21,3,4,1,3
1593494291,"2020-06-30 05:18:11",13,260,3,2,12,21,3,4,1,3
1593494351,"2020-06-30 05:19:11",12,262,3,2,11,21,3,4,1,3
1593494411,"2020-06-30 05:20:11",14,260,3,2,13,21,3,4,1,3
1593494471,"2020-06-30 05:21:11",13,263,3,2,12,21,3,4,1,3
1593494531,"2020-06-30 05:22:11",14,257,3.8350382,2,13,21,4,4,1,3
1593494591,"2020-06-30 05:23:11",13,258,40.74005,3.2443285,12,21,41,6,1,3
1593494651,"2020-06-30 05:24:11",14,249,9.615986,2,13,20,10,4,1,3
1593494711,"2020-06-30 05:25:11",15,244,23.079441,2.020383,14,20,23,4,1,3
1593494771,"2020-06-30 05:26:11",15,240,3,2,14,19,3,4,1,3
1593494831,"2020-06-30 05:27:11",15,237,3,2,14,19,3,4,1,3
1593494891,"2020-06-30 05:28:11",15,242,3,2,14,19,3,4,1,3
1593494951,"2020-06-30 05:29:11",15,245,3,2,14,20,3,4,1,3
1593495011,"2020-06-30 05:30:11",16,241,3,2,15,19,3,4,1,3
1593495071,"2020-06-30 05:31:11",17,237,56.811436,4.6101923,16,19,61,9,1,3
1593495131,"2020-06-30 05:32:11",16,233,3,2,15,19,3,4,1,3
1593495191,"2020-06-30 05:33:11",17,231,14.795267,2,16,18,15,4,1,3
1593495251,"2020-06-30 05:34:11",18,231,15.528472,2,17,18,16,4,1,3
1593495311,"2020-06-30 05:35:11",18,231,3,2,17,18,3,4,1,3
1593495371,"2020-06-30 05:36:11",18,224,3,2,17,18,3,4,1,3
1593495431,"2020-06-30 05:37:11",18,225,3,2,17,18,3,4,1,3
1593495491,"2020-06-30 05:38:11",19,218,3,2,18,17,3,4,1,3
1593495551,"2020-06-30 05:39:11",19,219,3,2,18,18,3,4,1,3
1593495611,"2020-06-30 05:40:11",19,224,3,2,18,18,3,4,1,3
1593495671,"2020-06-30 05:41:11",19,223,22.004822,2,18,18,22,4,1,3
1593495731,"2020-06-30 05:42:11",19,223,5.3449783,2,18,18,5,4,1,3
1593495791,"2020-06-30 05:43:11",18,222,3,2,17,18,3,4,1,3
1593495851,"2020-06-30 05:44:11",18,218,3,2,17,17,3,4,1,3
1593495911,"2020-06-30 05:45:11",18,218,3,2,17,17,3,4,1,3
1593495971,"2020-06-30 05:46:11",19,217,5.866577,2,18,17,6,4,1,3
1593496031,"2020-06-30 05:47:11",18,220,3,2,17,18,3,4,1,3
1593496091,"2020-06-30 05:48:11",19,217,3,2,18,17,3,4,1,3
1593496151,"2020-06-30 05:49:11",19,215,3,2,18,17,3,4,1,3
1593496211,"2020-06-30 05:50:11",19,217,3,2,18,17,3,4,1,3
1593496271,"2020-06-30 05:51:11",20,217,5.186634,2,19,17,5,4,1,3
1593496331,"2020-06-30 05:52:11",21,216,3,2,19,17,3,4,1,3
1593496391,"2020-06-30 05:53:11",20,222,4.6318026,2,19,18,5,4,1,3
1593496451,"2020-06-30 05:54:11",21,221,25.663492,2,19,18,26,4,1,3
1593496511,"2020-06-30 05:55:11",21,220,30.74734,2.3420486,19,18,31,5,1,3
1593496571,"2020-06-30 05:56:11",21,222,4.5154595,2,19,18,5,4,1,3
1593496631,"2020-06-30 05:57:11",21,219,3,2,19,18,3,4,1,3
1593496691,"2020-06-30 05:58:11",21,218,71.27399,4.746031,19,17,85,9,1,3
1593496751,"2020-06-30 05:59:11",21,216,109.63699,7.196828,19,17,119,14,1,3
1593496811,"2020-06-30 06:00:11",21,220,3,2,19,18,3,4,1,3
1593496871,"2020-06-30 06:01:11",21,222,70.56247,4.73485,19,18,84,9,1,3
1593496931,"2020-06-30 06:02:11",21,217,87.94147,7.978344,19,17,105,16,1,3
1593496991,"2020-06-30 06:03:11",21,223,74.750946,5.457158,19,18,91,11,1,3
1593497051,"2020-06-30 06:04:11",21,225,3,2,19,18,3,4,1,3
1593497111,"2020-06-30 06:05:11",21,223,75.27525,6.3644075,19,18,92,13,1,3
1593497171,"2020-06-30 06:06:11",21,224,3.4409113,2,19,18,3,4,1,3
1593497231,"2020-06-30 06:07:11",21,217,8.396212,2,19,17,8,4,1,3
1593497291,"2020-06-30 06:08:11",22,220,3,2,20,18,3,4,1,3
1593497351,"2020-06-30 06:09:11",22,222,9.902715,2,20,18,10,4,1,3
1593497411,"2020-06-30 06:10:11",21,220,3,2,19,18,3,4,1,3
1593497471,"2020-06-30 06:11:11",22,217,3,2,20,17,3,4,1,3
1593497531,"2020-06-30 06:12:11",22,218,3,2,20,17,3,4,1,3
1593497591,"2020-06-30 06:13:11",22,217,3,2,20,17,3,4,1,3
1593497651,"2020-06-30 06:14:11",22,218,3,2,20,17,3,4,1,3
1593497711,"2020-06-30 06:15:11",22,216,3,2,20,17,3,4,1,3
1593497771,"2020-06-30 06:16:11",21,212,5.3869295,2,19,17,5,4,1,3
1593497831,"2020-06-30 06:17:11",22,214,6.900974,2,20,17,7,4,1,3
1593497891,"2020-06-30 06:18:11",22,216,3,2,20,17,3,4,1,3
1593497951,"2020-06-30 06:19:11",22,217,3,2,20,17,3,4,1,3
1593498011,"2020-06-30 06:20:11",22,215,3,2,20,17,3,4,1,3
1593498071,"2020-06-30 06:21:11",22,218,3,2,20,17,3,4,1,3
1593498131,"2020-06-30 06:22:11",21,217,3,2,19,17,3,4,1,3
1593498191,"2020-06-30 06:23:11",22,218,3,2,20,17,3,4,1,3
1593498251,"2020-06-30 06:24:11",21,217,3,2,19,17,3,4,1,3
1593498311,"2020-06-30 06:25:11",22,213,3,2,20,17,3,4,1,3
1593498371,"2020-06-30 06:26:11",0,213,3,2,0,17,3,4,1,3
1593498431,"2020-06-30 06:27:11",21,216,3,2,19,17,3,4,1,3
1593498491,"2020-06-30 06:28:11",22,218,52.15924,4.738493,20,17,54,9,1,3
1593498551,"2020-06-30 06:29:11",22,215,3,2,20,17,3,4,1,3
1593498611,"2020-06-30 06:30:11",22,214,3,2,20,17,3,4,1,3
1593498671,"2020-06-30 06:31:11",21,216,3,2,19,17,3,4,1,3
1593498731,"2020-06-30 06:32:11",21,216,3,2,19,17,3,4,1,3
1593498791,"2020-06-30 06:33:11",22,214,3,2,20,17,3,4,1,3
1593498851,"2020-06-30 06:34:11",22,216,3,2,20,17,3,4,1,3
1593498911,"2020-06-30 06:35:11",22,218,15.254848,2,20,17,15,4,1,3
1593498971,"2020-06-30 06:36:11",0,214,3,2,0,17,3,4,1,3
1593499031,"2020-06-30 06:37:11",22,210,3,2,20,17,3,4,1,3
1593499091,"2020-06-30 06:38:11",22,211,3,2,20,17,3,4,1,3
1593499151,"2020-06-30 06:39:11",21,210,6.7024975,2,19,17,7,4,1,3
1593499211,"2020-06-30 06:40:11",22,209,60.784454,3.8955555,20,17,68,8,1,3
1593499271,"2020-06-30 06:41:11",22,210,3,2,20,17,3,4,1,3
1593499331,"2020-06-30 06:42:11",22,209,7.2709436,2,20,17,7,4,1,3
1593499391,"2020-06-30 06:43:11",22,208,3,2,20,17,3,4,1,3
1593499451,"2020-06-30 06:44:11",22,209,29.806688,2,20,17,30,4,1,3
1593499511,"2020-06-30 06:45:11",22,209,3,2,22,17,3,4,1,3
1593499631,"2020-06-30 06:47:11",21,208,3,2,20,17,3,4,1,3
1593499691,"2020-06-30 06:48:11",22,202,3,2,20,16,3,4,1,3
1593499751,"2020-06-30 06:49:11",22,203,3,2,22,16,3,4,1,3
1593499811,"2020-06-30 06:50:11",22,203,37.346634,2.1116982,22,16,37,4,1,3
1593499871,"2020-06-30 06:51:11",22,0,3,2,21,0,3,4,1,3
1593499931,"2020-06-30 06:52:11",23,201,9.102678,2,22,16,9,4,1,3
1593499991,"2020-06-30 06:53:11",23,196,3,2,22,16,3,4,1,3
1593500051,"2020-06-30 06:54:11",23,199,9.224749,2,22,16,9,4,1,3
1593500111,"2020-06-30 06:55:11",23,201,10.131857,2,22,16,10,4,1,3
1593500171,"2020-06-30 06:56:11",0,196,3,2,0,16,3,4,1,3
1593500231,"2020-06-30 06:57:11",23,196,3,2,22,16,3,4,1,3
1593500291,"2020-06-30 06:58:11",23,201,3.9743176,2,22,16,4,4,1,3
1593500351,"2020-06-30 06:59:11",23,198,3,2,23,16,3,4,1,3
1593500411,"2020-06-30 07:00:11",23,197,3,2,23,16,3,4,1,3
1593500471,"2020-06-30 07:01:11",23,192,3,2,22,15,3,4,1,3
1593500531,"2020-06-30 07:02:11",22,194,3,2,21,16,3,4,1,3
1593500591,"2020-06-30 07:03:11",23,197,3,2,22,16,3,4,1,3
1593500651,"2020-06-30 07:04:11",23,196,6.542063,2,22,16,7,4,1,3
1593500711,"2020-06-30 07:05:11",0,196,3,2,0,16,3,4,1,3
1593500771,"2020-06-30 07:06:11",23,198,3,2,22,16,3,4,1,3
1593500831,"2020-06-30 07:07:11",23,198,3,2,22,16,3,4,1,3
1593500891,"2020-06-30 07:08:11",23,197,3,2,22,16,3,4,1,3
1593500951,"2020-06-30 07:09:11",23,195,3,2,22,16,3,4,1,3
1593501011,"2020-06-30 07:10:11",22,196,4.6789966,2,21,16,5,4,1,3
1593501071,"2020-06-30 07:11:11",22,197,4.014947,2,21,16,4,4,1,3
1593501131,"2020-06-30 07:12:11",22,195,3,2,21,16,3,4,1,3
1593501191,"2020-06-30 07:13:11",22,198,3,2,21,16,3,4,1,3
1593501251,"2020-06-30 07:14:11",22,197,3,2,21,16,3,4,1,3
1593501311,"2020-06-30 07:15:11",21,194,3,2,20,16,3,4,1,3
1593501371,"2020-06-30 07:16:11",22,196,16.496513,2,21,16,16,4,1,3
1593501431,"2020-06-30 07:17:11",22,195,3,2,21,16,3,4,1,3
1593501491,"2020-06-30 07:18:11",22,193,15.096227,2,21,15,15,4,1,3
1593501551,"2020-06-30 07:19:11",21,197,3,2,20,16,3,4,1,3
1593501611,"2020-06-30 07:20:11",21,196,3,2,20,16,3,4,1,3
1593501671,"2020-06-30 07:21:11",22,197,3,2,21,16,3,4,1,3
1593501731,"2020-06-30 07:22:11",21,195,19.542952,2,20,16,20,4,1,3
1593501791,"2020-06-30 07:23:11",21,196,3.97963,2,20,16,4,4,1,3
1593501851,"2020-06-30 07:24:11",21,195,33.464928,2,20,16,33,4,1,3
1593501911,"2020-06-30 07:25:11",21,192,3,2,20,15,3,4,1,3
1593501971,"2020-06-30 07:26:11",22,193,3,2,21,15,3,4,1,3
1593502031,"2020-06-30 07:27:11",21,194,3,2,20,16,3,4,1,3
1593502091,"2020-06-30 07:28:11",21,195,16.92974,2,20,16,17,4,1,3
1593502151,"2020-06-30 07:29:11",21,195,3,2,20,16,3,4,1,3
1593502211,"2020-06-30 07:30:11",21,199,3,2,20,16,3,4,1,3
1593502271,"2020-06-30 07:31:11",20,195,3,2,19,16,3,4,1,3
1593502331,"2020-06-30 07:32:11",21,194,3,2,20,16,3,4,1,3
1593502391,"2020-06-30 07:33:11",21,197,3,2,20,16,3,4,1,3
1593502451,"2020-06-30 07:34:11",21,196,3,2,20,16,3,4,1,3
1593502511,"2020-06-30 07:35:11",21,199,22.261368,2,20,16,22,4,1,3
1593502571,"2020-06-30 07:36:11",20,200,3,2,19,16,3,4,1,3
1593502631,"2020-06-30 07:37:11",21,198,20.241732,2,20,16,20,4,1,3
1593502691,"2020-06-30 07:38:11",20,198,8.860065,2,19,16,9,4,1,3
1593502751,"2020-06-30 07:39:11",21,199,23.106157,2,20,16,23,4,1,3
1593502811,"2020-06-30 07:40:11",20,201,3,2,19,16,3,4,1,3
1593502871,"2020-06-30 07:41:11",20,198,7.7147827,2,19,16,8,4,1,3
1593502931,"2020-06-30 07:42:11",21,199,20.621893,2,20,16,21,4,1,3
1593502991,"2020-06-30 07:43:11",20,198,7.1287503,2,19,16,7,4,1,3
1593503051,"2020-06-30 07:44:11",20,199,32.65732,2,19,16,33,4,1,3
1593503111,"2020-06-30 07:45:11",19,201,3,2,18,16,3,4,1,3
1593503171,"2020-06-30 07:46:11",20,199,3,2,19,16,3,4,1,3
1593503231,"2020-06-30 07:47:11",20,199,28.600933,2.301879,19,16,29,5,1,3
1593503291,"2020-06-30 07:48:11",19,199,3,2,18,16,3,4,1,3
1593503351,"2020-06-30 07:49:11",19,204,15.022414,2,18,16,15,4,1,3
1593503411,"2020-06-30 07:50:11",19,202,3,2,18,16,3,4,1,3
1593503471,"2020-06-30 07:51:11",20,203,9.282656,2,19,16,9,4,1,3
1593503531,"2020-06-30 07:52:11",19,201,50.622948,3.0602598,18,16,51,6,1,3
1593503591,"2020-06-30 07:53:11",19,200,3,2,18,16,3,4,1,3
1593503651,"2020-06-30 07:54:11",19,202,3,2,18,16,3,4,1,3
1593503711,"2020-06-30 07:55:11",19,196,3,2,18,16,3,4,1,3
1593503771,"2020-06-30 07:56:11",19,198,9.1922455,2,18,16,9,4,1,3
1593503831,"2020-06-30 07:57:11",19,200,3,2,18,16,3,4,1,3
1593503891,"2020-06-30 07:58:11",18,197,3,2,17,16,3,4,1,3
1593503951,"2020-06-30 07:59:11",19,196,4.093216,2,18,16,4,4,1,3
1593504011,"2020-06-30 08:00:11",18,199,9.32866,2,17,16,9,4,1,3
1593504071,"2020-06-30 08:01:11",18,199,3,2,17,16,3,4,1,3
1593504131,"2020-06-30 08:02:11",17,203,7.999025,2,16,16,8,4,1,3
1593504191,"2020-06-30 08:03:11",17,197,36.29469,2,16,16,36,4,1,3
1593504251,"2020-06-30 08:04:11",17,200,3,2,16,16,3,4,1,3
1593504311,"2020-06-30 08:05:11",17,198,3,2,16,16,3,4,1,3
1593504371,"2020-06-30 08:06:11",17,203,9.338964,2,16,16,9,4,1,3
1593504431,"2020-06-30 08:07:11",17,202,3,2,16,16,3,4,1,3
1593504491,"2020-06-30 08:08:11",17,198,6.8471394,2,16,16,7,4,1,3
1593504551,"2020-06-30 08:09:11",17,200,3,2,16,16,3,4,1,3
1593504611,"2020-06-30 08:10:11",16,196,3,2,15,16,3,4,1,3
1593504671,"2020-06-30 08:11:11",16,204,21.515745,2,15,16,22,4,1,3
1593504731,"2020-06-30 08:12:11",17,206,3,2,16,16,3,4,1,3
1593504791,"2020-06-30 08:13:11",16,205,20.86906,2,15,16,21,4,1,3
1593504851,"2020-06-30 08:14:11",16,205,12.308528,2,15,16,12,4,1,3
1593504911,"2020-06-30 08:15:11",15,212,9.377026,2,15,17,9,4,1,3
1593504971,"2020-06-30 08:16:11",15,211,3,2,14,17,3,4,1,3
1593505031,"2020-06-30 08:17:11",15,213,6.5070925,2,14,17,7,4,1,3
1593505091,"2020-06-30 08:18:11",15,212,3,2,14,17,3,4,1,3
1593505151,"2020-06-30 08:19:11",15,211,3.9728637,2,14,17,4,4,1,3
1593505211,"2020-06-30 08:20:11",14,216,3,2,13,17,3,4,1,3
1593505271,"2020-06-30 08:21:11",15,212,3,2,14,17,3,4,1,3
1593505331,"2020-06-30 08:22:11",15,216,3,2,14,17,3,4,1,3
1593505391,"2020-06-30 08:23:11",15,218,3,2,14,17,3,4,1,3
1593505451,"2020-06-30 08:24:11",14,221,3,2,13,18,3,4,1,3
1593505511,"2020-06-30 08:25:11",14,219,9.951168,2,13,18,10,4,1,3
1593505571,"2020-06-30 08:26:11",14,221,4.1157556,2,13,18,4,4,1,3
1593505631,"2020-06-30 08:27:11",14,217,3,2,13,17,3,4,1,3
1593505691,"2020-06-30 08:28:11",14,222,3,2,14,18,3,4,1,3
1593505811,"2020-06-30 08:30:11",14,220,29.097206,2.3034315,14,18,29,5,1,3
1593505871,"2020-06-30 08:31:11",14,226,7.2532444,2,13,18,7,4,1,3
1593505931,"2020-06-30 08:32:11",14,221,3,2,13,18,3,4,1,3
1593505991,"2020-06-30 08:33:11",14,217,3,2,13,17,3,4,1,3
1593506051,"2020-06-30 08:34:11",14,220,3,2,13,18,3,4,1,3
1593506111,"2020-06-30 08:35:11",13,225,3,2,12,18,3,4,1,3
1593506171,"2020-06-30 08:36:11",13,227,3,2,12,18,3,4,1,3
1593506231,"2020-06-30 08:37:11",14,225,3,2,13,18,3,4,1,3
1593506291,"2020-06-30 08:38:11",14,230,34.570183,2.5604773,13,18,35,5,1,3
1593506351,"2020-06-30 08:39:11",13,226,3,2,12,18,3,4,1,3
1593506411,"2020-06-30 08:40:11",13,225,3,2,12,18,3,4,1,3
1593506471,"2020-06-30 08:41:11",13,226,3,2,12,18,3,4,1,3
1593506531,"2020-06-30 08:42:11",13,224,3,2,12,18,3,4,1,3
1593506591,"2020-06-30 08:43:11",13,227,3,2,12,18,3,4,1,3
1593506651,"2020-06-30 08:44:11",14,224,3,2,13,18,3,4,1,3
1593506711,"2020-06-30 08:45:11",13,224,3,2,12,18,3,4,1,3
1593506771,"2020-06-30 08:46:11",0,228,3,2,0,18,3,4,1,3
1593506831,"2020-06-30 08:47:11",14,231,3,2,13,18,3,4,1,3
1593506891,"2020-06-30 08:48:11",12,226,3,2,11,18,3,4,1,3
1593506951,"2020-06-30 08:49:11",13,224,10.437191,2,12,18,10,4,1,3
1593507011,"2020-06-30 08:50:11",13,230,3,2,12,18,3,4,1,3
1593507071,"2020-06-30 08:51:11",13,228,3,2,12,18,3,4,1,3
1593507131,"2020-06-30 08:52:11",13,226,3,2,12,18,3,4,1,3
1593507191,"2020-06-30 08:53:11",13,224,3,2,12,18,3,4,1,3
1593507251,"2020-06-30 08:54:11",13,222,3,2,12,18,3,4,1,3
1593507311,"2020-06-30 08:55:11",14,227,3,2,13,18,3,4,1,3
1593507371,"2020-06-30 08:56:11",0,225,3,2,0,18,3,4,1,3
1593507431,"2020-06-30 08:57:11",13,225,25.332798,2,12,18,25,4,1,3
1593507491,"2020-06-30 08:58:11",13,226,3,2,12,18,3,4,1,3
1593507551,"2020-06-30 08:59:11",13,226,3,2,12,18,3,4,1,3
1593507611,"2020-06-30 09:00:11",12,225,3,2,11,18,3,4,1,3
1593507671,"2020-06-30 09:01:11",13,228,3,2,12,18,3,4,1,3
1593507731,"2020-06-30 09:02:11",13,224,3,2,12,18,3,4,1,3
1593507791,"2020-06-30 09:03:11",13,227,16.872929,2,12,18,17,4,1,3
1593507851,"2020-06-30 09:04:11",14,226,3,2,13,18,3,4,1,3
1593507911,"2020-06-30 09:05:11",14,225,3,2,13,18,3,4,1,3
1593507971,"2020-06-30 09:06:11",0,225,3,2,0,18,3,4,1,3
1593508031,"2020-06-30 09:07:11",14,227,3,2,13,18,3,4,1,3
1593508151,"2020-06-30 09:09:11",13,227,3,2,12,18,3,4,1,3
1593508211,"2020-06-30 09:10:11",13,226,3,2,12,18,3,4,1,3
1593508271,"2020-06-30 09:11:11",13,223,3,2,12,18,3,4,1,3
1593508331,"2020-06-30 09:12:11",14,0,3,2,13,0,3,4,1,3
1593508391,"2020-06-30 09:13:11",14,230,8.178556,2,13,18,8,4,1,3
1593508451,"2020-06-30 09:14:11",13,231,3,2,12,18,3,4,1,3
1593508511,"2020-06-30 09:15:11",14,227,3,2,13,18,3,4,1,3
1593508571,"2020-06-30 09:16:11",0,225,10.411617,2,0,18,10,4,1,3
1593508631,"2020-06-30 09:17:11",14,228,21.966162,2,13,18,22,4,1,3
1593508691,"2020-06-30 09:18:11",14,228,3,2,13,18,3,4,1,3
1593508751,"2020-06-30 09:19:11",13,225,3,2,12,18,3,4,1,3
1593508811,"2020-06-30 09:20:11",13,227,3,2,13,18,3,4,1,3
1593508871,"2020-06-30 09:21:11",14,226,3,2,13,18,3,4,1,3
1593508931,"2020-06-30 09:22:11",13,225,3,2,13,18,3,4,1,3
1593508991,"2020-06-30 09:23:11",13,230,3,2,12,18,3,4,1,3
1593509051,"2020-06-30 09:24:11",13,229,3,2,12,18,3,4,1,3
1593509111,"2020-06-30 09:25:11",13,225,3,2,13,18,3,4,1,3
1593509171,"2020-06-30 09:26:11",0,227,3,2,0,18,3,4,1,3
1593509231,"2020-06-30 09:27:11",13,230,3,2,13,18,3,4,1,3
1593509291,"2020-06-30 09:28:11",13,223,3,2,12,18,3,4,1,3
1593509351,"2020-06-30 09:29:11",13,225,3,2,12,18,3,4,1,3
1593509411,"2020-06-30 09:30:11",13,226,3,2,12,18,3,4,1,3
1593509471,"2020-06-30 09:31:11",13,222,3,2,12,18,3,4,1,3
1593509531,"2020-06-30 09:32:11",13,224,3,2,13,18,3,4,1,3
1593509591,"2020-06-30 09:33:11",13,228,3,2,13,18,3,4,1,3
1593509651,"2020-06-30 09:34:11",13,224,32.300873,2,13,18,32,4,1,3
1593509711,"2020-06-30 09:35:11",13,225,3,2,13,18,3,4,1,3
1593509771,"2020-06-30 09:36:11",13,229,3,2,12,18,3,4,1,3
1593509831,"2020-06-30 09:37:11",13,224,3,2,12,18,3,4,1,3
1593509891,"2020-06-30 09:38:11",12,224,3,2,11,18,3,4,1,3
1593509951,"2020-06-30 09:39:11",12,224,3,2,11,18,3,4,1,3
1593510011,"2020-06-30 09:40:11",12,227,3,2,11,18,3,4,1,3
1593510071,"2020-06-30 09:41:11",12,229,3,2,11,18,3,4,1,3
1593510131,"2020-06-30 09:42:11",12,231,3,2,11,18,3,4,1,3
1593510191,"2020-06-30 09:43:11",13,226,8.556004,2,12,18,9,4,1,3
1593510251,"2020-06-30 09:44:11",13,228,3,2,12,18,3,4,1,3
1593510311,"2020-06-30 09:45:11",12,227,3,2,11,18,3,4,1,3
1593510371,"2020-06-30 09:46:11",13,227,3,2,12,18,3,4,1,3
1593510431,"2020-06-30 09:47:11",13,226,3,2,12,18,3,4,1,3
1593510491,"2020-06-30 09:48:11",13,228,3,2,12,18,3,4,1,3
1593510551,"2020-06-30 09:49:11",13,229,3,2,12,18,3,4,1,3
1593510611,"2020-06-30 09:50:11",12,225,3,2,11,18,3,4,1,3
1593510671,"2020-06-30 09:51:11",12,225,3,2,11,18,3,4,1,3
1593510731,"2020-06-30 09:52:11",13,228,3.1588092,2,12,18,3,4,1,3
1593510791,"2020-06-30 09:53:11",12,228,18.094128,2,11,18,18,4,1,3
1593510851,"2020-06-30 09:54:11",12,231,13.932149,2,11,18,14,4,1,3
1593510911,"2020-06-30 09:55:11",12,228,3,2,11,18,3,4,1,3
1593510971,"2020-06-30 09:56:11",12,228,3,2,11,18,3,4,1,3
1593511031,"2020-06-30 09:57:11",12,228,14.125741,2,11,18,14,4,1,3
1593511091,"2020-06-30 09:58:11",13,227,3,2,12,18,3,4,1,3
1593511151,"2020-06-30 09:59:11",12,228,6.2582684,2,11,18,6,4,1,3
1593511211,"2020-06-30 10:00:11",12,229,3,2,11,18,3,4,1,3
1593511271,"2020-06-30 10:01:11",12,229,3,2,11,18,3,4,1,3
1593511331,"2020-06-30 10:02:11",12,226,20.849277,2,11,18,21,4,1,3
1593511391,"2020-06-30 10:03:11",11,227,15.338662,2,10,18,15,4,1,3
1593511451,"2020-06-30 10:04:11",11,226,3.044691,2.044691,10,18,3,4,1,3
1593511511,"2020-06-30 10:05:11",11,225,3,2,10,18,3,4,1,3
1593511571,"2020-06-30 10:06:11",11,227,3,2,10,18,3,4,1,3
1593511631,"2020-06-30 10:07:11",11,226,3,2,10,18,3,4,1,3
1593511691,"2020-06-30 10:08:11",11,226,3,2,10,18,3,4,1,3
1593511751,"2020-06-30 10:09:11",11,228,3,2,10,18,3,4,1,3
1593511811,"2020-06-30 10:10:11",11,227,3,2,10,18,3,4,1,3
1593511871,"2020-06-30 10:11:11",11,228,9.060273,2,10,18,9,4,1,3
1593511931,"2020-06-30 10:12:11",12,228,28.870598,2.2183046,11,18,29,4,1,3
1593511991,"2020-06-30 10:13:11",12,227,8.442316,2,11,18,8,4,1,3
1593512051,"2020-06-30 10:14:11",12,227,21.816233,2,11,18,22,4,1,3
1593512111,"2020-06-30 10:15:11",11,227,3,2,10,18,3,4,1,3
1593512171,"2020-06-30 10:16:11",11,230,3,2,10,18,3,4,1,3
1593512231,"2020-06-30 10:17:11",11,228,3,2,10,18,3,4,1,3
1593512291,"2020-06-30 10:18:11",12,230,3,2,11,18,3,4,1,3
1593512351,"2020-06-30 10:19:11",12,232,24.004498,2,11,19,24,4,1,3
1593512411,"2020-06-30 10:20:11",12,228,3.5863652,2,11,18,4,4,1,3
1593512471,"2020-06-30 10:21:11",12,230,11.127211,2,12,18,11,4,1,3
1593512531,"2020-06-30 10:22:11",12,231,3,2,12,18,3,4,1,3
1593512591,"2020-06-30 10:23:11",12,224,23.106321,2,11,18,23,4,1,3
1593512651,"2020-06-30 10:24:11",12,227,10.237852,2,11,18,10,4,1,3
1593512711,"2020-06-30 10:25:11",12,228,19.723766,2,11,18,20,4,1,3
1593512771,"2020-06-30 10:26:11",11,225,3,2,10,18,3,4,1,3
1593512831,"2020-06-30 10:27:11",12,232,5.8951464,2,11,19,6,4,1,3
1593512891,"2020-06-30 10:28:11",11,228,3,2,10,18,3,4,1,3
1593512951,"2020-06-30 10:29:11",11,229,3,2,10,18,3,4,1,3
1593513011,"2020-06-30 10:30:11",10,226,3,2,9,18,3,4,1,3
1593513071,"2020-06-30 10:31:11",10,227,3,2,9,18,3,4,1,3
1593513131,"2020-06-30 10:32:11",11,226,3,2,10,18,3,4,1,3
1593513191,"2020-06-30 10:33:11",11,226,3,2,10,18,3,4,1,3
1593513251,"2020-06-30 10:34:11",11,226,3,2,10,18,3,4,1,3
1593513311,"2020-06-30 10:35:11",11,225,6.210753,2,10,18,6,4,1,3
1593513371,"2020-06-30 10:36:11",10,227,20.572369,2,10,18,21,4,1,3
1593513431,"2020-06-30 10:37:11",10,226,3,2,9,18,3,4,1,3
1593513491,"2020-06-30 10:38:11",9,227,3,2,8,18,3,4,1,3
1593513551,"2020-06-30 10:39:11",10,227,7.1712365,2,9,18,7,4,1,3
1593513611,"2020-06-30 10:40:11",10,225,3,2,9,18,3,4,1,3
1593513671,"2020-06-30 10:41:11",10,225,3,2,9,18,3,4,1,3
1593513731,"2020-06-30 10:42:11",9,226,10.008747,2,8,18,10,4,1,3
1593513791,"2020-06-30 10:43:11",9,230,3,2,8,18,3,4,1,3
1593513851,"2020-06-30 10:44:11",9,228,3,2,8,18,3,4,1,3
1593513911,"2020-06-30 10:45:11",9,228,3.7371376,2,8,18,4,4,1,3
1593513971,"2020-06-30 10:46:11",9,229,16.772291,2,8,18,17,4,1,3
1593514031,"2020-06-30 10:47:11",8,230,5.879738,2,8,18,6,4,1,3
1593514091,"2020-06-30 10:48:11",8,226,3,2,8,18,3,4,1,3
1593514151,"2020-06-30 10:49:11",9,229,3,2,8,18,3,4,1,3
1593514211,"2020-06-30 10:50:11",8,231,3,2,8,18,3,4,1,3
1593514271,"2020-06-30 10:51:11",8,230,3,2,8,18,3,4,1,3
1593514331,"2020-06-30 10:52:11",8,232,3,2,8,19,3,4,1,3
1593514391,"2020-06-30 10:53:11",8,231,3,2,8,18,3,4,1,3
1593514451,"2020-06-30 10:54:11",8,231,3,2,8,18,3,4,1,3
1593514511,"2020-06-30 10:55:11",8,231,3,2,8,18,3,4,1,3
1593514571,"2020-06-30 10:56:11",8,231,3,2,8,18,3,4,1,3
1593514631,"2020-06-30 10:57:11",8,232,39.54062,3.2769632,8,19,40,7,1,3
1593514691,"2020-06-30 10:58:11",8,229,34.92594,2.160676,8,18,35,4,1,3
1593514751,"2020-06-30 10:59:11",9,234,5.595194,2,8,19,6,4,1,3
1593514811,"2020-06-30 11:00:11",9,231,3,2,8,18,3,4,1,3
1593514871,"2020-06-30 11:01:11",8,232,3,2,8,19,3,4,1,3
1593514931,"2020-06-30 11:02:11",8,231,3,2,8,18,3,4,1,3
1593514991,"2020-06-30 11:03:11",8,232,3,2,8,19,3,4,1,3
1593515051,"2020-06-30 11:04:11",9,229,3,2,8,18,3,4,1,3
1593515111,"2020-06-30 11:05:11",9,234,3,2,8,19,3,4,1,3
1593515171,"2020-06-30 11:06:11",0,233,3,2,0,19,3,4,1,3
1593515231,"2020-06-30 11:07:11",9,233,3,2,8,19,3,4,1,3
1593515291,"2020-06-30 11:08:11",8,233,19.792564,2.2451124,8,19,20,4,1,3
1593515351,"2020-06-30 11:09:11",8,231,16.443504,2,8,18,16,4,1,3
1593515411,"2020-06-30 11:10:11",9,232,3,2,8,19,3,4,1,3
1593515471,"2020-06-30 11:11:11",9,229,3,2,8,18,3,4,1,3
1593515531,"2020-06-30 11:12:11",9,230,3,2,8,18,3,4,1,3
1593515591,"2020-06-30 11:13:11",9,233,3,2,8,19,3,4,1,3
1593515651,"2020-06-30 11:14:11",9,235,48.897232,3.6143017,8,19,49,7,1,3
1593515711,"2020-06-30 11:15:11",9,234,6.746733,2,8,19,7,4,1,3
1593515771,"2020-06-30 11:16:11",0,231,3,2,0,18,3,4,1,3
1593515831,"2020-06-30 11:17:11",8,236,3,2,8,19,3,4,1,3
1593515891,"2020-06-30 11:18:11",7,234,3,2,7,19,3,4,1,3
1593515951,"2020-06-30 11:19:11",8,232,3,2,8,19,3,4,1,3
1593516011,"2020-06-30 11:20:11",8,234,3,2,8,19,3,4,1,3
1593516071,"2020-06-30 11:21:11",7,233,3,2,7,19,3,4,1,3
1593516131,"2020-06-30 11:22:11",7,235,37.50553,2.7274046,7,19,38,5,1,3
1593516191,"2020-06-30 11:23:11",8,235,3,2,8,19,3,4,1,3
1593516251,"2020-06-30 11:24:11",8,231,7.499255,2,8,18,7,4,1,3
1593516311,"2020-06-30 11:25:11",6,231,50.228592,3.3691626,6,18,50,7,1,3
1593516371,"2020-06-30 11:26:11",0,233,23.320042,2.6581125,0,19,23,5,1,3
1593516431,"2020-06-30 11:27:11",6,232,10.462462,2,6,19,10,4,1,3
1593516491,"2020-06-30 11:28:11",6,234,3,2,6,19,3,4,1,3
1593516551,"2020-06-30 11:29:11",6,235,10.872973,2,6,19,11,4,1,3
1593516671,"2020-06-30 11:31:11",6,232,20.487461,2.64569,6,19,20,5,1,3
1593516731,"2020-06-30 11:32:11",7,235,68.99617,6.535203,7,19,82,13,1,3
1593516791,"2020-06-30 11:33:11",7,233,21.32136,2,7,19,21,4,1,3
1593516851,"2020-06-30 11:34:11",7,0,33.569016,2,7,0,34,4,1,3
1593516911,"2020-06-30 11:35:11",6,230,13.05473,2,6,18,13,4,1,3
1593516971,"2020-06-30 11:36:11",0,238,3,2,0,19,3,4,1,3
1593517031,"2020-06-30 11:37:11",7,228,37.47697,3.2809477,7,18,37,7,1,3
1593517091,"2020-06-30 11:38:11",7,233,36.293938,2.4545727,7,19,36,5,1,3
1593517151,"2020-06-30 11:39:11",6,237,46.088707,3.6826096,6,19,46,7,1,3
1593517211,"2020-06-30 11:40:11",6,236,69.4485,5.237458,6,19,82,10,1,3
1593517271,"2020-06-30 11:41:11",6,229,44.576385,3.3512297,6,18,45,7,1,3
1593517331,"2020-06-30 11:42:11",6,233,30.697664,2.7603893,6,19,31,6,1,3
1593517391,"2020-06-30 11:43:11",6,233,7.3168917,2,6,19,7,4,1,3
1593517451,"2020-06-30 11:44:11",7,231,22.225082,2,7,18,22,4,1,3
1593517511,"2020-06-30 11:45:11",6,232,74.31744,6.040056,6,19,91,12,1,3
1593517571,"2020-06-30 11:46:11",0,231,3,2,0,18,3,4,1,3
1593517631,"2020-06-30 11:47:11",6,235,3,2,6,19,3,4,1,3
1593517691,"2020-06-30 11:48:11",6,233,10.394301,2,6,19,10,4,1,3
1593517751,"2020-06-30 11:49:11",0,232,59.685944,4.648821,0,19,66,9,1,3
1593517811,"2020-06-30 11:50:11",7,232,13.941767,2,7,19,14,4,1,3
1593517871,"2020-06-30 11:51:11",6,235,38.961937,2.8065157,6,19,39,6,1,3
1593517931,"2020-06-30 11:52:11",6,237,18.849161,2,6,19,19,4,1,3
1593517991,"2020-06-30 11:53:11",6,233,13.443281,2,6,19,13,4,1,3
1593518051,"2020-06-30 11:54:11",6,238,69.65415,4.566805,6,19,83,9,1,3
1593518111,"2020-06-30 11:55:11",7,234,36.009552,2,7,19,36,4,1,3
1593518171,"2020-06-30 11:56:11",6,235,18.321539,2,6,19,18,4,1,3
1593518231,"2020-06-30 11:57:11",6,236,3,2,6,19,3,4,1,3
1593518291,"2020-06-30 11:58:11",6,234,10.508989,2,6,19,11,4,1,3
1593518351,"2020-06-30 11:59:11",6,234,3,2,6,19,3,4,1,3
1593518411,"2020-06-30 12:00:11",7,233,118.73316,8.565765,7,19,124,17,1,4
1593518471,"2020-06-30 12:01:11",6,236,3,2,6,19,3,4,1,3
1593518531,"2020-06-30 12:02:11",5,236,18.97217,2,5,19,19,4,1,3
1593518591,"2020-06-30 12:03:11",6,237,13.696744,2,6,19,14,4,1,3
1593518651,"2020-06-30 12:04:11",6,237,3,2,6,19,3,4,1,3
1593518711,"2020-06-30 12:05:11",6,239,3,2,6,19,3,4,1,3
1593518771,"2020-06-30 12:06:11",6,239,3,2,6,19,3,4,1,3
1593518831,"2020-06-30 12:07:11",5,236,7.69658,2,5,19,8,4,1,3
1593518891,"2020-06-30 12:08:11",5,240,51.553406,3.8222342,5,19,53,8,1,3
1593518951,"2020-06-30 12:09:11",6,239,90.859695,9.934833,6,19,107,20,2,4
1593519011,"2020-06-30 12:10:11",5,238,40.069767,2.8877993,5,19,40,6,1,3
1593519071,"2020-06-30 12:11:11",6,238,3,2,6,19,3,4,1,3
1593519131,"2020-06-30 12:12:11",5,239,9.955246,2,5,19,10,4,1,3
1593519191,"2020-06-30 12:13:11",5,240,18.977312,2,5,19,19,4,1,3
1593519251,"2020-06-30 12:14:11",5,236,57.316315,9.977388,5,19,62,20,2,5
1593519311,"2020-06-30 12:15:11",5,242,145.4529,12.490448,4,19,141,25,2,4
1593519371,"2020-06-30 12:16:11",5,241,15.684827,2,4,19,16,4,1,3
1593519431,"2020-06-30 12:17:11",5,242,30.74686,2.9199543,4,19,31,6,1,3
1593519491,"2020-06-30 12:18:11",5,244,3,2,4,20,3,4,1,3
1593519551,"2020-06-30 12:19:11",5,244,36.470352,2.41675,4,20,36,5,1,3
1593519611,"2020-06-30 12:20:11",5,241,92.5837,8.0132065,4,19,108,16,1,3
1593519671,"2020-06-30 12:21:11",5,239,28.177574,2,4,19,28,4,1,3
1593519731,"2020-06-30 12:22:11",5,244,3,2,4,20,3,4,1,3
1593519791,"2020-06-30 12:23:11",5,239,14.144089,2,4,19,14,4,1,3
1593519851,"2020-06-30 12:24:11",5,241,3,2,4,19,3,4,1,3
1593519911,"2020-06-30 12:25:11",5,238,14.825517,2,5,19,15,4,1,3
1593519971,"2020-06-30 12:26:11",6,233,3,2,6,19,3,4,1,3
1593520031,"2020-06-30 12:27:11",6,233,3,2,6,19,3,4,1,3
1593520091,"2020-06-30 12:28:11",6,229,3,2,6,18,3,4,1,3
1593520151,"2020-06-30 12:29:11",7,232,3,2,7,19,3,4,1,3
1593520211,"2020-06-30 12:30:11",6,228,3,2,6,18,3,4,1,3
1593520271,"2020-06-30 12:31:11",6,228,3,2,6,18,3,4,1,3
1593520331,"2020-06-30 12:32:11",7,224,3,2,7,18,3,4,1,3
1593520391,"2020-06-30 12:33:11",7,222,3,2,7,18,3,4,1,3
1593520451,"2020-06-30 12:34:11",8,224,3.3905385,2,8,18,3,4,1,3
1593520511,"2020-06-30 12:35:11",8,226,3,2,8,18,3,4,1,3
1593520571,"2020-06-30 12:36:11",8,225,3,2,8,18,3,4,1,3
1593520631,"2020-06-30 12:37:11",8,222,17.24878,2,8,18,17,4,1,3
1593520691,"2020-06-30 12:38:11",9,222,3,2,9,18,3,4,1,3
1593520751,"2020-06-30 12:39:11",9,223,3,2,9,18,3,4,1,3
1593520811,"2020-06-30 12:40:11",9,222,3,2,9,18,3,4,1,3
1593520871,"2020-06-30 12:41:11",10,224,3,2,9,18,3,4,1,3
1593520931,"2020-06-30 12:42:11",10,218,3,2,9,17,3,4,1,3
1593520991,"2020-06-30 12:43:11",10,220,3,2,9,18,3,4,1,3
1593521051,"2020-06-30 12:44:11",10,216,3,2,9,17,3,4,1,3
1593521111,"2020-06-30 12:45:11",10,217,3,2,9,17,3,4,1,3
1593521171,"2020-06-30 12:46:11",10,212,3,2,9,17,3,4,1,3
1593521231,"2020-06-30 12:47:11",10,212,3,2,9,17,3,4,1,3
1593521291,"2020-06-30 12:48:11",10,213,3,2,9,17,3,4,1,3
1593521351,"2020-06-30 12:49:11",11,211,3,2,10,17,3,4,1,3
1593521411,"2020-06-30 12:50:11",11,209,3,2,10,17,3,4,1,3
1593521471,"2020-06-30 12:51:11",11,211,32.265896,2.3666143,10,17,32,5,1,3
1593521531,"2020-06-30 12:52:11",13,212,3,2,12,17,3,4,1,3
1593521591,"2020-06-30 12:53:11",11,214,3,2,10,17,3,4,1,3
1593521651,"2020-06-30 12:54:11",12,210,3,2,11,17,3,4,1,3
1593521711,"2020-06-30 12:55:11",11,208,3,2,10,17,3,4,1,3
1593521771,"2020-06-30 12:56:11",12,210,3,2,11,17,3,4,1,3
1593521831,"2020-06-30 12:57:11",11,211,3,2,10,17,3,4,1,3
1593521891,"2020-06-30 12:58:11",12,209,3,2,11,17,3,4,1,3
1593521951,"2020-06-30 12:59:11",12,205,3,2,11,16,3,4,1,3
1593522011,"2020-06-30 13:00:11",12,209,3,2,11,17,3,4,1,3
1593522071,"2020-06-30 13:01:11",12,203,31.610844,3.5900602,11,16,32,7,1,3
1593522131,"2020-06-30 13:02:11",12,208,3,2,11,17,3,4,1,3
1593522191,"2020-06-30 13:03:11",12,204,3,2,11,16,3,4,1,3
1593522251,"2020-06-30 13:04:11",12,205,41.520992,3.747943,11,16,42,7,1,3
1593522311,"2020-06-30 13:05:11",12,203,4.9102974,2,11,16,5,4,1,3
1593522371,"2020-06-30 13:06:11",12,206,3,2,11,16,3,4,1,3
1593522431,"2020-06-30 13:07:11",12,202,3,2,11,16,3,4,1,3
1593522491,"2020-06-30 13:08:11",13,202,3,2,12,16,3,4,1,3
1593522551,"2020-06-30 13:09:11",12,203,10.222985,2,11,16,10,4,1,3
1593522611,"2020-06-30 13:10:11",12,201,8.337919,2,11,16,8,4,1,3
1593522671,"2020-06-30 13:11:11",12,204,43.580856,3.0756407,11,16,44,6,1,3
1593522731,"2020-06-30 13:12:11",11,201,3,2,10,16,3,4,1,3
1593522791,"2020-06-30 13:13:11",13,204,3,2,12,16,3,4,1,3
1593522851,"2020-06-30 13:14:11",13,200,3,2,12,16,3,4,1,3
1593522911,"2020-06-30 13:15:11",13,198,11.424589,2,12,16,11,4,1,3
1593522971,"2020-06-30 13:16:11",14,202,19.502039,2,13,16,20,4,1,3
1593523031,"2020-06-30 13:17:11",13,198,7.850839,2,12,16,8,4,1,3
1593523091,"2020-06-30 13:18:11",14,197,3,2,13,16,3,4,1,3
1593523151,"2020-06-30 13:19:11",13,197,3,2,12,16,3,4,1,3
1593523211,"2020-06-30 13:20:11",13,198,17.535152,2.6548386,12,16,18,5,1,3
1593523271,"2020-06-30 13:21:11",13,198,3,2,12,16,3,4,1,3
1593523331,"2020-06-30 13:22:11",14,194,3,2,13,16,3,4,1,3
1593523391,"2020-06-30 13:23:11",13,194,3,2,12,16,3,4,1,3
1593523451,"2020-06-30 13:24:11",14,195,3,2,13,16,3,4,1,3
1593523511,"2020-06-30 13:25:11",14,196,17.48576,2.575739,13,16,17,5,1,3
1593523571,"2020-06-30 13:26:11",13,197,4.042245,2,12,16,4,4,1,3
1593523631,"2020-06-30 13:27:11",13,196,3,2,12,16,3,4,1,3
1593523691,"2020-06-30 13:28:11",12,198,17.023361,2,11,16,17,4,1,3
1593523751,"2020-06-30 13:29:11",12,199,3,2,11,16,3,4,1,3
1593523811,"2020-06-30 13:30:11",13,197,3,2,12,16,3,4,1,3
1593523871,"2020-06-30 13:31:11",13,199,7.4071136,2,12,16,7,4,1,3
1593523931,"2020-06-30 13:32:11",12,197,3,2,11,16,3,4,1,3
1593523991,"2020-06-30 13:33:11",13,198,14.397206,2,12,16,14,4,1,3
1593524051,"2020-06-30 13:34:11",12,204,14.187283,2.2212076,11,16,14,4,1,3
1593524111,"2020-06-30 13:35:11",12,201,3,2,11,16,3,4,1,3
1593524171,"2020-06-30 13:36:11",0,203,10.78666,2,0,16,11,4,1,3
1593524231,"2020-06-30 13:37:11",12,202,25.393326,2.5507593,11,16,25,5,1,3
1593524291,"2020-06-30 13:38:11",11,198,3,2,11,16,3,4,1,3
1593524351,"2020-06-30 13:39:11",11,197,3,2,11,16,3,4,1,3
1593524411,"2020-06-30 13:40:11",12,198,9.232428,2,11,16,9,4,1,3
1593524471,"2020-06-30 13:41:11",12,200,15.179166,2,11,16,15,4,1,3
1593524531,"2020-06-30 13:42:11",11,199,3,2,11,16,3,4,1,3
1593524591,"2020-06-30 13:43:11",12,201,19.344122,2,11,16,19,4,1,3
1593524651,"2020-06-30 13:44:11",11,196,3,2,11,16,3,4,1,3
1593524711,"2020-06-30 13:45:11",11,201,3,2,11,16,3,4,1,3
1593524771,"2020-06-30 13:46:11",0,202,3,2,0,16,3,4,1,3
1593524831,"2020-06-30 13:47:11",10,206,3,2,10,16,3,4,1,3
1593524891,"2020-06-30 13:48:11",11,203,6.442482,2,10,16,6,4,1,3
1593524951,"2020-06-30 13:49:11",10,202,3,2,10,16,3,4,1,3
1593525011,"2020-06-30 13:50:11",11,202,3,2,11,16,3,4,1,3
1593525131,"2020-06-30 13:52:11",11,206,3,2,11,16,3,4,1,3
1593525191,"2020-06-30 13:53:11",10,200,3,2,10,16,3,4,1,3
1593525251,"2020-06-30 13:54:11",10,202,3,2,10,16,3,4,1,3
1593525311,"2020-06-30 13:55:11",10,202,8.613659,2,10,16,9,4,1,3
1593525371,"2020-06-30 13:56:11",0,0,7.0778737,2,0,0,7,4,1,3
1593525431,"2020-06-30 13:57:11",9,199,3,2,9,16,3,4,1,3
1593525491,"2020-06-30 13:58:11",10,203,3,2,10,16,3,4,1,3
1593525551,"2020-06-30 13:59:11",9,206,3,2,9,16,3,4,1,3
1593525611,"2020-06-30 14:00:11",10,207,4.5742917,2,10,17,5,4,1,3
1593525671,"2020-06-30 14:01:11",9,205,3,2,9,16,3,4,1,3
1593525731,"2020-06-30 14:02:11",10,205,3,2,10,16,3,4,1,3
1593525791,"2020-06-30 14:03:11",10,208,20.766806,2,10,17,21,4,1,3
1593525851,"2020-06-30 14:04:11",9,207,23.962955,2,9,17,24,4,1,3
1593525911,"2020-06-30 14:05:11",9,207,3.9273686,2,9,17,4,4,1,3
1593525971,"2020-06-30 14:06:11",0,208,3,2,0,17,3,4,1,3
1593526031,"2020-06-30 14:07:11",9,213,49.79495,3.396676,9,17,50,7,1,3
1593526091,"2020-06-30 14:08:11",9,207,9.556694,2,9,17,10,4,1,3
1593526151,"2020-06-30 14:09:11",9,207,3,2,9,17,3,4,1,3
1593526211,"2020-06-30 14:10:11",0,210,3,2,0,17,3,4,1,3
1593526271,"2020-06-30 14:11:11",8,210,6.051691,2,8,17,6,4,1,3
1593526331,"2020-06-30 14:12:11",8,210,9.74021,2,8,17,10,4,1,3
1593526391,"2020-06-30 14:13:11",8,211,23.573345,3.141076,8,17,24,6,1,3
1593526451,"2020-06-30 14:14:11",9,210,38.71485,2.8957844,9,17,39,6,1,3
1593526511,"2020-06-30 14:15:11",8,210,3,2,8,17,3,4,1,3
1593526571,"2020-06-30 14:16:11",8,212,57.09958,3.0460606,8,17,62,6,1,3
1593526631,"2020-06-30 14:17:11",8,214,30.673683,2.5804472,8,17,31,5,1,3
1593526691,"2020-06-30 14:18:11",8,212,3,2,8,17,3,4,1,3
1593526751,"2020-06-30 14:19:11",8,208,3,2,8,17,3,4,1,3
1593526811,"2020-06-30 14:20:11",8,211,3,2,7,17,3,4,1,3
1593526871,"2020-06-30 14:21:11",8,213,36.140564,3.9476128,8,17,36,8,1,3
1593526931,"2020-06-30 14:22:11",8,213,11.220215,2,8,17,11,4,1,3
1593526991,"2020-06-30 14:23:11",8,211,14.569524,2,8,17,15,4,1,3
1593527051,"2020-06-30 14:24:11",8,213,3.636329,2,7,17,4,4,1,3
1593527111,"2020-06-30 14:25:11",8,213,3,2,8,17,3,4,1,3
1593527171,"2020-06-30 14:26:11",8,215,3,2,7,17,3,4,1,3
1593527231,"2020-06-30 14:27:11",8,217,6.9806027,2,7,17,7,4,1,3
1593527291,"2020-06-30 14:28:11",8,212,17.923635,2,7,17,18,4,1,3
1593527351,"2020-06-30 14:29:11",8,212,12.756446,2,7,17,13,4,1,3
1593527411,"2020-06-30 14:30:11",8,218,3,2,7,17,3,4,1,3
1593527471,"2020-06-30 14:31:11",8,214,3,2,7,17,3,4,1,3
1593527531,"2020-06-30 14:32:11",8,215,4.069575,2,7,17,4,4,1,3
1593527591,"2020-06-30 14:33:11",8,213,3,2,7,17,3,4,1,3
1593527651,"2020-06-30 14:34:11",8,215,20.086327,2.1648645,7,17,20,4,1,3
1593527711,"2020-06-30 14:35:11",8,219,3,2,7,18,3,4,1,3
1593527771,"2020-06-30 14:36:11",7,217,9.12309,2,7,17,9,4,1,3
1593527831,"2020-06-30 14:37:11",8,217,3,2,7,17,3,4,1,3
1593527891,"2020-06-30 14:38:11",7,218,3,2,6,17,3,4,1,3
1593527951,"2020-06-30 14:39:11",7,218,3,2,6,17,3,4,1,3
1593528011,"2020-06-30 14:40:11",8,217,3,2,7,17,3,4,1,3
1593528071,"2020-06-30 14:41:11",7,215,3,2,6,17,3,4,1,3
1593528131,"2020-06-30 14:42:11",7,215,3,2,6,17,3,4,1,3
1593528191,"2020-06-30 14:43:11",7,216,3,2,6,17,3,4,1,3
1593528251,"2020-06-30 14:44:11",8,223,3,2,7,18,3,4,1,3
1593528311,"2020-06-30 14:45:11",7,218,3,2,6,17,3,4,1,3
1593528371,"2020-06-30 14:46:11",7,220,3,2,7,18,3,4,1,3
1593528431,"2020-06-30 14:47:11",6,222,3,2,5,18,3,4,1,3
1593528491,"2020-06-30 14:48:11",7,222,5.884264,2,6,18,6,4,1,3
1593528551,"2020-06-30 14:49:11",6,222,3,2,5,18,3,4,1,3
1593528611,"2020-06-30 14:50:11",7,220,3,2,6,18,3,4,1,3
1593528671,"2020-06-30 14:51:11",7,219,3,2,6,18,3,4,1,3
1593528731,"2020-06-30 14:52:11",7,222,3,2,6,18,3,4,1,3
1593528791,"2020-06-30 14:53:11",7,218,3,2,6,17,3,4,1,3
1593528851,"2020-06-30 14:54:11",7,220,41.741142,4.191143,6,18,42,8,1,3
1593528911,"2020-06-30 14:55:11",6,218,3,2,5,17,3,4,1,3
1593528971,"2020-06-30 14:56:11",7,221,3,2,6,18,3,4,1,3
1593529031,"2020-06-30 14:57:11",7,218,3,2,6,17,3,4,1,3
1593529091,"2020-06-30 14:58:11",6,220,3,2,5,18,3,4,1,3
1593529151,"2020-06-30 14:59:11",7,217,12.979149,2,6,17,13,4,1,3
1593529211,"2020-06-30 15:00:11",7,221,3,2,6,18,3,4,1,3
1593529271,"2020-06-30 15:01:11",7,223,3,2,6,18,3,4,1,3
1593529331,"2020-06-30 15:02:11",7,220,16.382261,2,6,18,16,4,1,3
1593529391,"2020-06-30 15:03:11",7,221,3,2,6,18,3,4,1,3
1593529451,"2020-06-30 15:04:11",7,224,3,2,6,18,3,4,1,3
1593529511,"2020-06-30 15:05:11",7,222,3,2,6,18,3,4,1,3
1593529571,"2020-06-30 15:06:11",7,224,3,2,6,18,3,4,1,3
1593529631,"2020-06-30 15:07:11",6,220,14.551912,2,5,18,15,4,1,3
1593529691,"2020-06-30 15:08:11",7,221,3,2,6,18,3,4,1,3
1593529751,"2020-06-30 15:09:11",7,221,3,2,6,18,3,4,1,3
1593529811,"2020-06-30 15:10:11",7,221,3,2,6,18,3,4,1,3
1593529871,"2020-06-30 15:11:11",7,220,3,2,6,18,3,4,1,3
1593529931,"2020-06-30 15:12:11",7,226,14.327726,2.319851,6,18,14,5,1,3
1593529991,"2020-06-30 15:13:11",7,222,3,2,6,18,3,4,1,3
1593530051,"2020-06-30 15:14:11",7,226,15.2546215,2,6,18,15,4,1,3
1593530111,"2020-06-30 15:15:11",7,225,3,2,6,18,3,4,1,3
1593530171,"2020-06-30 15:16:11",5,222,5.7672663,2,5,18,6,4,1,3
1593530231,"2020-06-30 15:17:11",6,219,3,2,5,18,3,4,1,3
1593530291,"2020-06-30 15:18:11",6,221,9.734576,2,5,18,10,4,1,3
1593530351,"2020-06-30 15:19:11",6,222,3,2,5,18,3,4,1,3
1593530411,"2020-06-30 15:20:11",6,227,3,2,5,18,3,4,1,3
1593530471,"2020-06-30 15:21:11",6,224,3,2,5,18,3,4,1,3
1593530531,"2020-06-30 15:22:11",6,226,3,2,5,18,3,4,1,3
1593530591,"2020-06-30 15:23:11",6,221,3,2,5,18,3,4,1,3
1593530651,"2020-06-30 15:24:11",5,228,3,2,5,18,3,4,1,3
1593530711,"2020-06-30 15:25:11",7,224,12.585242,2,6,18,13,4,1,3
1593530771,"2020-06-30 15:26:11",5,220,3,2,4,18,3,4,1,3
1593530831,"2020-06-30 15:27:11",5,220,4.0436487,2,5,18,4,4,1,3
1593530891,"2020-06-30 15:28:11",5,221,10.798512,2,5,18,11,4,1,3
1593530951,"2020-06-30 15:29:11",6,219,3,2,5,18,3,4,1,3
1593531011,"2020-06-30 15:30:11",6,218,3,2,5,17,3,4,1,3
1593531071,"2020-06-30 15:31:11",6,213,3.6700912,2,5,17,4,4,1,3
1593531131,"2020-06-30 15:32:11",6,214,3,2,5,17,3,4,1,3
1593531191,"2020-06-30 15:33:11",6,213,5.8044586,2,5,17,6,4,1,3
1593531251,"2020-06-30 15:34:11",6,215,6.009205,2,5,17,6,4,1,3
1593531311,"2020-06-30 15:35:11",7,215,3,2,6,17,3,4,1,3
1593531371,"2020-06-30 15:36:11",5,217,3,2,5,17,3,4,1,3
1593531431,"2020-06-30 15:37:11",5,218,3,2,5,17,3,4,1,3
1593531491,"2020-06-30 15:38:11",6,216,3,2,5,17,3,4,1,3
1593531551,"2020-06-30 15:39:11",6,212,3,2,5,17,3,4,1,3
1593531611,"2020-06-30 15:40:11",6,214,3,2,5,17,3,4,1,3
1593531671,"2020-06-30 15:41:11",6,215,5.285674,2,5,17,5,4,1,3
1593531731,"2020-06-30 15:42:11",6,215,12.092144,2,5,17,12,4,1,3
1593531791,"2020-06-30 15:43:11",6,214,3,2,6,17,3,4,1,3
1593531851,"2020-06-30 15:44:11",6,214,22.195776,2,5,17,22,4,1,3
1593531911,"2020-06-30 15:45:11",5,216,3,2,5,17,3,4,1,3
1593531971,"2020-06-30 15:46:11",6,218,3,2,5,17,3,4,1,3
1593532031,"2020-06-30 15:47:11",5,218,3,2,5,17,3,4,1,3
1593532091,"2020-06-30 15:48:11",5,213,3,2,5,17,3,4,1,3
1593532151,"2020-06-30 15:49:11",6,215,3,2,5,17,3,4,1,3
1593532211,"2020-06-30 15:50:11",5,213,11.622694,2,5,17,12,4,1,3
1593532271,"2020-06-30 15:51:11",6,213,3,2,6,17,3,4,1,3
1593532331,"2020-06-30 15:52:11",5,210,3,2,5,17,3,4,1,3
1593532391,"2020-06-30 15:53:11",6,214,14.25393,2,6,17,14,4,1,3
1593532451,"2020-06-30 15:54:11",5,212,3,2,5,17,3,4,1,3
1593532511,"2020-06-30 15:55:11",5,216,9.549746,2,5,17,10,4,1,3
1593532571,"2020-06-30 15:56:11",0,217,3,2,0,17,3,4,1,3
1593532631,"2020-06-30 15:57:11",6,214,3,2,5,17,3,4,1,3
1593532691,"2020-06-30 15:58:11",5,213,3,2,5,17,3,4,1,3
1593532751,"2020-06-30 15:59:11",6,218,32.75413,2.9089155,6,17,33,6,1,3
1593532811,"2020-06-30 16:00:11",7,213,3,2,6,17,3,4,1,3
1593532871,"2020-06-30 16:01:11",7,216,3,2,6,17,3,4,1,3
1593532931,"2020-06-30 16:02:11",6,216,16.792665,2,5,17,17,4,1,3
1593532991,"2020-06-30 16:03:11",6,219,3,2,6,18,3,4,1,3
1593533051,"2020-06-30 16:04:11",6,215,3,2,5,17,3,4,1,3
1593533111,"2020-06-30 16:05:11",5,219,6.278611,2,5,18,6,4,1,3
1593533171,"2020-06-30 16:06:11",0,213,3,2,0,17,3,4,1,3
1593533231,"2020-06-30 16:07:11",5,216,3,2,5,17,3,4,1,3
1593533291,"2020-06-30 16:08:11",6,214,9.660751,2,6,17,10,4,1,3
1593533351,"2020-06-30 16:09:11",4,216,4.4391856,2,4,17,4,4,1,3
1593533411,"2020-06-30 16:10:11",5,210,17.948586,2,5,17,18,4,1,3
1593533471,"2020-06-30 16:11:11",5,214,3,2,5,17,3,4,1,3
1593533531,"2020-06-30 16:12:11",5,215,3,2,5,17,3,4,1,3
1593533651,"2020-06-30 16:14:11",5,215,3,2,5,17,3,4,1,3
1593533711,"2020-06-30 16:15:11",5,215,3,2,5,17,3,4,1,3
1593533771,"2020-06-30 16:16:11",0,215,4.16633,2,0,17,4,4,1,3
1593533831,"2020-06-30 16:17:11",5,214,3,2,5,17,3,4,1,3
1593533891,"2020-06-30 16:18:11",5,0,3,2,5,0,3,4,1,3
1593533951,"2020-06-30 16:19:11",4,214,3,2,4,17,3,4,1,3
1593534011,"2020-06-30 16:20:11",4,216,3,2,4,17,3,4,1,3
1593534071,"2020-06-30 16:21:11",4,216,3,2,4,17,3,4,1,3
1593534131,"2020-06-30 16:22:11",4,214,3,2,4,17,3,4,1,3
1593534191,"2020-06-30 16:23:11",4,216,17.767467,2,4,17,18,4,1,3
1593534251,"2020-06-30 16:24:11",4,220,3,2,4,18,3,4,1,3
1593534311,"2020-06-30 16:25:11",4,215,18.16689,2,4,17,18,4,1,3
1593534371,"2020-06-30 16:26:11",0,215,4.926531,2,0,17,5,4,1,3
1593534431,"2020-06-30 16:27:11",3,217,3,2,3,17,3,4,1,3
1593534491,"2020-06-30 16:28:11",3,212,11.255003,2,3,17,11,4,1,3
1593534551,"2020-06-30 16:29:11",3,216,3,2,3,17,3,4,1,3
1593534611,"2020-06-30 16:30:11",3,216,43.997864,2.8606634,3,17,44,6,1,3
1593534671,"2020-06-30 16:31:11",3,217,26.68655,2.5913458,3,17,27,5,1,3
1593534731,"2020-06-30 16:32:11",0,215,3,2,0,17,3,4,1,3
1593534791,"2020-06-30 16:33:11",3,218,3,2,3,17,3,4,1,3
1593534851,"2020-06-30 16:34:11",3,214,45.627937,6.502224,3,17,46,13,2,4
1593534911,"2020-06-30 16:35:11",3,214,3,2,3,17,3,4,1,3
1593534971,"2020-06-30 16:36:11",3,214,3,2,3,17,3,4,1,3
1593535031,"2020-06-30 16:37:11",3,217,3,2,3,17,3,4,1,3
1593535091,"2020-06-30 16:38:11",4,213,22.155542,2,4,17,22,4,1,3
1593535151,"2020-06-30 16:39:11",4,212,3,2,4,17,3,4,1,3
1593535211,"2020-06-30 16:40:11",3,216,12.680443,2,3,17,13,4,1,3
1593535271,"2020-06-30 16:41:11",3,215,3,2,3,17,3,4,1,3
1593535331,"2020-06-30 16:42:11",3,219,3,2,3,18,3,4,1,3
1593535391,"2020-06-30 16:43:11",3,218,3,2,3,17,3,4,1,3
1593535451,"2020-06-30 16:44:11",3,214,3,2,3,17,3,4,1,3
1593535511,"2020-06-30 16:45:11",3,217,3,2,3,17,3,4,1,3
1593535571,"2020-06-30 16:46:11",4,215,3,2,4,17,3,4,1,3
1593535631,"2020-06-30 16:47:11",4,213,3,2,4,17,3,4,1,3
1593535691,"2020-06-30 16:48:11",3,215,3,2,3,17,3,4,1,3
1593535751,"2020-06-30 16:49:11",4,217,3.0917315,2,4,17,3,4,1,3
1593535811,"2020-06-30 16:50:11",4,215,3.8063931,2,4,17,4,4,1,3
1593535871,"2020-06-30 16:51:11",4,216,3,2,4,17,3,4,1,3
1593535931,"2020-06-30 16:52:11",3,219,3,2,3,18,3,4,1,3
1593535991,"2020-06-30 16:53:11",4,221,4.0826607,2,4,18,4,4,1,3
1593536051,"2020-06-30 16:54:11",3,215,3,2,3,17,3,4,1,3
1593536111,"2020-06-30 16:55:11",3,214,3,2,3,17,3,4,1,3
1593536171,"2020-06-30 16:56:11",3,211,3,2,3,17,3,4,1,3
1593536231,"2020-06-30 16:57:11",2,217,3,2,2,17,3,4,1,3
1593536291,"2020-06-30 16:58:11",3,213,3,2,3,17,3,4,1,3
1593536351,"2020-06-30 16:59:11",3,213,3,2,3,17,3,4,1,3
1593536411,"2020-06-30 17:00:11",3,213,3,2,3,17,3,4,1,3
1593536471,"2020-06-30 17:01:11",3,212,3,2,3,17,3,4,1,3
1593536531,"2020-06-30 17:02:11",3,214,3,2,3,17,3,4,1,3
1593536591,"2020-06-30 17:03:11",3,215,3,2,3,17,3,4,1,3
1593536651,"2020-06-30 17:04:11",3,213,3,2,3,17,3,4,1,3
1593536711,"2020-06-30 17:05:11",4,208,3,2,4,17,3,4,1,3
1593536771,"2020-06-30 17:06:11",4,207,3,2,3,17,3,4,1,3
1593536831,"2020-06-30 17:07:11",4,209,3,2,4,17,3,4,1,3
1593536891,"2020-06-30 17:08:11",4,208,3,2,4,17,3,4,1,3
1593536951,"2020-06-30 17:09:11",3,209,13.264241,2,3,17,13,4,1,3
1593537011,"2020-06-30 17:10:11",3,211,39.165855,2.8644428,3,17,39,6,1,3
1593537071,"2020-06-30 17:11:11",2,211,3,2,2,17,3,4,1,3
1593537131,"2020-06-30 17:12:11",4,214,3,2,4,17,3,4,1,3
1593537191,"2020-06-30 17:13:11",2,210,3,2,2,17,3,4,1,3
1593537251,"2020-06-30 17:14:11",3,211,3,2,3,17,3,4,1,3
1593537311,"2020-06-30 17:15:11",3,208,3,2,3,17,3,4,1,3
1593537371,"2020-06-30 17:16:11",3,206,45.56937,3.82475,3,16,46,8,1,3
1593537431,"2020-06-30 17:17:11",2,210,3,2,2,17,3,4,1,3
1593537491,"2020-06-30 17:18:11",3,207,3,2,3,17,3,4,1,3
1593537551,"2020-06-30 17:19:11",2,208,3,2,2,17,3,4,1,3
1593537611,"2020-06-30 17:20:11",3,210,3,2,3,17,3,4,1,3
1593537671,"2020-06-30 17:21:11",2,209,3,2,2,17,3,4,1,3
1593537731,"2020-06-30 17:22:11",2,209,3,2,2,17,3,4,1,3
1593537791,"2020-06-30 17:23:11",2,207,3,2,2,17,3,4,1,3
1593537851,"2020-06-30 17:24:11",3,205,3,2,3,16,3,4,1,3
1593537911,"2020-06-30 17:25:11",3,203,3,2,3,16,3,4,1,3
1593537971,"2020-06-30 17:26:11",3,204,24.428896,2.1708717,3,16,24,4,1,3
1593538031,"2020-06-30 17:27:11",3,203,3,2,3,16,3,4,1,3
1593538091,"2020-06-30 17:28:11",3,202,3,2,3,16,3,4,1,3
1593538151,"2020-06-30 17:29:11",3,207,6.8580914,2,3,17,7,4,1,3
1593538211,"2020-06-30 17:30:11",2,208,3,2,2,17,3,4,1,3
1593538271,"2020-06-30 17:31:11",3,204,3.1517408,2,3,16,3,4,1,3
1593538331,"2020-06-30 17:32:11",3,207,4.5587196,2,3,17,5,4,1,3
1593538391,"2020-06-30 17:33:11",2,208,9.370321,2,2,17,9,4,1,3
1593538451,"2020-06-30 17:34:11",3,204,3,2,3,16,3,4,1,3
1593538511,"2020-06-30 17:35:11",3,205,3,2,3,16,3,4,1,3
1593538571,"2020-06-30 17:36:11",3,205,3,2,3,16,3,4,1,3
1593538631,"2020-06-30 17:37:11",4,203,3,2,4,16,3,4,1,3
1593538691,"2020-06-30 17:38:11",3,206,19.201897,2,3,16,19,4,1,3
1593538751,"2020-06-30 17:39:11",3,208,3,2,3,17,3,4,1,3
1593538811,"2020-06-30 17:40:11",3,208,13.525584,2,3,17,14,4,1,3
1593538871,"2020-06-30 17:41:11",3,210,3,2,3,17,3,4,1,3
1593538931,"2020-06-30 17:42:11",3,209,40.208878,3.2613344,3,17,40,7,1,3
1593538991,"2020-06-30 17:43:11",4,206,55.69619,3.1986752,4,16,59,6,1,3
1593539051,"2020-06-30 17:44:11",3,203,3,2,3,16,3,4,1,3
1593539111,"2020-06-30 17:45:11",4,203,3,2,4,16,3,4,1,3
1593539171,"2020-06-30 17:46:11",3,205,3,2,3,16,3,4,1,3
1593539231,"2020-06-30 17:47:11",3,204,3,2,3,16,3,4,1,3
1593539291,"2020-06-30 17:48:11",3,202,3,2,3,16,3,4,1,3
1593539351,"2020-06-30 17:49:11",4,206,3,2,4,16,3,4,1,3
1593539411,"2020-06-30 17:50:11",3,206,3,2,3,16,3,4,1,3
1593539471,"2020-06-30 17:51:11",3,205,3,2,3,16,3,4,1,3
1593539531,"2020-06-30 17:52:11",3,201,3,2,3,16,3,4,1,3
1593539591,"2020-06-30 17:53:11",4,199,6.4887133,2,4,16,6,4,1,3
1593539651,"2020-06-30 17:54:11",4,203,3,2,4,16,3,4,1,3
1593539711,"2020-06-30 17:55:11",4,204,3,2,4,16,3,4,1,3
1593539771,"2020-06-30 17:56:11",3,203,9.050964,2,3,16,9,4,1,3
1593539831,"2020-06-30 17:57:11",4,209,3,2,4,17,3,4,1,3
1593539891,"2020-06-30 17:58:11",3,204,6.1022778,2,3,16,6,4,1,3
1593539951,"2020-06-30 17:59:11",4,207,3,2,4,17,3,4,1,3
1593540011,"2020-06-30 18:00:11",4,201,3,2,4,16,3,4,1,3
1593540071,"2020-06-30 18:01:11",3,200,3,2,3,16,3,4,1,3
1593540131,"2020-06-30 18:02:11",3,204,33.22154,2.668931,3,16,33,5,1,3
1593540191,"2020-06-30 18:03:11",5,197,3,2,5,16,3,4,1,3
1593540251,"2020-06-30 18:04:11",5,201,3,2,5,16,3,4,1,3
1593540311,"2020-06-30 18:05:11",4,200,3,2,4,16,3,4,1,3
1593540371,"2020-06-30 18:06:11",4,202,3,2,4,16,3,4,1,3
1593540431,"2020-06-30 18:07:11",4,211,3,2,4,17,3,4,1,3
1593540491,"2020-06-30 18:08:11",3,208,3,2,3,17,3,4,1,3
1593540551,"2020-06-30 18:09:11",3,210,16.49075,2,3,17,16,4,1,3
1593540611,"2020-06-30 18:10:11",3,213,3,2,3,17,3,4,1,3
1593540671,"2020-06-30 18:11:11",3,212,3,2,3,17,3,4,1,3
1593540731,"2020-06-30 18:12:11",3,208,3,2,3,17,3,4,1,3
1593540791,"2020-06-30 18:13:11",3,211,3,2,3,17,3,4,1,3
1593540851,"2020-06-30 18:14:11",4,211,3,2,4,17,3,4,1,3
1593540911,"2020-06-30 18:15:11",3,212,3,2,3,17,3,4,1,3
1593540971,"2020-06-30 18:16:11",0,209,3,2,0,17,3,4,1,3
1593541031,"2020-06-30 18:17:11",5,209,3,2,5,17,3,4,1,3
1593541091,"2020-06-30 18:18:11",4,210,3,2,4,17,3,4,1,3
1593541151,"2020-06-30 18:19:11",4,210,12.704298,2,4,17,13,4,1,3
1593541211,"2020-06-30 18:20:11",5,210,4.767318,2,5,17,5,4,1,3
1593541271,"2020-06-30 18:21:11",5,209,6.150114,2,5,17,6,4,1,3
1593541331,"2020-06-30 18:22:11",5,212,3,2,5,17,3,4,1,3
1593541391,"2020-06-30 18:23:11",5,206,3,2,5,16,3,4,1,3
1593541451,"2020-06-30 18:24:11",5,208,42.131172,2.9438267,5,17,42,6,1,3
1593541511,"2020-06-30 18:25:11",5,206,3,2,5,16,3,4,1,3
1593541571,"2020-06-30 18:26:11",0,210,3,2,0,17,3,4,1,3
1593541631,"2020-06-30 18:27:11",4,207,3,2,4,17,3,4,1,3
1593541691,"2020-06-30 18:28:11",5,204,16.16567,2,5,16,16,4,1,3
1593541751,"2020-06-30 18:29:11",5,202,3,2,5,16,3,4,1,3
1593541811,"2020-06-30 18:30:11",6,203,25.66399,2,6,16,26,4,1,3
1593541871,"2020-06-30 18:31:11",5,206,11.504582,2,5,16,12,4,1,3
1593541931,"2020-06-30 18:32:11",6,202,25.92053,2,6,16,26,4,1,3
1593541991,"2020-06-30 18:33:11",5,205,3,2,5,16,3,4,1,3
1593542051,"2020-06-30 18:34:11",6,205,3,2,6,16,3,4,1,3
1593542171,"2020-06-30 18:36:11",0,205,3,2,0,16,3,4,1,3
1593542231,"2020-06-30 18:37:11",5,202,3,2,5,16,3,4,1,3
1593542291,"2020-06-30 18:38:11",7,201,3,2,6,16,3,4,1,3
1593542351,"2020-06-30 18:39:11",6,203,5.9988065,2,6,16,6,4,1,3
1593542411,"2020-06-30 18:40:11",7,0,3,2,6,0,3,4,1,3
1593542471,"2020-06-30 18:41:11",7,201,3.0829635,2,6,16,3,4,1,3
1593542531,"2020-06-30 18:42:11",6,202,37.37014,2.1629372,6,16,37,4,1,3
1593542591,"2020-06-30 18:43:11",6,201,3,2,6,16,3,4,1,3
1593542651,"2020-06-30 18:44:11",5,203,3,2,5,16,3,4,1,3
1593542711,"2020-06-30 18:45:11",5,203,35.916744,2,5,16,36,4,1,3
1593542771,"2020-06-30 18:46:11",0,202,3,2,0,16,3,4,1,3
1593542831,"2020-06-30 18:47:11",6,196,3,2,6,16,3,4,1,3
1593542891,"2020-06-30 18:48:11",6,198,18.632765,2,6,16,19,4,1,3
1593542951,"2020-06-30 18:49:11",6,196,38.350296,3.6756573,6,16,38,7,1,3
1593543011,"2020-06-30 18:50:11",7,198,24.39704,2.105669,6,16,24,4,1,3
1593543071,"2020-06-30 18:51:11",7,199,5.2572994,2,6,16,5,4,1,3
1593543131,"2020-06-30 18:52:11",7,199,3,2,6,16,3,4,1,3
1593543191,"2020-06-30 18:53:11",7,203,3,2,6,16,3,4,1,3
1593543251,"2020-06-30 18:54:11",0,197,9.057844,2,0,16,9,4,1,3
1593543311,"2020-06-30 18:55:11",7,196,16.11793,2.2411156,6,16,16,4,1,3
1593543371,"2020-06-30 18:56:11",7,198,49.276245,3.8414593,6,16,49,8,1,3
1593543431,"2020-06-30 18:57:11",7,201,23.098188,2,6,16,23,4,1,3
1593543491,"2020-06-30 18:58:11",7,198,23.916555,2,6,16,24,4,1,3
1593543551,"2020-06-30 18:59:11",7,202,3,2,6,16,3,4,1,3
1593543611,"2020-06-30 19:00:11",7,201,25.258383,2,6,16,25,4,1,3
1593543671,"2020-06-30 19:01:11",6,201,3,2,6,16,3,4,1,3
1593543731,"2020-06-30 19:02:11",6,200,3,2,6,16,3,4,1,3
1593543791,"2020-06-30 19:03:11",6,201,3,2,6,16,3,4,1,3
1593543851,"2020-06-30 19:04:11",7,201,3,2,6,16,3,4,1,3
1593543911,"2020-06-30 19:05:11",6,200,15.4783125,2,6,16,15,4,1,3
1593543971,"2020-06-30 19:06:11",6,203,3,2,6,16,3,4,1,3
1593544031,"2020-06-30 19:07:11",7,200,3,2,6,16,3,4,1,3
1593544091,"2020-06-30 19:08:11",7,198,3,2,6,16,3,4,1,3
1593544151,"2020-06-30 19:09:11",7,198,3,2,6,16,3,4,1,3
1593544211,"2020-06-30 19:10:11",7,199,7.247227,2,6,16,7,4,1,3
1593544271,"2020-06-30 19:11:11",7,200,3,2,6,16,3,4,1,3
1593544331,"2020-06-30 19:12:11",7,198,3,2,6,16,3,4,1,3
1593544391,"2020-06-30 19:13:11",7,196,3,2,6,16,3,4,1,3
1593544451,"2020-06-30 19:14:11",7,198,3,2,6,16,3,4,1,3
1593544511,"2020-06-30 19:15:11",6,202,3,2,6,16,3,4,1,3
1593544571,"2020-06-30 19:16:11",7,200,3,2,6,16,3,4,1,3
1593544631,"2020-06-30 19:17:11",7,200,15.364733,2,6,16,15,4,1,3
1593544691,"2020-06-30 19:18:11",7,199,27.309023,2,6,16,27,4,1,3
1593544751,"2020-06-30 19:19:11",7,195,3,2,6,16,3,4,1,3
1593544811,"2020-06-30 19:20:11",6,200,3,2,6,16,3,4,1,3
1593544871,"2020-06-30 19:21:11",7,199,17.32606,2,6,16,17,4,1,3
1593544931,"2020-06-30 19:22:11",7,201,3,2,6,16,3,4,1,3
1593544991,"2020-06-30 19:23:11",7,208,3,2,6,17,3,4,1,3
1593545051,"2020-06-30 19:24:11",6,206,3,2,6,16,3,4,1,3
1593545111,"2020-06-30 19:25:11",6,210,14.417442,2,6,17,14,4,1,3
1593545171,"2020-06-30 19:26:11",6,213,45.534775,4.26682,6,17,46,9,2,4
1593545231,"2020-06-30 19:27:11",6,213,6.776436,2,6,17,7,4,1,3
1593545291,"2020-06-30 19:28:11",5,216,3,2,5,17,3,4,1,3
1593545351,"2020-06-30 19:29:11",5,216,10.12504,2,5,17,10,4,1,3
1593545411,"2020-06-30 19:30:11",5,217,92.00081,5.4789877,5,17,108,11,1,3
1593545471,"2020-06-30 19:31:11",5,216,29.390287,2,5,17,29,4,1,3
1593545531,"2020-06-30 19:32:11",5,213,13.763205,2,5,17,14,4,1,3
1593545591,"2020-06-30 19:33:11",4,219,31.077902,2,4,18,31,4,1,3
1593545651,"2020-06-30 19:34:11",4,220,18.826218,2,4,18,19,4,1,3
1593545711,"2020-06-30 19:35:11",4,218,38.229195,2,4,17,38,4,1,3
1593545771,"2020-06-30 19:36:11",4,215,18.643785,2,4,17,19,4,1,3
1593545831,"2020-06-30 19:37:11",4,220,3.648181,2,4,18,4,4,1,3
1593545891,"2020-06-30 19:38:11",3,217,13.295888,2,3,17,13,4,1,3
1593545951,"2020-06-30 19:39:11",4,218,3,2,4,17,3,4,1,3
1593546011,"2020-06-30 19:40:11",4,214,3,2,4,17,3,4,1,3
1593546071,"2020-06-30 19:41:11",4,220,16.09792,2,4,18,16,4,1,3
1593546131,"2020-06-30 19:42:11",3,215,3,2,3,17,3,4,1,3
1593546191,"2020-06-30 19:43:11",3,217,3,2,3,17,3,4,1,3
1593546251,"2020-06-30 19:44:11",3,220,65.72261,3.873539,3,18,76,8,1,3
1593546311,"2020-06-30 19:45:11",3,219,3,2,2,18,3,4,1,3
1593546371,"2020-06-30 19:46:11",3,214,26.689713,2,2,17,27,4,1,3
1593546431,"2020-06-30 19:47:11",3,214,20.868042,2,3,17,21,4,1,3
1593546491,"2020-06-30 19:48:11",3,216,18.354282,2,2,17,18,4,1,3
1593546551,"2020-06-30 19:49:11",3,218,52.266327,3.477498,2,17,54,7,1,3
1593546611,"2020-06-30 19:50:11",3,216,23.26209,2,2,17,23,4,1,3
1593546671,"2020-06-30 19:51:11",3,220,3,2,2,18,3,4,1,3
1593546731,"2020-06-30 19:52:11",2,216,49.036186,2.4562235,2,17,49,5,1,3
1593546791,"2020-06-30 19:53:11",2,216,3,2,2,17,3,4,1,3
1593546851,"2020-06-30 19:54:11",2,214,3,2,2,17,3,4,1,3
1593546911,"2020-06-30 19:55:11",3,213,20.61267,2,2,17,21,4,1,3
1593546971,"2020-06-30 19:56:11",2,218,15.246647,2,2,17,15,4,1,3
1593547031,"2020-06-30 19:57:11",3,217,3.9627047,2,2,17,4,4,1,3
1593547091,"2020-06-30 19:58:11",2,220,3,2,2,18,3,4,1,3
1593547151,"2020-06-30 19:59:11",2,217,7.0916266,2,2,17,7,4,1,3
1593547211,"2020-06-30 20:00:11",3,214,3,2,2,17,3,4,1,3
1593547271,"2020-06-30 20:01:11",3,214,3,2,2,17,3,4,1,3
1593547331,"2020-06-30 20:02:11",2,216,3,2,2,17,3,4,1,3
1593547391,"2020-06-30 20:03:11",3,217,3,2,2,17,3,4,1,3
1593547451,"2020-06-30 20:04:11",3,212,3,2,2,17,3,4,1,3
1593547511,"2020-06-30 20:05:11",2,214,20.634132,2.2364588,2,17,21,4,1,3
1593547571,"2020-06-30 20:06:11",2,209,29.605154,2,2,17,30,4,1,3
1593547631,"2020-06-30 20:07:11",3,215,3,2,2,17,3,4,1,3
1593547691,"2020-06-30 20:08:11",2,213,6.047474,2,2,17,6,4,1,3
1593547751,"2020-06-30 20:09:11",3,218,3,2,2,17,3,4,1,3
1593547811,"2020-06-30 20:10:11",2,212,37.168854,2.6042871,2,17,37,5,1,3
1593547871,"2020-06-30 20:11:11",2,211,3,2,2,17,3,4,1,3
1593547931,"2020-06-30 20:12:11",3,215,3,2,2,17,3,4,1,3
1593547991,"2020-06-30 20:13:11",2,215,57.260414,3.1174154,2,17,62,6,1,3
1593548051,"2020-06-30 20:14:11",2,211,3,2,2,17,3,4,1,3
1593548111,"2020-06-30 20:15:11",2,211,6.7284484,2,2,17,7,4,1,3
1593548171,"2020-06-30 20:16:11",2,213,3,2,2,17,3,4,1,3
1593548231,"2020-06-30 20:17:11",1,210,14.810323,2,1,17,15,4,1,3
1593548291,"2020-06-30 20:18:11",2,215,3,2,2,17,3,4,1,3
1593548351,"2020-06-30 20:19:11",2,213,3,2,2,17,3,4,1,3
1593548411,"2020-06-30 20:20:11",1,212,3,2,1,17,3,4,1,3
1593548471,"2020-06-30 20:21:11",2,216,43.15003,2,2,17,43,4,1,3
1593548531,"2020-06-30 20:22:11",2,212,3,2,2,17,3,4,1,3
1593548591,"2020-06-30 20:23:11",2,213,3,2,2,17,3,4,1,3
1593548651,"2020-06-30 20:24:11",2,211,3,2,2,17,3,4,1,3
1593548711,"2020-06-30 20:25:11",1,212,23.967928,2,1,17,24,4,1,3
1593548771,"2020-06-30 20:26:11",2,209,3,2,2,17,3,4,1,3
1593548831,"2020-06-30 20:27:11",2,211,47.87195,2,2,17,48,4,1,3
1593548891,"2020-06-30 20:28:11",1,212,3,2,1,17,3,4,1,3
1593548951,"2020-06-30 20:29:11",1,210,3,2,1,17,3,4,1,3
1593549011,"2020-06-30 20:30:11",1,211,3,2,1,17,3,4,1,3
1593549071,"2020-06-30 20:31:11",2,213,3,2,2,17,3,4,1,3
1593549131,"2020-06-30 20:32:11",2,211,6.6522126,2,2,17,7,4,1,3
1593549191,"2020-06-30 20:33:11",2,212,56.98235,2,2,17,62,4,1,3
1593549251,"2020-06-30 20:34:11",1,207,3,2,1,17,3,4,1,3
1593549311,"2020-06-30 20:35:11",1,214,40.315754,2,1,17,40,4,1,3
1593549371,"2020-06-30 20:36:11",0,212,3,2,0,17,3,4,1,3
1593549431,"2020-06-30 20:37:11",2,209,3,2,2,17,3,4,1,3
1593549491,"2020-06-30 20:38:11",2,210,3,2,2,17,3,4,1,3
1593549551,"2020-06-30 20:39:11",2,210,39.83229,2,2,17,40,4,1,3
1593549611,"2020-06-30 20:40:11",0,209,17.521414,2,0,17,18,4,1,3
1593549671,"2020-06-30 20:41:11",1,209,91.83475,5.5559416,1,17,107,11,1,3
1593549731,"2020-06-30 20:42:11",2,211,49.262543,3.6102123,2,17,49,7,1,3
1593549791,"2020-06-30 20:43:11",1,208,17.721823,2,1,17,18,4,1,3
1593549851,"2020-06-30 20:44:11",2,208,8.19869,2,2,17,8,4,1,3
1593549911,"2020-06-30 20:45:11",2,204,13.798805,2,2,16,14,4,1,3
1593549971,"2020-06-30 20:46:11",0,208,3,2,0,17,3,4,1,3
1593550031,"2020-06-30 20:47:11",1,207,34.1052,2,1,17,34,4,1,3
1593550091,"2020-06-30 20:48:11",1,205,3,2,1,16,3,4,1,3
1593550151,"2020-06-30 20:49:11",1,211,12.282615,2,1,17,12,4,1,3
1593550211,"2020-06-30 20:50:11",2,209,3.4624124,2,2,17,3,4,1,3
1593550271,"2020-06-30 20:51:11",2,208,3,2,2,17,3,4,1,3
1593550331,"2020-06-30 20:52:11",2,207,16.025434,2,2,17,16,4,1,3
1593550391,"2020-06-30 20:53:11",1,205,36.156837,2,1,16,36,4,1,3
1593550451,"2020-06-30 20:54:11",1,210,3,2,1,17,3,4,1,3
1593550511,"2020-06-30 20:55:11",1,207,7.098494,2,1,17,7,4,1,3
1593550571,"2020-06-30 20:56:11",0,211,3,2,0,17,3,4,1,3
1593550691,"2020-06-30 20:58:11",1,204,3,2,1,16,3,4,1,3
1593550751,"2020-06-30 20:59:11",1,207,3,2,1,17,3,4,1,3
1593550811,"2020-06-30 21:00:11",1,205,12.09745,2,1,16,12,4,1,3
1593550871,"2020-06-30 21:01:11",1,207,26.13786,2,1,17,26,4,1,3
1593550931,"2020-06-30 21:02:11",0,0,12.64702,2,0,0,13,4,1,3
1593550991,"2020-06-30 21:03:11",0,207,3,2,0,17,3,4,1,3
1593551051,"2020-06-30 21:04:11",1,207,4.711815,2,1,17,5,4,1,3
1593551111,"2020-06-30 21:05:11",1,206,51.54807,2.3358507,1,16,53,5,1,3
1593551171,"2020-06-30 21:06:11",0,205,73.236855,3.6953278,0,16,89,7,1,3
1593551231,"2020-06-30 21:07:11",0,206,3.1244364,2,0,16,3,4,1,3
1593551291,"2020-06-30 21:08:11",0,208,3,2,0,17,3,4,1,3
1593551351,"2020-06-30 21:09:11",1,201,61.763206,3.6701403,1,16,70,7,1,3
1593551411,"2020-06-30 21:10:11",0,204,36.492027,2.128209,0,16,36,4,1,3
1593551471,"2020-06-30 21:11:11",0,203,17.95092,2,0,16,18,4,1,3
1593551531,"2020-06-30 21:12:11",0,202,3,2,0,16,3,4,1,3
1593551591,"2020-06-30 21:13:11",0,205,25.192463,2,0,16,25,4,1,3
1593551651,"2020-06-30 21:14:11",0,204,3,2,0,16,3,4,1,3
1593551711,"2020-06-30 21:15:11",1,208,3,2,1,17,3,4,1,3
1593551771,"2020-06-30 21:16:11",0,207,26.335077,2,0,17,26,4,1,3
1593551831,"2020-06-30 21:17:11",0,207,11.461498,2,0,17,11,4,1,3
1593551891,"2020-06-30 21:18:11",1,206,3,2,1,16,3,4,1,3
1593551951,"2020-06-30 21:19:11",0,209,40.909546,2,0,17,41,4,1,3
1593552011,"2020-06-30 21:20:11",0,208,34.45223,2,0,17,34,4,1,3
1593552071,"2020-06-30 21:21:11",0,202,3,2,0,16,3,4,1,3
1593552131,"2020-06-30 21:22:11",0,204,21.642014,2,0,16,22,4,1,3
1593552191,"2020-06-30 21:23:11",0,205,20.509949,2,0,16,21,4,1,3
1593552251,"2020-06-30 21:24:11",0,205,42.82245,2,0,16,43,4,1,3
1593552311,"2020-06-30 21:25:11",0,203,35.251556,2,0,16,35,4,1,3
1593552371,"2020-06-30 21:26:11",0,204,3,2,0,16,3,4,1,3
1593552431,"2020-06-30 21:27:11",0,205,16.849705,2,0,16,17,4,1,3
1593552491,"2020-06-30 21:28:11",0,202,3,2,0,16,3,4,1,3
1593552551,"2020-06-30 21:29:11",0,204,22.82617,2,0,16,23,4,1,3
1593552611,"2020-06-30 21:30:11",0,206,3,2,0,16,3,4,1,3
1593552671,"2020-06-30 21:31:11",0,207,3,2,0,17,3,4,1,3
1593552731,"2020-06-30 21:32:11",0,205,3,2,0,16,3,4,1,3
1593552791,"2020-06-30 21:33:11",0,202,32.736015,2,0,16,33,4,1,3
1593552851,"2020-06-30 21:34:11",0,204,3,2,0,16,3,4,1,3
1593552911,"2020-06-30 21:35:11",0,207,8.427694,2,0,17,8,4,1,3
1593552971,"2020-06-30 21:36:11",0,207,3,2,0,17,3,4,1,3
1593553031,"2020-06-30 21:37:11",0,203,3,2,0,16,3,4,1,3
1593553091,"2020-06-30 21:38:11",0,204,12.969311,2,0,16,13,4,1,3
1593553151,"2020-06-30 21:39:11",0,201,39.640373,2,0,16,40,4,1,3
1593553211,"2020-06-30 21:40:11",0,202,22.733004,2,0,16,23,4,1,3
1593553271,"2020-06-30 21:41:11",0,204,38.67646,2,0,16,39,4,1,3
1593553331,"2020-06-30 21:42:11",0,206,3,2,0,16,3,4,1,3
1593553391,"2020-06-30 21:43:11",0,205,3,2,0,16,3,4,1,3
1593553451,"2020-06-30 21:44:11",0,206,12.250395,2,0,16,12,4,1,3
1593553511,"2020-06-30 21:45:11",0,204,7.072121,2,0,16,7,4,1,3
1593553571,"2020-06-30 21:46:11",0,203,55.238365,3.2142143,0,16,59,6,1,3
1593553631,"2020-06-30 21:47:11",0,203,3,2,0,16,3,4,1,3
1593553691,"2020-06-30 21:48:11",0,207,16.115505,2,0,17,16,4,1,3
1593553751,"2020-06-30 21:49:11",0,203,3,2,0,16,3,4,1,3
1593553811,"2020-06-30 21:50:11",0,206,22.99575,2,0,16,23,4,1,3
1593553871,"2020-06-30 21:51:11",0,208,3,2,0,17,3,4,1,3
1593553931,"2020-06-30 21:52:11",0,206,3,2,0,16,3,4,1,3
1593553991,"2020-06-30 21:53:11",0,208,3,2,0,17,3,4,1,3
1593554051,"2020-06-30 21:54:11",0,211,9.244002,2,0,17,9,4,1,3
1593554111,"2020-06-30 21:55:11",0,210,42.963806,2,0,17,43,4,1,3
1593554171,"2020-06-30 21:56:11",0,209,3,2,0,17,3,4,1,3
1593554231,"2020-06-30 21:57:11",0,212,3,2,0,17,3,4,1,3
1593554291,"2020-06-30 21:58:11",0,212,3,2,0,17,3,4,1,3
1593554351,"2020-06-30 21:59:11",0,211,7.692835,2,0,17,8,4,1,3
1593554411,"2020-06-30 22:00:11",0,213,3,2,0,17,3,4,1,3
1593554471,"2020-06-30 22:01:11",0,207,31.484724,2,0,17,31,4,1,3
1593554531,"2020-06-30 22:02:11",0,210,3,2,0,17,3,4,1,3
1593554591,"2020-06-30 22:03:11",0,210,3,2,0,17,3,4,1,3
1593554651,"2020-06-30 22:04:11",0,212,77.303566,4.7283335,0,17,96,9,1,3
1593554711,"2020-06-30 22:05:11",0,207,9.890497,2,0,17,10,4,1,3
1593554771,"2020-06-30 22:06:11",0,212,9.40161,2,0,17,9,4,1,3
1593554831,"2020-06-30 22:07:11",0,215,12.008759,2,0,17,12,4,1,3
1593554891,"2020-06-30 22:08:11",0,211,3,2,0,17,3,4,1,3
1593554951,"2020-06-30 22:09:11",0,206,34.016556,2,0,16,34,4,1,3
1593555011,"2020-06-30 22:10:11",0,211,37.757465,2.357915,0,17,38,5,1,3
1593555071,"2020-06-30 22:11:11",0,209,3,2,0,17,3,4,1,3
1593555131,"2020-06-30 22:12:11",0,206,3,2,0,16,3,4,1,3
1593555191,"2020-06-30 22:13:11",0,209,3,2,0,17,3,4,1,3
1593555251,"2020-06-30 22:14:11",0,212,24.231293,2,0,17,24,4,1,3
1593555311,"2020-06-30 22:15:11",0,207,3,2,0,17,3,4,1,3
1593555371,"2020-06-30 22:16:11",0,210,3,2,0,17,3,4,1,3
1593555431,"2020-06-30 22:17:11",0,213,3,2,0,17,3,4,1,3
1593555491,"2020-06-30 22:18:11",0,210,44.277138,2.7474785,0,17,44,5,1,3
1593555551,"2020-06-30 22:19:11",0,209,3,2,0,17,3,4,1,3
1593555611,"2020-06-30 22:20:11",0,215,7.768888,2,0,17,8,4,1,3
1593555671,"2020-06-30 22:21:11",0,209,27.475714,2,0,17,27,4,1,3
1593555731,"2020-06-30 22:22:11",0,211,14.458663,2,0,17,14,4,1,3
1593555791,"2020-06-30 22:23:11",0,207,13.033078,2,0,17,13,4,1,3
1593555851,"2020-06-30 22:24:11",0,204,20.20396,2,0,16,20,4,1,3
1593555911,"2020-06-30 22:25:11",0,207,9.822174,2,0,17,10,4,1,3
1593555971,"2020-06-30 22:26:11",0,206,3,2,0,16,3,4,1,3
1593556031,"2020-06-30 22:27:11",0,206,3,2,0,16,3,4,1,3
1593556091,"2020-06-30 22:28:11",0,202,3,2,0,16,3,4,1,3
1593556151,"2020-06-30 22:29:11",0,207,50.97992,2.6701212,0,17,52,5,1,3
1593556211,"2020-06-30 22:30:11",0,206,3,2,0,16,3,4,1,3
1593556271,"2020-06-30 22:31:11",0,203,46.63561,2.7419167,0,16,47,5,1,3
1593556331,"2020-06-30 22:32:11",0,207,36.434856,2,0,17,36,4,1,3
1593556391,"2020-06-30 22:33:11",0,206,3,2,0,16,3,4,1,3
1593556451,"2020-06-30 22:34:11",0,206,3,2,0,16,3,4,1,3
1593556511,"2020-06-30 22:35:11",0,206,3,2,0,16,3,4,1,3
1593556571,"2020-06-30 22:36:11",0,206,76.67439,2.874548,0,16,94,6,1,3
1593556631,"2020-06-30 22:37:11",0,207,60.966454,3.402154,0,17,68,7,1,3
1593556691,"2020-06-30 22:38:11",0,201,25.430222,2,0,16,25,4,1,3
1593556751,"2020-06-30 22:39:11",0,210,25.593992,2,0,17,26,4,1,3
1593556811,"2020-06-30 22:40:11",0,206,3,2,0,16,3,4,1,3
1593556871,"2020-06-30 22:41:11",0,206,5.5842857,2,0,16,6,4,1,3
1593556931,"2020-06-30 22:42:11",0,205,10.120867,2,0,16,10,4,1,3
1593556991,"2020-06-30 22:43:11",0,204,3,2,0,16,3,4,1,3
1593557051,"2020-06-30 22:44:11",0,209,45.84243,2.6087399,0,17,46,5,1,3
1593557111,"2020-06-30 22:45:11",0,206,17.717373,2,0,16,18,4,1,3
1593557171,"2020-06-30 22:46:11",0,206,31.654533,2.1829767,0,16,32,4,1,3
1593557231,"2020-06-30 22:47:11",0,205,3,2,0,16,3,4,1,3
1593557291,"2020-06-30 22:48:11",0,208,3,2,0,17,3,4,1,3
1593557351,"2020-06-30 22:49:11",0,206,3,2,0,16,3,4,1,3
1593557411,"2020-06-30 22:50:11",0,203,15.990652,2,0,16,16,4,1,3
1593557471,"2020-06-30 22:51:11",0,205,16.985527,2,0,16,17,4,1,3
1593557531,"2020-06-30 22:52:11",0,204,6.4131885,2,0,16,6,4,1,3
1593557591,"2020-06-30 22:53:11",0,206,34.952183,2,0,16,35,4,1,3
1593557651,"2020-06-30 22:54:11",0,205,41.736916,2.5246449,0,16,42,5,1,3
1593557711,"2020-06-30 22:55:11",0,202,68.69263,4.309079,0,16,81,9,1,3
1593557771,"2020-06-30 22:56:11",0,208,3,2,0,17,3,4,1,3
1593557831,"2020-06-30 22:57:11",0,208,70.59552,4.6585865,0,17,84,9,1,3
1593557891,"2020-06-30 22:58:11",0,208,35.15749,2,0,17,35,4,1,3
1593557951,"2020-06-30 22:59:11",0,202,37.03614,2.5519428,0,16,37,5,1,3
1593558011,"2020-06-30 23:00:11",0,207,36.823013,2.5948896,0,17,37,5,1,3
1593558071,"2020-06-30 23:01:11",0,205,3,2,0,16,3,4,1,3
1593558131,"2020-06-30 23:02:11",0,207,21.274014,2,0,17,21,4,1,3
1593558191,"2020-06-30 23:03:11",0,205,26.308483,2,0,16,26,4,1,3
1593558251,"2020-06-30 23:04:11",0,208,3,2,0,17,3,4,1,3
1593558311,"2020-06-30 23:05:11",0,205,3,2,0,16,3,4,1,3
1593558371,"2020-06-30 23:06:11",0,204,3,2,0,16,3,4,1,3
1593558431,"2020-06-30 23:07:11",0,204,3,2,0,16,3,4,1,3
1593558491,"2020-06-30 23:08:11",0,203,103.17006,6.213916,0,16,114,12,1,3
1593558551,"2020-06-30 23:09:11",0,205,3,2,0,16,3,4,1,3
1593558611,"2020-06-30 23:10:11",0,205,9.853638,2,0,16,10,4,1,3
1593558671,"2020-06-30 23:11:11",0,204,10.546169,2,0,16,11,4,1,3
1593558731,"2020-06-30 23:12:11",0,206,20.893345,2,0,16,21,4,1,3
1593558791,"2020-06-30 23:13:11",0,201,34.318153,2.4186277,0,16,34,5,1,3
1593558851,"2020-06-30 23:14:11",0,210,9.263609,2,0,17,9,4,1,3
1593558911,"2020-06-30 23:15:11",0,205,66.23299,4.247177,0,16,77,8,1,3
1593558971,"2020-06-30 23:16:11",0,204,76.19968,5.008152,0,16,94,10,1,3
1593559031,"2020-06-30 23:17:11",0,203,20.483608,2,0,16,20,4,1,3
1593559091,"2020-06-30 23:18:11",0,207,21.347494,2,0,17,21,4,1,3
1593559211,"2020-06-30 23:20:11",0,208,46.018826,3.4360514,0,17,46,7,1,3
1593559271,"2020-06-30 23:21:11",0,204,3,2,0,16,3,4,1,3
1593559331,"2020-06-30 23:22:11",0,210,54.283783,2.6329823,0,17,57,5,1,3
1593559391,"2020-06-30 23:23:11",0,208,11.831109,2,0,17,12,4,1,3
1593559451,"2020-06-30 23:24:11",0,0,12.30907,2,0,0,12,4,1,3
1593559511,"2020-06-30 23:25:11",0,203,40.814323,2.6986265,0,16,41,5,1,3
1593559571,"2020-06-30 23:26:11",0,209,64.144135,3.8888426,0,17,74,8,1,3
1593559631,"2020-06-30 23:27:11",0,205,57.556095,3.4503107,0,16,63,7,1,3
1593559691,"2020-06-30 23:28:11",0,204,25.6319,2,0,16,26,4,1,3
1593559751,"2020-06-30 23:29:11",0,204,67.11819,5.101612,0,16,79,10,1,3
1593559811,"2020-06-30 23:30:11",0,209,26.415283,2,0,17,26,4,1,3
1593559871,"2020-06-30 23:31:11",0,206,3,2,0,16,3,4,1,3
1593559931,"2020-06-30 23:32:11",0,207,3,2,0,17,3,4,1,3
1593559991,"2020-06-30 23:33:11",0,207,36.99422,3.3085356,0,17,37,7,1,3
1593560051,"2020-06-30 23:34:11",0,203,88.73298,6.2709627,0,16,105,13,1,3
1593560111,"2020-06-30 23:35:11",0,206,50.38413,3.6024694,0,16,51,7,1,3
1593560171,"2020-06-30 23:36:11",0,206,51.571472,2.3449411,0,16,53,5,1,3
1593560231,"2020-06-30 23:37:11",0,205,3,2,0,16,3,4,1,3
1593560291,"2020-06-30 23:38:11",0,205,12.170426,2,0,16,12,4,1,3
1593560351,"2020-06-30 23:39:11",0,203,3,2,0,16,3,4,1,3
1593560411,"2020-06-30 23:40:11",0,204,11.0330105,2,0,16,11,4,1,3
1593560471,"2020-06-30 23:41:11",0,203,48.734394,2.9651527,0,16,49,6,1,3
1593560531,"2020-06-30 23:42:11",0,203,46.3798,2.6521263,0,16,46,5,1,3
1593560591,"2020-06-30 23:43:11",0,202,58.2505,4.1877394,0,16,64,8,1,3
1593560651,"2020-06-30 23:44:11",0,207,65.823235,4.1110134,0,17,76,8,1,3
1593560711,"2020-06-30 23:45:11",0,204,24.775568,2,0,16,25,4,1,3
1593560771,"2020-06-30 23:46:11",0,205,33.709396,2,0,16,34,4,1,3
1593560831,"2020-06-30 23:47:11",0,205,46.99449,3.3117828,0,16,47,7,1,3
1593560891,"2020-06-30 23:48:11",0,200,35.359837,2.0349855,0,16,35,4,1,3
1593560951,"2020-06-30 23:49:11",0,204,49.723297,3.3572483,0,16,50,7,1,3
1593561011,"2020-06-30 23:50:11",0,201,27.273487,2,0,16,27,4,1,3
1593561071,"2020-06-30 23:51:11",0,202,7.529883,2,0,16,8,4,1,3
1593561131,"2020-06-30 23:52:11",0,202,3,2,0,16,3,4,1,3
1593561191,"2020-06-30 23:53:11",0,206,14.698273,2,0,16,15,4,1,3
1593561251,"2020-06-30 23:54:11",0,203,91.33886,5.97196,0,16,107,12,1,3
1593561311,"2020-06-30 23:55:11",0,204,5.5093656,2,0,16,6,4,1,3
1593561371,"2020-06-30 23:56:11",0,206,51.234863,2.647337,0,16,52,5,1,3
1593561431,"2020-06-30 23:57:11",0,201,57.904236,3.3605242,0,16,63,7,1,3
1593561491,"2020-06-30 23:58:11",0,204,17.568691,2,0,16,18,4,1,3
1593561551,"2020-06-30 23:59:11",0,203,11.535606,2,0,16,12,4,1,3
