1592221289,"2020-06-15 11:41:29",0,774,3,2,0,54,3,4,1,3
1592221349,"2020-06-15 11:42:29",0,627,3,2,0,48,3,4,1,3
1592221409,"2020-06-15 11:43:29",1,548,8.072813,2,1,42,8,4,1,3
1592221469,"2020-06-15 11:44:29",2,501,3,2,2,38,3,4,1,3
1592221529,"2020-06-15 11:45:29",4,462,3,2,4,36,3,4,1,3
1592221589,"2020-06-15 11:46:29",8,432,3,2,7,33,3,4,1,3
1592221649,"2020-06-15 11:47:29",7,408,3,2,7,32,3,4,1,3
1592221709,"2020-06-15 11:48:29",9,385,3,2,9,30,3,4,1,3
1592221769,"2020-06-15 11:49:29",8,376,3,2,8,29,3,4,1,3
1592221829,"2020-06-15 11:50:29",10,364,3,2,9,28,3,4,1,3
1592221889,"2020-06-15 11:51:29",15,346,3,2,14,27,3,4,1,3
1592221949,"2020-06-15 11:52:29",17,334,3,2,16,26,3,4,1,3
1592222009,"2020-06-15 11:53:29",18,326,3,2,17,26,3,4,1,3
1592222069,"2020-06-15 11:54:29",18,317,3,2,17,25,3,4,1,3
1592222189,"2020-06-15 11:56:29",20,305,18.778986,2,19,24,19,4,1,3
1592222249,"2020-06-15 11:57:29",19,300,3,2,18,24,3,4,1,3
1592222309,"2020-06-15 11:58:29",20,296,15.562335,2,19,23,16,4,1,3
1592222369,"2020-06-15 11:59:29",18,0,3,2,17,0,3,4,1,3
1592222429,"2020-06-15 12:00:29",21,288,3,2,20,23,3,4,1,3
1592222489,"2020-06-15 12:01:29",0,284,3,2,0,22,3,4,1,3
1592222549,"2020-06-15 12:02:29",20,279,3,2,19,22,3,4,1,3
1592222609,"2020-06-15 12:03:29",21,273,4.5019455,2,20,22,5,4,1,3
1592222669,"2020-06-15 12:04:29",23,275,19.18879,2.2208004,22,22,19,4,1,3
1592222729,"2020-06-15 12:05:29",22,270,3,2,21,21,3,4,1,3
1592222789,"2020-06-15 12:06:29",21,265,3,2,20,21,3,4,1,3
1592222849,"2020-06-15 12:07:29",22,262,3,2,22,21,3,4,1,3
1592222909,"2020-06-15 12:08:29",22,256,3,2,22,20,3,4,1,3
1592222969,"2020-06-15 12:09:29",22,260,3,2,22,21,3,4,1,3
1592223029,"2020-06-15 12:10:29",23,253,3,2,23,20,3,4,1,3
1592223089,"2020-06-15 12:11:29",0,254,7.0967,2,0,20,7,4,1,3
1592223149,"2020-06-15 12:12:29",24,254,31.805363,3.408021,24,20,32,7,1,3
1592223209,"2020-06-15 12:13:29",0,251,3,2,0,20,3,4,1,3
1592223269,"2020-06-15 12:14:29",23,245,32.314407,2,22,20,32,4,1,3
1592223329,"2020-06-15 12:15:29",24,241,74.46123,4.9728727,24,19,91,10,1,3
1592223389,"2020-06-15 12:16:29",23,237,3,2,22,19,3,4,1,3
1592223449,"2020-06-15 12:17:29",24,236,13.236879,2,23,19,13,4,1,3
1592223509,"2020-06-15 12:18:29",24,235,3,2,24,19,3,4,1,3
1592223569,"2020-06-15 12:19:29",24,233,3,2,24,19,3,4,1,3
1592223629,"2020-06-15 12:20:29",24,235,3,2,23,19,3,4,1,3
1592223689,"2020-06-15 12:21:29",24,231,5.654278,2,23,18,6,4,1,3
1592223749,"2020-06-15 12:22:29",24,229,3,2,23,18,3,4,1,3
1592223809,"2020-06-15 12:23:29",25,231,3,2,25,18,3,4,1,3
1592223869,"2020-06-15 12:24:29",26,225,40.72888,2.3638535,26,18,41,5,1,3
1592223929,"2020-06-15 12:25:29",26,223,12.007009,2,26,18,12,4,1,3
1592223989,"2020-06-15 12:26:29",26,224,3,2,26,18,3,4,1,3
1592224049,"2020-06-15 12:27:29",25,223,14.4952135,2,25,18,14,4,1,3
1592224109,"2020-06-15 12:28:29",26,220,78.23705,5.8188086,26,18,97,12,1,3
1592224169,"2020-06-15 12:29:29",27,219,3,2,27,18,3,4,1,3
1592224229,"2020-06-15 12:30:29",26,217,16.100498,2,26,17,16,4,1,3
1592224289,"2020-06-15 12:31:29",26,217,3,2,26,17,3,4,1,3
1592224349,"2020-06-15 12:32:29",26,218,3,2,26,17,3,4,1,3
1592224409,"2020-06-15 12:33:29",27,215,14.263969,2,27,17,14,4,1,3
1592224469,"2020-06-15 12:34:29",27,216,3,2,27,17,3,4,1,3
1592224529,"2020-06-15 12:35:29",27,208,6.4077945,2,27,17,6,4,1,3
1592224589,"2020-06-15 12:36:29",27,207,3,2,27,17,3,4,1,3
1592224649,"2020-06-15 12:37:29",27,207,10.073522,2,27,17,10,4,1,3
1592224709,"2020-06-15 12:38:29",27,206,3,2,27,16,3,4,1,3
1592224769,"2020-06-15 12:39:29",27,210,3,2,29,17,3,4,1,3
1592224829,"2020-06-15 12:40:29",27,209,3,2,29,17,3,4,1,3
1592224889,"2020-06-15 12:41:29",27,203,3,2,27,16,3,4,1,3
1592224949,"2020-06-15 12:42:29",27,204,4.424061,2,29,16,4,4,1,3
1592225009,"2020-06-15 12:43:29",27,204,25.82872,2.3320951,27,16,26,5,1,3
1592225069,"2020-06-15 12:44:29",27,201,3,2,29,16,3,4,1,3
1592225129,"2020-06-15 12:45:29",28,201,3,2,29,16,3,4,1,3
1592225189,"2020-06-15 12:46:29",27,199,3,2,29,16,3,4,1,3
1592225249,"2020-06-15 12:47:29",28,196,6.9308906,2,30,16,7,4,1,3
1592225309,"2020-06-15 12:48:29",28,197,3,2,30,16,3,4,1,3
1592225369,"2020-06-15 12:49:29",27,198,3,2,29,16,3,4,1,3
1592225429,"2020-06-15 12:50:29",27,196,3,2,29,16,3,4,1,3
1592225489,"2020-06-15 12:51:29",28,194,3.9495811,2,29,16,4,4,1,3
1592225549,"2020-06-15 12:52:29",28,196,4.5557365,2,29,16,5,4,1,3
1592225609,"2020-06-15 12:53:29",28,195,18.856853,2.8033419,30,16,19,6,1,3
1592225669,"2020-06-15 12:54:29",28,194,3,2,30,16,3,4,1,3
1592225729,"2020-06-15 12:55:29",28,193,3,2,30,15,3,4,1,3
1592225789,"2020-06-15 12:56:29",29,195,3,2,31,16,3,4,1,3
1592225849,"2020-06-15 12:57:29",28,195,3,2,30,16,3,4,1,3
1592225909,"2020-06-15 12:58:29",28,192,3,2,30,15,3,4,1,3
1592225969,"2020-06-15 12:59:29",28,193,3,2,29,15,3,4,1,3
1592226029,"2020-06-15 13:00:29",29,190,3,2,31,15,3,4,1,3
1592226089,"2020-06-15 13:01:29",30,192,3,2,32,15,3,4,1,3
1592226149,"2020-06-15 13:02:29",28,191,3,2,30,15,3,4,1,3
1592226209,"2020-06-15 13:03:29",30,186,3,2,33,15,3,4,1,3
1592226269,"2020-06-15 13:04:29",30,187,3,2,33,15,3,4,1,3
1592226329,"2020-06-15 13:05:29",30,189,26.22393,2.2098475,32,15,26,4,1,3
1592226389,"2020-06-15 13:06:29",29,185,3,2,31,15,3,4,1,3
1592226449,"2020-06-15 13:07:29",29,187,3,2,31,15,3,4,1,3
1592226509,"2020-06-15 13:08:29",28,189,19.014095,2,29,15,19,4,1,3
1592226569,"2020-06-15 13:09:29",28,187,3,2,30,15,3,4,1,3
1592226629,"2020-06-15 13:10:29",27,185,3,2,28,15,3,4,1,3
1592226689,"2020-06-15 13:11:29",11,188,6.754809,2,11,15,7,4,1,3
1592226749,"2020-06-15 13:12:29",11,189,3,2,11,15,3,4,1,3
1592226809,"2020-06-15 13:13:29",10,185,3,2,10,15,3,4,1,3
1592226869,"2020-06-15 13:14:29",11,183,3,2,11,15,3,4,1,3
1592226929,"2020-06-15 13:15:29",11,186,3,2,10,15,3,4,1,3
1592226989,"2020-06-15 13:16:29",11,186,3,2,11,15,3,4,1,3
1592227049,"2020-06-15 13:17:29",11,189,16.44769,2,11,15,16,4,1,3
1592227109,"2020-06-15 13:18:29",11,184,3,2,11,15,3,4,1,3
1592227169,"2020-06-15 13:19:29",12,186,3,2,11,15,3,4,1,3
1592227229,"2020-06-15 13:20:29",10,181,3,2,10,14,3,4,1,3
1592227289,"2020-06-15 13:21:29",10,180,3,2,9,14,3,4,1,3
1592227349,"2020-06-15 13:22:29",12,185,3,2,12,15,3,4,1,3
1592227409,"2020-06-15 13:23:29",11,183,3,2,10,15,3,4,1,3
1592227469,"2020-06-15 13:24:29",10,181,3,2,10,14,3,4,1,3
1592227529,"2020-06-15 13:25:29",11,183,3,2,11,15,3,4,1,3
1592227589,"2020-06-15 13:26:29",11,182,3,2,10,15,3,4,1,3
1592227649,"2020-06-15 13:27:29",10,182,3,2,10,15,3,4,1,3
1592227709,"2020-06-15 13:28:29",10,181,9.472735,2,9,14,9,4,1,3
1592227769,"2020-06-15 13:29:29",10,182,3,2,10,15,3,4,1,3
1592227829,"2020-06-15 13:30:29",11,181,3,2,11,14,3,4,1,3
1592227889,"2020-06-15 13:31:29",10,181,3,2,9,14,3,4,1,3
1592227949,"2020-06-15 13:32:29",11,177,3,2,10,14,3,4,1,3
1592228009,"2020-06-15 13:33:29",11,178,3,2,10,14,3,4,1,3
1592228069,"2020-06-15 13:34:29",10,179,3,2,9,14,3,4,1,3
1592228129,"2020-06-15 13:35:29",10,181,3,2,10,14,3,4,1,3
1592228189,"2020-06-15 13:36:29",10,179,3,2,9,14,3,4,1,3
1592228249,"2020-06-15 13:37:29",10,178,3,2,9,14,3,4,1,3
1592228309,"2020-06-15 13:38:29",11,177,3,2,10,14,3,4,1,3
1592228369,"2020-06-15 13:39:29",10,180,3,2,9,14,3,4,1,3
1592228429,"2020-06-15 13:40:29",10,178,3,2,9,14,3,4,1,3
1592228489,"2020-06-15 13:41:29",10,178,9.22653,2,9,14,9,4,1,3
1592228549,"2020-06-15 13:42:29",10,180,3,2,10,14,3,4,1,3
1592228609,"2020-06-15 13:43:29",9,180,3,2,8,14,3,4,1,3
1592228669,"2020-06-15 13:44:29",11,176,3,2,11,14,3,4,1,3
1592228729,"2020-06-15 13:45:29",10,176,3,2,9,14,3,4,1,3
1592228789,"2020-06-15 13:46:29",11,174,4.49737,2,11,14,4,4,1,3
1592228849,"2020-06-15 13:47:29",12,176,3,2,12,14,3,4,1,3
1592228909,"2020-06-15 13:48:29",10,175,3,2,10,14,3,4,1,3
1592228969,"2020-06-15 13:49:29",9,179,3,2,8,14,3,4,1,3
1592229029,"2020-06-15 13:50:29",10,174,3,2,9,14,3,4,1,3
1592229089,"2020-06-15 13:51:29",9,177,3,2,8,14,3,4,1,3
1592229149,"2020-06-15 13:52:29",10,177,3,2,9,14,3,4,1,3
1592229209,"2020-06-15 13:53:29",9,177,5.830083,2,8,14,6,4,1,3
1592229269,"2020-06-15 13:54:29",11,174,3,2,11,14,3,4,1,3
1592229329,"2020-06-15 13:55:29",9,174,3,2,8,14,3,4,1,3
1592229389,"2020-06-15 13:56:29",10,173,3,2,9,14,3,4,1,3
1592229449,"2020-06-15 13:57:29",11,174,3,2,10,14,3,4,1,3
1592229509,"2020-06-15 13:58:29",10,176,3,2,10,14,3,4,1,3
1592229569,"2020-06-15 13:59:29",11,175,3,2,10,14,3,4,1,3
1592229629,"2020-06-15 14:00:29",10,174,3,2,9,14,3,4,1,3
1592229689,"2020-06-15 14:01:29",11,171,3,2,11,14,3,4,1,3
1592229749,"2020-06-15 14:02:29",11,174,3,2,10,14,3,4,1,3
1592229809,"2020-06-15 14:03:29",11,174,3,2,10,14,3,4,1,3
1592229869,"2020-06-15 14:04:29",11,169,3,2,10,14,3,4,1,3
1592229929,"2020-06-15 14:05:29",10,174,7.0473657,2,9,14,7,4,1,3
1592229989,"2020-06-15 14:06:29",10,170,3,2,9,14,3,4,1,3
1592230049,"2020-06-15 14:07:29",11,173,3,2,10,14,3,4,1,3
1592230109,"2020-06-15 14:08:29",11,171,3,2,10,14,3,4,1,3
1592230169,"2020-06-15 14:09:29",12,173,3,2,11,14,3,4,1,3
1592230229,"2020-06-15 14:10:29",11,171,3,2,11,14,3,4,1,3
1592230289,"2020-06-15 14:11:29",9,174,3,2,8,14,3,4,1,3
1592230349,"2020-06-15 14:12:29",9,172,3,2,8,14,3,4,1,3
1592230409,"2020-06-15 14:13:29",10,171,3.015615,2,10,14,3,4,1,3
1592230469,"2020-06-15 14:14:29",10,174,3,2,9,14,3,4,1,3
1592230529,"2020-06-15 14:15:29",10,171,13.701332,2,9,14,14,4,1,3
1592230649,"2020-06-15 14:17:29",11,170,3,2,10,14,3,4,1,3
1592230709,"2020-06-15 14:18:29",10,171,3,2,9,14,3,4,1,3
1592230769,"2020-06-15 14:19:29",11,172,3,2,10,14,3,4,1,3
1592230829,"2020-06-15 14:20:29",9,172,3,2,8,14,3,4,1,3
1592230889,"2020-06-15 14:21:29",0,0,6.290753,2,0,0,6,4,1,3
1592230949,"2020-06-15 14:22:29",11,171,3,2,11,14,3,4,1,3
1592231009,"2020-06-15 14:23:29",10,171,3,2,9,14,3,4,1,3
1592231069,"2020-06-15 14:24:29",11,170,3,2,11,14,3,4,1,3
1592231129,"2020-06-15 14:25:29",11,171,3,2,10,14,3,4,1,3
1592231189,"2020-06-15 14:26:29",10,172,18.84425,2.6368933,9,14,19,5,1,3
1592231249,"2020-06-15 14:27:29",11,171,3,2,10,14,3,4,1,3
1592231309,"2020-06-15 14:28:29",11,168,3,2,10,13,3,4,1,3
1592231369,"2020-06-15 14:29:29",11,170,3,2,10,14,3,4,1,3
1592231429,"2020-06-15 14:30:29",10,170,3,2,10,14,3,4,1,3
1592231489,"2020-06-15 14:31:29",0,170,3,2,0,14,3,4,1,3
1592231549,"2020-06-15 14:32:29",11,169,3,2,10,14,3,4,1,3
1592231609,"2020-06-15 14:33:29",11,169,3,2,10,14,3,4,1,3
1592231669,"2020-06-15 14:34:29",10,168,13.155162,2,9,13,13,4,1,3
1592231729,"2020-06-15 14:35:29",0,168,6.191165,2,0,13,6,4,1,3
1592231789,"2020-06-15 14:36:29",10,171,3,2,9,14,3,4,1,3
1592231849,"2020-06-15 14:37:29",11,170,3,2,11,14,3,4,1,3
1592231909,"2020-06-15 14:38:29",9,167,3,2,8,13,3,4,1,3
1592231969,"2020-06-15 14:39:29",11,169,3,2,10,14,3,4,1,3
1592232029,"2020-06-15 14:40:29",10,168,3,2,9,13,3,4,1,3
1592232089,"2020-06-15 14:41:29",11,169,3,2,11,14,3,4,1,3
1592232149,"2020-06-15 14:42:29",9,166,3,2,8,13,3,4,1,3
1592232209,"2020-06-15 14:43:29",10,170,3,2,10,14,3,4,1,3
1592232269,"2020-06-15 14:44:29",11,166,11.205467,2,10,13,11,4,1,3
1592232329,"2020-06-15 14:45:29",9,169,3,2,8,14,3,4,1,3
1592232389,"2020-06-15 14:46:29",11,165,3,2,11,13,3,4,1,3
1592232449,"2020-06-15 14:47:29",11,166,3,2,10,13,3,4,1,3
1592232509,"2020-06-15 14:48:29",11,165,3,2,10,13,3,4,1,3
1592232569,"2020-06-15 14:49:29",11,168,3.7879007,2,11,13,4,4,1,3
1592232629,"2020-06-15 14:50:29",10,166,3,2,10,13,3,4,1,3
1592232689,"2020-06-15 14:51:29",4,166,3,2,4,13,3,4,1,3
1592232749,"2020-06-15 14:52:29",5,166,3,2,5,13,3,4,1,3
1592232809,"2020-06-15 14:53:29",5,164,3,2,5,13,3,4,1,3
1592232869,"2020-06-15 14:54:29",7,164,3,2,6,13,3,4,1,3
1592232929,"2020-06-15 14:55:29",6,165,3,2,5,13,3,4,1,3
1592232989,"2020-06-15 14:56:29",6,164,3,2,5,13,3,4,1,3
1592233049,"2020-06-15 14:57:29",7,163,3,2,6,13,3,4,1,3
1592233109,"2020-06-15 14:58:29",5,165,3,2,5,13,3,4,1,3
1592233169,"2020-06-15 14:59:29",6,168,3,2,5,13,3,4,1,3
1592233229,"2020-06-15 15:00:29",6,168,3,2,5,13,3,4,1,3
1592233289,"2020-06-15 15:01:29",5,165,3,2,5,13,3,4,1,3
1592233349,"2020-06-15 15:02:29",6,168,8.978222,2,5,13,9,4,1,3
1592233409,"2020-06-15 15:03:29",4,167,3,2,4,13,3,4,1,3
1592233469,"2020-06-15 15:04:29",3,167,3,2,3,13,3,4,1,3
1592233529,"2020-06-15 15:05:29",6,166,3,2,5,13,3,4,1,3
1592233589,"2020-06-15 15:06:29",6,168,3,2,5,13,3,4,1,3
1592233649,"2020-06-15 15:07:29",5,165,3,2,5,13,3,4,1,3
1592233709,"2020-06-15 15:08:29",6,165,9.139447,2.0832148,5,13,9,4,1,3
1592233769,"2020-06-15 15:09:29",6,167,6.5182834,2,5,13,7,4,1,3
1592233829,"2020-06-15 15:10:29",6,164,3,2,5,13,3,4,1,3
1592233889,"2020-06-15 15:11:29",5,167,3,2,5,13,3,4,1,3
1592233949,"2020-06-15 15:12:29",6,165,3,2,5,13,3,4,1,3
1592234009,"2020-06-15 15:13:29",6,163,3,2,5,13,3,4,1,3
1592234069,"2020-06-15 15:14:29",5,167,3,2,5,13,3,4,1,3
1592234129,"2020-06-15 15:15:29",5,166,3,2,5,13,3,4,1,3
1592234189,"2020-06-15 15:16:29",5,165,3,2,5,13,3,4,1,3
1592234249,"2020-06-15 15:17:29",6,163,3,2,5,13,3,4,1,3
1592234309,"2020-06-15 15:18:29",5,163,3,2,5,13,3,4,1,3
1592234369,"2020-06-15 15:19:29",5,169,3,2,5,14,3,4,1,3
1592234429,"2020-06-15 15:20:29",6,167,3,2,5,13,3,4,1,3
1592234489,"2020-06-15 15:21:29",6,163,3,2,5,13,3,4,1,3
1592234549,"2020-06-15 15:22:29",6,166,3,2,5,13,3,4,1,3
1592234609,"2020-06-15 15:23:29",6,164,3,2,5,13,3,4,1,3
1592234669,"2020-06-15 15:24:29",6,165,3,2,5,13,3,4,1,3
1592234729,"2020-06-15 15:25:29",6,162,3,2,5,13,3,4,1,3
1592234789,"2020-06-15 15:26:29",6,165,3,2,6,13,3,4,1,3
1592234849,"2020-06-15 15:27:29",6,162,3,2,5,13,3,4,1,3
1592234909,"2020-06-15 15:28:29",6,162,3,2,5,13,3,4,1,3
1592234969,"2020-06-15 15:29:29",6,163,3,2,5,13,3,4,1,3
1592235029,"2020-06-15 15:30:29",6,161,3,2,5,13,3,4,1,3
1592235089,"2020-06-15 15:31:29",6,163,3,2,5,13,3,4,1,3
1592235149,"2020-06-15 15:32:29",7,162,3,2,6,13,3,4,1,3
1592235209,"2020-06-15 15:33:29",7,165,3,2,6,13,3,4,1,3
1592235269,"2020-06-15 15:34:29",6,162,3,2,5,13,3,4,1,3
1592235329,"2020-06-15 15:35:29",6,163,3,2,5,13,3,4,1,3
1592235389,"2020-06-15 15:36:29",7,162,3,2,6,13,3,4,1,3
1592235449,"2020-06-15 15:37:29",6,162,3,2,5,13,3,4,1,3
1592235509,"2020-06-15 15:38:29",7,161,3,2,6,13,3,4,1,3
1592235569,"2020-06-15 15:39:29",6,161,3,2,5,13,3,4,1,3
1592235629,"2020-06-15 15:40:29",7,164,8.718155,2,6,13,9,4,1,3
1592235689,"2020-06-15 15:41:29",6,162,3,2,5,13,3,4,1,3
1592235749,"2020-06-15 15:42:29",6,161,16.103785,2,5,13,16,4,1,3
1592235809,"2020-06-15 15:43:29",6,162,3,2,5,13,3,4,1,3
1592235869,"2020-06-15 15:44:29",6,162,3,2,5,13,3,4,1,3
1592235929,"2020-06-15 15:45:29",8,159,3,2,7,13,3,4,1,3
1592235989,"2020-06-15 15:46:29",6,163,3,2,5,13,3,4,1,3
1592236049,"2020-06-15 15:47:29",8,166,3,2,7,13,3,4,1,3
1592236109,"2020-06-15 15:48:29",6,161,3,2,5,13,3,4,1,3
1592236169,"2020-06-15 15:49:29",7,161,3,2,6,13,3,4,1,3
1592236229,"2020-06-15 15:50:29",6,161,3,2,5,13,3,4,1,3
1592236289,"2020-06-15 15:51:29",8,165,3,2,7,13,3,4,1,3
1592236349,"2020-06-15 15:52:29",5,163,3,2,5,13,3,4,1,3
1592236409,"2020-06-15 15:53:29",6,162,3,2,5,13,3,4,1,3
1592236469,"2020-06-15 15:54:29",6,160,3,2,5,13,3,4,1,3
1592236529,"2020-06-15 15:55:29",6,161,3,2,5,13,3,4,1,3
1592236589,"2020-06-15 15:56:29",6,164,3,2,5,13,3,4,1,3
1592236649,"2020-06-15 15:57:29",7,162,3,2,6,13,3,4,1,3
1592236709,"2020-06-15 15:58:29",6,163,3,2,5,13,3,4,1,3
1592236769,"2020-06-15 15:59:29",6,162,3,2,5,13,3,4,1,3
1592236829,"2020-06-15 16:00:29",7,164,3,2,6,13,3,4,1,3
1592236889,"2020-06-15 16:01:29",6,161,3,2,5,13,3,4,1,3
1592236949,"2020-06-15 16:02:29",7,160,3,2,6,13,3,4,1,3
1592237009,"2020-06-15 16:03:29",7,162,3,2,6,13,3,4,1,3
1592237069,"2020-06-15 16:04:29",7,163,3,2,6,13,3,4,1,3
1592237129,"2020-06-15 16:05:29",7,162,3,2,6,13,3,4,1,3
1592237189,"2020-06-15 16:06:29",6,164,3,2,5,13,3,4,1,3
1592237249,"2020-06-15 16:07:29",7,163,3,2,6,13,3,4,1,3
1592237309,"2020-06-15 16:08:29",6,164,3,2,5,13,3,4,1,3
1592237369,"2020-06-15 16:09:29",7,159,3,2,6,13,3,4,1,3
1592237429,"2020-06-15 16:10:29",6,162,3,2,5,13,3,4,1,3
1592237489,"2020-06-15 16:11:29",6,164,3,2,5,13,3,4,1,3
1592237549,"2020-06-15 16:12:29",6,161,3,2,5,13,3,4,1,3
1592237609,"2020-06-15 16:13:29",6,162,3,2,5,13,3,4,1,3
1592237669,"2020-06-15 16:14:29",8,164,3,2,7,13,3,4,1,3
1592237729,"2020-06-15 16:15:29",6,162,3,2,5,13,3,4,1,3
1592237789,"2020-06-15 16:16:29",7,164,3,2,6,13,3,4,1,3
1592237849,"2020-06-15 16:17:29",6,164,3,2,5,13,3,4,1,3
1592237909,"2020-06-15 16:18:29",6,163,3,2,5,13,3,4,1,3
1592237969,"2020-06-15 16:19:29",8,163,3,2,7,13,3,4,1,3
1592238029,"2020-06-15 16:20:29",6,160,3,2,5,13,3,4,1,3
1592238089,"2020-06-15 16:21:29",7,161,3,2,6,13,3,4,1,3
1592238149,"2020-06-15 16:22:29",6,164,3,2,5,13,3,4,1,3
1592238209,"2020-06-15 16:23:29",6,164,3,2,5,13,3,4,1,3
1592238269,"2020-06-15 16:24:29",8,166,3,2,7,13,3,4,1,3
1592238329,"2020-06-15 16:25:29",8,162,3,2,7,13,3,4,1,3
1592238389,"2020-06-15 16:26:29",8,163,3,2,7,13,3,4,1,3
1592238449,"2020-06-15 16:27:29",6,161,3,2,5,13,3,4,1,3
1592238509,"2020-06-15 16:28:29",6,164,3,2,5,13,3,4,1,3
1592238569,"2020-06-15 16:29:29",6,164,3,2,5,13,3,4,1,3
1592238629,"2020-06-15 16:30:29",7,165,3,2,6,13,3,4,1,3
1592238689,"2020-06-15 16:31:29",6,162,12.361085,2,5,13,12,4,1,3
1592238749,"2020-06-15 16:32:29",6,167,3,2,5,13,3,4,1,3
1592238809,"2020-06-15 16:33:29",6,163,3,2,5,13,3,4,1,3
1592238869,"2020-06-15 16:34:29",4,165,3,2,4,13,3,4,1,3
1592238929,"2020-06-15 16:35:29",5,162,3,2,5,13,3,4,1,3
1592238989,"2020-06-15 16:36:29",6,160,3,2,5,13,3,4,1,3
1592239049,"2020-06-15 16:37:29",6,163,3,2,5,13,3,4,1,3
1592239169,"2020-06-15 16:39:29",5,166,7.186569,2,5,13,7,4,1,3
1592239229,"2020-06-15 16:40:29",4,162,3,2,4,13,3,4,1,3
1592239289,"2020-06-15 16:41:29",0,163,9.080037,2,0,13,9,4,1,3
1592239349,"2020-06-15 16:42:29",6,163,3,2,5,13,3,4,1,3
1592239409,"2020-06-15 16:43:29",6,0,11.589051,2,5,0,12,4,1,3
1592239469,"2020-06-15 16:44:29",4,162,3,2,4,13,3,4,1,3
1592239529,"2020-06-15 16:45:29",6,162,3,2,5,13,3,4,1,3
1592239589,"2020-06-15 16:46:29",6,162,3,2,5,13,3,4,1,3
1592239649,"2020-06-15 16:47:29",6,164,3,2,5,13,3,4,1,3
1592239709,"2020-06-15 16:48:29",6,164,3,2,5,13,3,4,1,3
1592239769,"2020-06-15 16:49:29",6,164,3,2,5,13,3,4,1,3
1592239829,"2020-06-15 16:50:29",6,161,3,2,5,13,3,4,1,3
1592239889,"2020-06-15 16:51:29",0,163,3,2,0,13,3,4,1,3
1592239949,"2020-06-15 16:52:29",5,162,3,2,5,13,3,4,1,3
1592240009,"2020-06-15 16:53:29",6,163,3,2,5,13,3,4,1,3
1592240069,"2020-06-15 16:54:29",4,163,3,2,4,13,3,4,1,3
1592240129,"2020-06-15 16:55:29",6,161,3,2,5,13,3,4,1,3
1592240189,"2020-06-15 16:56:29",6,164,3,2,5,13,3,4,1,3
1592240249,"2020-06-15 16:57:29",0,165,3,2,0,13,3,4,1,3
1592240309,"2020-06-15 16:58:29",6,163,3,2,6,13,3,4,1,3
1592240369,"2020-06-15 16:59:29",5,164,3,2,5,13,3,4,1,3
1592240429,"2020-06-15 17:00:29",6,165,3,2,5,13,3,4,1,3
1592240489,"2020-06-15 17:01:29",6,165,3,2,5,13,3,4,1,3
1592240549,"2020-06-15 17:02:29",6,164,3,2,5,13,3,4,1,3
1592240609,"2020-06-15 17:03:29",6,164,3,2,5,13,3,4,1,3
1592240669,"2020-06-15 17:04:29",6,164,3,2,5,13,3,4,1,3
1592240729,"2020-06-15 17:05:29",6,164,3,2,5,13,3,4,1,3
1592240789,"2020-06-15 17:06:29",7,163,3.9182482,2,7,13,4,4,1,3
1592240849,"2020-06-15 17:07:29",6,164,3,2,5,13,3,4,1,3
1592240909,"2020-06-15 17:08:29",6,161,3,2,5,13,3,4,1,3
1592240969,"2020-06-15 17:09:29",7,163,3,2,6,13,3,4,1,3
1592241029,"2020-06-15 17:10:29",6,165,3,2,5,13,3,4,1,3
1592241089,"2020-06-15 17:11:29",6,163,3,2,5,13,3,4,1,3
1592241149,"2020-06-15 17:12:29",6,166,3,2,5,13,3,4,1,3
1592241209,"2020-06-15 17:13:29",6,162,3,2,5,13,3,4,1,3
1592241269,"2020-06-15 17:14:29",6,161,3,2,5,13,3,4,1,3
1592241329,"2020-06-15 17:15:29",6,162,3,2,5,13,3,4,1,3
1592241389,"2020-06-15 17:16:29",6,161,3,2,5,13,3,4,1,3
1592241449,"2020-06-15 17:17:29",7,163,3,2,6,13,3,4,1,3
1592241509,"2020-06-15 17:18:29",5,161,3,2,5,13,3,4,1,3
1592241569,"2020-06-15 17:19:29",6,163,3,2,5,13,3,4,1,3
1592241629,"2020-06-15 17:20:29",7,161,3,2,6,13,3,4,1,3
1592241689,"2020-06-15 17:21:29",6,164,3,2,5,13,3,4,1,3
1592241749,"2020-06-15 17:22:29",6,162,3,2,5,13,3,4,1,3
1592241809,"2020-06-15 17:23:29",6,163,3,2,5,13,3,4,1,3
1592241869,"2020-06-15 17:24:29",6,164,3,2,5,13,3,4,1,3
1592241929,"2020-06-15 17:25:29",6,165,3,2,5,13,3,4,1,3
1592241989,"2020-06-15 17:26:29",6,160,3,2,5,13,3,4,1,3
1592242049,"2020-06-15 17:27:29",7,159,3,2,6,13,3,4,1,3
1592242109,"2020-06-15 17:28:29",7,164,3,2,6,13,3,4,1,3
1592242169,"2020-06-15 17:29:29",6,162,6.5090246,2,5,13,7,4,1,3
1592242229,"2020-06-15 17:30:29",7,163,3,2,6,13,3,4,1,3
1592242289,"2020-06-15 17:31:29",7,163,3,2,6,13,3,4,1,3
1592242349,"2020-06-15 17:32:29",6,163,18.362112,2,5,13,18,4,1,3
1592242409,"2020-06-15 17:33:29",7,163,3,2,6,13,3,4,1,3
1592242469,"2020-06-15 17:34:29",6,165,3,2,6,13,3,4,1,3
1592242529,"2020-06-15 17:35:29",7,163,9.925802,2,6,13,10,4,1,3
1592242589,"2020-06-15 17:36:29",7,164,3,2,7,13,3,4,1,3
1592242649,"2020-06-15 17:37:29",7,164,3,2,7,13,3,4,1,3
1592242709,"2020-06-15 17:38:29",7,164,3,2,6,13,3,4,1,3
1592242769,"2020-06-15 17:39:29",7,165,3,2,6,13,3,4,1,3
1592242829,"2020-06-15 17:40:29",8,166,3,2,7,13,3,4,1,3
1592242889,"2020-06-15 17:41:29",7,164,3,2,6,13,3,4,1,3
1592242949,"2020-06-15 17:42:29",7,165,3,2,7,13,3,4,1,3
1592243009,"2020-06-15 17:43:29",7,161,3,2,6,13,3,4,1,3
1592243069,"2020-06-15 17:44:29",7,165,3,2,6,13,3,4,1,3
1592243129,"2020-06-15 17:45:29",7,165,3,2,6,13,3,4,1,3
1592243189,"2020-06-15 17:46:29",7,165,3,2,6,13,3,4,1,3
1592243249,"2020-06-15 17:47:29",9,163,3,2,8,13,3,4,1,3
1592243309,"2020-06-15 17:48:29",9,162,3,2,8,13,3,4,1,3
1592243369,"2020-06-15 17:49:29",9,163,3,2,9,13,3,4,1,3
1592243429,"2020-06-15 17:50:29",9,161,3,2,9,13,3,4,1,3
1592243489,"2020-06-15 17:51:29",9,163,3,2,8,13,3,4,1,3
1592243549,"2020-06-15 17:52:29",9,162,3,2,9,13,3,4,1,3
1592243609,"2020-06-15 17:53:29",9,160,3,2,9,13,3,4,1,3
1592243669,"2020-06-15 17:54:29",10,160,3,2,10,13,3,4,1,3
1592243729,"2020-06-15 17:55:29",9,163,3,2,9,13,3,4,1,3
1592243789,"2020-06-15 17:56:29",9,162,3,2,9,13,3,4,1,3
1592243849,"2020-06-15 17:57:29",10,159,3,2,10,13,3,4,1,3
1592243909,"2020-06-15 17:58:29",9,162,3,2,9,13,3,4,1,3
1592243969,"2020-06-15 17:59:29",11,157,3,2,10,13,3,4,1,3
1592244029,"2020-06-15 18:00:29",12,160,3,2,11,13,3,4,1,3
1592244089,"2020-06-15 18:01:29",11,160,3,2,10,13,3,4,1,3
1592244149,"2020-06-15 18:02:29",10,157,3,2,10,13,3,4,1,3
1592244209,"2020-06-15 18:03:29",9,158,25.762028,2.3726873,9,13,26,5,1,3
1592244269,"2020-06-15 18:04:29",10,160,3,2,10,13,3,4,1,3
1592244329,"2020-06-15 18:05:29",10,162,3,2,10,13,3,4,1,3
1592244389,"2020-06-15 18:06:29",11,160,3,2,10,13,3,4,1,3
1592244449,"2020-06-15 18:07:29",11,161,3,2,10,13,3,4,1,3
1592244509,"2020-06-15 18:08:29",11,162,3.5259278,2,10,13,4,4,1,3
1592244569,"2020-06-15 18:09:29",11,156,4.7857656,2,10,12,5,4,1,3
1592244629,"2020-06-15 18:10:29",11,159,3,2,10,13,3,4,1,3
1592244689,"2020-06-15 18:11:29",12,157,3,2,11,13,3,4,1,3
1592244749,"2020-06-15 18:12:29",10,160,3,2,10,13,3,4,1,3
1592244809,"2020-06-15 18:13:29",12,157,3,2,11,13,3,4,1,3
1592244869,"2020-06-15 18:14:29",11,158,3,2,10,13,3,4,1,3
1592244929,"2020-06-15 18:15:29",12,159,3,2,11,13,3,4,1,3
1592244989,"2020-06-15 18:16:29",11,156,3,2,10,12,3,4,1,3
1592245049,"2020-06-15 18:17:29",11,156,3,2,10,12,3,4,1,3
1592245109,"2020-06-15 18:18:29",11,154,3,2,10,12,3,4,1,3
1592245169,"2020-06-15 18:19:29",11,156,3,2,10,12,3,4,1,3
1592245229,"2020-06-15 18:20:29",11,156,3,2,10,12,3,4,1,3
1592245289,"2020-06-15 18:21:29",12,156,3,2,11,12,3,4,1,3
1592245349,"2020-06-15 18:22:29",12,158,3,2,11,13,3,4,1,3
1592245409,"2020-06-15 18:23:29",12,156,3,2,11,12,3,4,1,3
1592245469,"2020-06-15 18:24:29",12,156,3,2,11,12,3,4,1,3
1592245529,"2020-06-15 18:25:29",12,156,3,2,11,12,3,4,1,3
1592245589,"2020-06-15 18:26:29",12,156,4.6610136,2,11,12,5,4,1,3
1592245649,"2020-06-15 18:27:29",11,156,3,2,10,12,3,4,1,3
1592245709,"2020-06-15 18:28:29",12,156,3,2,11,12,3,4,1,3
1592245769,"2020-06-15 18:29:29",13,154,3,2,12,12,3,4,1,3
1592245829,"2020-06-15 18:30:29",12,155,28.807272,2.0594711,11,12,29,4,1,3
1592245889,"2020-06-15 18:31:29",13,154,3,2,12,12,3,4,1,3
1592245949,"2020-06-15 18:32:29",11,156,3,2,10,12,3,4,1,3
1592246009,"2020-06-15 18:33:29",12,158,3,2,11,13,3,4,1,3
1592246069,"2020-06-15 18:34:29",12,156,3,2,11,12,3,4,1,3
1592246129,"2020-06-15 18:35:29",12,155,3,2,11,12,3,4,1,3
1592246189,"2020-06-15 18:36:29",13,154,3,2,12,12,3,4,1,3
1592246249,"2020-06-15 18:37:29",12,157,3,2,11,13,3,4,1,3
1592246309,"2020-06-15 18:38:29",13,156,3,2,12,12,3,4,1,3
1592246369,"2020-06-15 18:39:29",12,155,3,2,11,12,3,4,1,3
1592246429,"2020-06-15 18:40:29",12,156,3,2,11,12,3,4,1,3
1592246489,"2020-06-15 18:41:29",12,157,3,2,12,13,3,4,1,3
1592246549,"2020-06-15 18:42:29",12,155,3,2,11,12,3,4,1,3
1592246609,"2020-06-15 18:43:29",13,154,3,2,12,12,3,4,1,3
1592246669,"2020-06-15 18:44:29",12,156,3,2,11,12,3,4,1,3
1592246729,"2020-06-15 18:45:29",12,157,3,2,11,13,3,4,1,3
1592246789,"2020-06-15 18:46:29",12,155,3,2,12,12,3,4,1,3
1592246849,"2020-06-15 18:47:29",12,157,3,2,11,13,3,4,1,3
1592246909,"2020-06-15 18:48:29",12,155,3,2,11,12,3,4,1,3
1592246969,"2020-06-15 18:49:29",12,157,3,2,11,13,3,4,1,3
1592247029,"2020-06-15 18:50:29",12,159,3,2,12,13,3,4,1,3
1592247089,"2020-06-15 18:51:29",13,158,3,2,12,13,3,4,1,3
1592247149,"2020-06-15 18:52:29",12,155,3,2,12,12,3,4,1,3
1592247209,"2020-06-15 18:53:29",12,159,3,2,12,13,3,4,1,3
1592247269,"2020-06-15 18:54:29",10,154,3,2,10,12,3,4,1,3
1592247329,"2020-06-15 18:55:29",12,156,3,2,12,12,3,4,1,3
1592247389,"2020-06-15 18:56:29",12,155,3,2,12,12,3,4,1,3
1592247449,"2020-06-15 18:57:29",12,154,3,2,12,12,3,4,1,3
1592247509,"2020-06-15 18:58:29",11,155,3,2,11,12,3,4,1,3
1592247569,"2020-06-15 18:59:29",13,154,3,2,12,12,3,4,1,3
1592247689,"2020-06-15 19:01:29",0,154,3,2,0,12,3,4,1,3
1592247749,"2020-06-15 19:02:29",10,156,3,2,10,12,3,4,1,3
1592247809,"2020-06-15 19:03:29",12,158,3,2,12,13,3,4,1,3
1592247869,"2020-06-15 19:04:29",11,155,3,2,11,12,3,4,1,3
1592247929,"2020-06-15 19:05:29",12,0,3,2,12,0,3,4,1,3
1592247989,"2020-06-15 19:06:29",12,155,3,2,12,12,3,4,1,3
1592248049,"2020-06-15 19:07:29",13,156,3,2,12,12,3,4,1,3
1592248109,"2020-06-15 19:08:29",13,158,3,2,12,13,3,4,1,3
1592248169,"2020-06-15 19:09:29",12,154,3,2,12,12,3,4,1,3
1592248229,"2020-06-15 19:10:29",12,154,3,2,12,12,3,4,1,3
1592248289,"2020-06-15 19:11:29",0,156,3,2,0,12,3,4,1,3
1592248349,"2020-06-15 19:12:29",12,156,3,2,12,12,3,4,1,3
1592248409,"2020-06-15 19:13:29",13,157,3,2,12,13,3,4,1,3
1592248469,"2020-06-15 19:14:29",12,158,3,2,12,13,3,4,1,3
1592248529,"2020-06-15 19:15:29",13,157,3,2,12,13,3,4,1,3
1592248589,"2020-06-15 19:16:29",13,157,3,2,12,13,3,4,1,3
1592248649,"2020-06-15 19:17:29",12,161,3,2,12,13,3,4,1,3
1592248709,"2020-06-15 19:18:29",12,157,3,2,12,13,3,4,1,3
1592248769,"2020-06-15 19:19:29",0,160,3,2,0,13,3,4,1,3
1592248829,"2020-06-15 19:20:29",12,158,3,2,11,13,3,4,1,3
1592248889,"2020-06-15 19:21:29",13,158,3,2,12,13,3,4,1,3
1592248949,"2020-06-15 19:22:29",14,157,3,2,13,13,3,4,1,3
1592249009,"2020-06-15 19:23:29",13,157,3,2,12,13,3,4,1,3
1592249069,"2020-06-15 19:24:29",13,158,3,2,12,13,3,4,1,3
1592249129,"2020-06-15 19:25:29",12,159,3,2,11,13,3,4,1,3
1592249189,"2020-06-15 19:26:29",11,159,3,2,10,13,3,4,1,3
1592249249,"2020-06-15 19:27:29",13,160,3,2,12,13,3,4,1,3
1592249309,"2020-06-15 19:28:29",12,161,3,2,11,13,3,4,1,3
1592249369,"2020-06-15 19:29:29",13,158,3,2,12,13,3,4,1,3
1592249429,"2020-06-15 19:30:29",11,159,3,2,10,13,3,4,1,3
1592249489,"2020-06-15 19:31:29",11,157,3,2,10,13,3,4,1,3
1592249549,"2020-06-15 19:32:29",13,160,3,2,12,13,3,4,1,3
1592249609,"2020-06-15 19:33:29",13,160,3,2,12,13,3,4,1,3
1592249669,"2020-06-15 19:34:29",13,159,6.85412,2,12,13,7,4,1,3
1592249729,"2020-06-15 19:35:29",13,161,3,2,12,13,3,4,1,3
1592249789,"2020-06-15 19:36:29",13,159,3,2,12,13,3,4,1,3
1592249849,"2020-06-15 19:37:29",13,158,3,2,12,13,3,4,1,3
1592249909,"2020-06-15 19:38:29",13,162,3,2,12,13,3,4,1,3
1592249969,"2020-06-15 19:39:29",13,158,3,2,12,13,3,4,1,3
1592250029,"2020-06-15 19:40:29",13,160,3,2,12,13,3,4,1,3
1592250089,"2020-06-15 19:41:29",13,160,3,2,12,13,3,4,1,3
1592250149,"2020-06-15 19:42:29",13,162,3,2,12,13,3,4,1,3
1592250209,"2020-06-15 19:43:29",14,159,3,2,13,13,3,4,1,3
1592250269,"2020-06-15 19:44:29",13,160,3,2,12,13,3,4,1,3
1592250329,"2020-06-15 19:45:29",13,160,3,2,12,13,3,4,1,3
1592250389,"2020-06-15 19:46:29",14,163,3,2,13,13,3,4,1,3
1592250449,"2020-06-15 19:47:29",13,164,3,2,12,13,3,4,1,3
1592250509,"2020-06-15 19:48:29",13,162,3,2,12,13,3,4,1,3
1592250569,"2020-06-15 19:49:29",12,164,3,2,11,13,3,4,1,3
1592250629,"2020-06-15 19:50:29",11,161,3,2,10,13,3,4,1,3
1592250689,"2020-06-15 19:51:29",11,165,3,2,10,13,3,4,1,3
1592250749,"2020-06-15 19:52:29",11,166,3,2,10,13,3,4,1,3
1592250809,"2020-06-15 19:53:29",11,162,3,2,10,13,3,4,1,3
1592250869,"2020-06-15 19:54:29",11,162,3,2,10,13,3,4,1,3
1592250929,"2020-06-15 19:55:29",10,163,3,2,9,13,3,4,1,3
1592250989,"2020-06-15 19:56:29",10,164,8.801373,2,9,13,9,4,1,3
1592251049,"2020-06-15 19:57:29",10,163,3,2,9,13,3,4,1,3
1592251109,"2020-06-15 19:58:29",11,164,3,2,10,13,3,4,1,3
1592251169,"2020-06-15 19:59:29",10,167,3,2,9,13,3,4,1,3
1592251229,"2020-06-15 20:00:29",11,165,3,2,10,13,3,4,1,3
1592251289,"2020-06-15 20:01:29",11,165,3,2,10,13,3,4,1,3
1592251349,"2020-06-15 20:02:29",11,166,3,2,10,13,3,4,1,3
1592251409,"2020-06-15 20:03:29",10,164,3,2,9,13,3,4,1,3
1592251469,"2020-06-15 20:04:29",11,167,3,2,10,13,3,4,1,3
1592251529,"2020-06-15 20:05:29",11,168,3,2,10,13,3,4,1,3
1592251589,"2020-06-15 20:06:29",11,168,3,2,10,13,3,4,1,3
1592251649,"2020-06-15 20:07:29",11,166,3,2,10,13,3,4,1,3
1592251709,"2020-06-15 20:08:29",9,168,3,2,9,13,3,4,1,3
1592251769,"2020-06-15 20:09:29",10,168,10.652762,2,9,13,11,4,1,3
1592251829,"2020-06-15 20:10:29",11,170,3,2,10,14,3,4,1,3
1592251889,"2020-06-15 20:11:29",12,166,3,2,11,13,3,4,1,3
1592251949,"2020-06-15 20:12:29",11,166,3,2,10,13,3,4,1,3
1592252009,"2020-06-15 20:13:29",12,168,3,2,11,13,3,4,1,3
1592252069,"2020-06-15 20:14:29",12,167,3,2,11,13,3,4,1,3
1592252129,"2020-06-15 20:15:29",12,168,3,2,11,13,3,4,1,3
1592252189,"2020-06-15 20:16:29",12,168,9.717928,2,11,13,10,4,1,3
1592252249,"2020-06-15 20:17:29",13,166,3,2,12,13,3,4,1,3
1592252309,"2020-06-15 20:18:29",12,168,3,2,11,13,3,4,1,3
1592252369,"2020-06-15 20:19:29",12,169,3,2,11,14,3,4,1,3
1592252429,"2020-06-15 20:20:29",15,168,3,2,14,13,3,4,1,3
1592252489,"2020-06-15 20:21:29",13,166,3,2,12,13,3,4,1,3
1592252549,"2020-06-15 20:22:29",13,166,3,2,12,13,3,4,1,3
1592252609,"2020-06-15 20:23:29",11,168,3,2,11,13,3,4,1,3
1592252669,"2020-06-15 20:24:29",13,167,3,2,12,13,3,4,1,3
1592252729,"2020-06-15 20:25:29",14,170,3,2,13,14,3,4,1,3
1592252789,"2020-06-15 20:26:29",13,166,3,2,12,13,3,4,1,3
1592252849,"2020-06-15 20:27:29",11,169,3,2,10,14,3,4,1,3
1592252909,"2020-06-15 20:28:29",14,168,3,2,13,13,3,4,1,3
1592252969,"2020-06-15 20:29:29",14,167,3,2,13,13,3,4,1,3
1592253029,"2020-06-15 20:30:29",13,168,3,2,12,13,3,4,1,3
1592253089,"2020-06-15 20:31:29",13,169,3,2,12,14,3,4,1,3
1592253149,"2020-06-15 20:32:29",13,166,3,2,12,13,3,4,1,3
1592253209,"2020-06-15 20:33:29",13,166,13.258853,2,12,13,13,4,1,3
1592253269,"2020-06-15 20:34:29",14,166,5.480406,2,13,13,5,4,1,3
1592253329,"2020-06-15 20:35:29",14,168,3,2,13,13,3,4,1,3
1592253389,"2020-06-15 20:36:29",14,167,3,2,13,13,3,4,1,3
1592253449,"2020-06-15 20:37:29",15,161,3,2,14,13,3,4,1,3
1592253509,"2020-06-15 20:38:29",15,163,3,2,14,13,3,4,1,3
1592253569,"2020-06-15 20:39:29",15,163,3,2,14,13,3,4,1,3
1592253629,"2020-06-15 20:40:29",14,163,3,2,13,13,3,4,1,3
1592253689,"2020-06-15 20:41:29",14,162,3,2,13,13,3,4,1,3
1592253749,"2020-06-15 20:42:29",14,164,3,2,13,13,3,4,1,3
1592253809,"2020-06-15 20:43:29",14,161,3.7374587,2,13,13,4,4,1,3
1592253869,"2020-06-15 20:44:29",15,159,3,2,14,13,3,4,1,3
1592253929,"2020-06-15 20:45:29",14,162,5.6859064,2,13,13,6,4,1,3
1592253989,"2020-06-15 20:46:29",15,164,3,2,14,13,3,4,1,3
1592254049,"2020-06-15 20:47:29",15,161,3,2,14,13,3,4,1,3
1592254109,"2020-06-15 20:48:29",15,161,3,2,14,13,3,4,1,3
1592254169,"2020-06-15 20:49:29",15,161,3,2,14,13,3,4,1,3
1592254229,"2020-06-15 20:50:29",15,161,3,2,14,13,3,4,1,3
1592254289,"2020-06-15 20:51:29",15,159,3,2,14,13,3,4,1,3
1592254349,"2020-06-15 20:52:29",14,163,3,2,13,13,3,4,1,3
1592254409,"2020-06-15 20:53:29",15,163,3,2,14,13,3,4,1,3
1592254469,"2020-06-15 20:54:29",15,164,4.0088983,2,14,13,4,4,1,3
1592254529,"2020-06-15 20:55:29",14,163,3,2,13,13,3,4,1,3
1592254589,"2020-06-15 20:56:29",15,161,3,2,14,13,3,4,1,3
1592254649,"2020-06-15 20:57:29",15,160,3,2,14,13,3,4,1,3
1592254709,"2020-06-15 20:58:29",16,160,3,2,15,13,3,4,1,3
1592254769,"2020-06-15 20:59:29",15,162,3,2,14,13,3,4,1,3
1592254829,"2020-06-15 21:00:29",17,161,3,2,16,13,3,4,1,3
1592254889,"2020-06-15 21:01:29",15,160,3,2,14,13,3,4,1,3
1592254949,"2020-06-15 21:02:29",17,160,3,2,16,13,3,4,1,3
1592255009,"2020-06-15 21:03:29",15,160,3,2,14,13,3,4,1,3
1592255069,"2020-06-15 21:04:29",15,158,3,2,14,13,3,4,1,3
1592255129,"2020-06-15 21:05:29",15,160,3,2,14,13,3,4,1,3
1592255189,"2020-06-15 21:06:29",16,161,3,2,15,13,3,4,1,3
1592255249,"2020-06-15 21:07:29",16,159,3,2,15,13,3,4,1,3
1592255309,"2020-06-15 21:08:29",16,161,3,2,15,13,3,4,1,3
1592255369,"2020-06-15 21:09:29",15,158,3,2,14,13,3,4,1,3
1592255429,"2020-06-15 21:10:29",15,157,3,2,14,13,3,4,1,3
1592255489,"2020-06-15 21:11:29",17,160,3,2,16,13,3,4,1,3
1592255549,"2020-06-15 21:12:29",16,157,3,2,15,13,3,4,1,3
1592255609,"2020-06-15 21:13:29",15,159,3,2,14,13,3,4,1,3
1592255669,"2020-06-15 21:14:29",16,158,3,2,15,13,3,4,1,3
1592255729,"2020-06-15 21:15:29",17,156,3,2,16,12,3,4,1,3
1592255789,"2020-06-15 21:16:29",16,156,3,2,15,12,3,4,1,3
1592255849,"2020-06-15 21:17:29",17,160,3,2,16,13,3,4,1,3
1592255909,"2020-06-15 21:18:29",17,159,3,2,16,13,3,4,1,3
1592255969,"2020-06-15 21:19:29",17,156,3,2,16,12,3,4,1,3
1592256029,"2020-06-15 21:20:29",16,158,4.0553436,2,15,13,4,4,1,3
1592256089,"2020-06-15 21:21:29",0,159,3,2,0,13,3,4,1,3
1592256209,"2020-06-15 21:23:29",15,157,3,2,14,13,3,4,1,3
1592256269,"2020-06-15 21:24:29",15,155,13.659174,2,14,12,14,4,1,3
1592256329,"2020-06-15 21:25:29",15,160,3,2,14,13,3,4,1,3
1592256389,"2020-06-15 21:26:29",17,159,3,2,16,13,3,4,1,3
1592256449,"2020-06-15 21:27:29",17,0,3,2,16,0,3,4,1,3
1592256509,"2020-06-15 21:28:29",17,157,3,2,16,13,3,4,1,3
1592256569,"2020-06-15 21:29:29",17,161,3,2,16,13,3,4,1,3
1592256629,"2020-06-15 21:30:29",15,158,3,2,14,13,3,4,1,3
1592256689,"2020-06-15 21:31:29",0,158,3,2,0,13,3,4,1,3
1592256749,"2020-06-15 21:32:29",15,161,3,2,14,13,3,4,1,3
1592256809,"2020-06-15 21:33:29",16,158,3,2,15,13,3,4,1,3
1592256869,"2020-06-15 21:34:29",15,159,3,2,14,13,3,4,1,3
1592256929,"2020-06-15 21:35:29",16,159,3,2,15,13,3,4,1,3
1592256989,"2020-06-15 21:36:29",15,159,3,2,14,13,3,4,1,3
1592257049,"2020-06-15 21:37:29",16,160,3,2,15,13,3,4,1,3
1592257109,"2020-06-15 21:38:29",17,158,3,2,16,13,3,4,1,3
1592257169,"2020-06-15 21:39:29",17,163,3,2,16,13,3,4,1,3
1592257229,"2020-06-15 21:40:29",16,157,4.6222224,2,15,13,5,4,1,3
1592257289,"2020-06-15 21:41:29",0,156,3,2,0,12,3,4,1,3
1592257349,"2020-06-15 21:42:29",16,158,3,2,15,13,3,4,1,3
1592257409,"2020-06-15 21:43:29",16,161,3,2,15,13,3,4,1,3
1592257469,"2020-06-15 21:44:29",16,161,3,2,15,13,3,4,1,3
1592257529,"2020-06-15 21:45:29",17,160,3,2,16,13,3,4,1,3
1592257589,"2020-06-15 21:46:29",16,160,3,2,15,13,3,4,1,3
1592257649,"2020-06-15 21:47:29",16,161,3,2,15,13,3,4,1,3
1592257709,"2020-06-15 21:48:29",16,164,3,2,15,13,3,4,1,3
1592257769,"2020-06-15 21:49:29",15,162,6.4898586,2,14,13,6,4,1,3
1592257829,"2020-06-15 21:50:29",17,162,3,2,16,13,3,4,1,3
1592257889,"2020-06-15 21:51:29",16,161,3,2,15,13,3,4,1,3
1592257949,"2020-06-15 21:52:29",17,162,3,2,16,13,3,4,1,3
1592258009,"2020-06-15 21:53:29",15,162,3,2,14,13,3,4,1,3
1592258069,"2020-06-15 21:54:29",15,165,3,2,14,13,3,4,1,3
1592258129,"2020-06-15 21:55:29",15,165,3,2,14,13,3,4,1,3
1592258189,"2020-06-15 21:56:29",15,163,3,2,14,13,3,4,1,3
1592258249,"2020-06-15 21:57:29",15,163,30.917246,3.563284,14,13,31,7,1,3
1592258309,"2020-06-15 21:58:29",15,161,3,2,14,13,3,4,1,3
1592258369,"2020-06-15 21:59:29",15,164,3,2,14,13,3,4,1,3
1592258429,"2020-06-15 22:00:29",18,165,3,2,17,13,3,4,1,3
1592258489,"2020-06-15 22:01:29",16,163,3,2,15,13,3,4,1,3
1592258549,"2020-06-15 22:02:29",15,162,3,2,14,13,3,4,1,3
1592258609,"2020-06-15 22:03:29",15,160,3,2,14,13,3,4,1,3
1592258669,"2020-06-15 22:04:29",15,165,3,2,14,13,3,4,1,3
1592258729,"2020-06-15 22:05:29",16,161,3,2,15,13,3,4,1,3
1592258789,"2020-06-15 22:06:29",16,160,3,2,15,13,3,4,1,3
1592258849,"2020-06-15 22:07:29",17,159,3,2,16,13,3,4,1,3
1592258909,"2020-06-15 22:08:29",15,162,3,2,14,13,3,4,1,3
1592258969,"2020-06-15 22:09:29",18,159,28.499052,2,17,13,28,4,1,3
1592259029,"2020-06-15 22:10:29",18,160,3,2,17,13,3,4,1,3
1592259089,"2020-06-15 22:11:29",18,162,3,2,17,13,3,4,1,3
1592259149,"2020-06-15 22:12:29",18,158,3,2,17,13,3,4,1,3
1592259209,"2020-06-15 22:13:29",17,157,3,2,16,13,3,4,1,3
1592259269,"2020-06-15 22:14:29",16,160,14.247617,2,15,13,14,4,1,3
1592259329,"2020-06-15 22:15:29",15,156,12.200934,2,15,12,12,4,1,3
1592259389,"2020-06-15 22:16:29",19,160,3,2,18,13,3,4,1,3
1592259449,"2020-06-15 22:17:29",18,160,3,2,17,13,3,4,1,3
1592259509,"2020-06-15 22:18:29",19,160,3,2,18,13,3,4,1,3
1592259569,"2020-06-15 22:19:29",17,158,3,2,16,13,3,4,1,3
1592259629,"2020-06-15 22:20:29",18,162,7.4773765,2,17,13,7,4,1,3
1592259689,"2020-06-15 22:21:29",18,158,12.114888,2.187276,17,13,12,4,1,3
1592259749,"2020-06-15 22:22:29",17,161,3,2,16,13,3,4,1,3
1592259809,"2020-06-15 22:23:29",17,160,3,2,16,13,3,4,1,3
1592259869,"2020-06-15 22:24:29",17,160,3,2,16,13,3,4,1,3
1592259929,"2020-06-15 22:25:29",17,160,18.412617,2.488617,16,13,18,5,1,3
1592259989,"2020-06-15 22:26:29",17,162,3,2,16,13,3,4,1,3
1592260049,"2020-06-15 22:27:29",18,162,3,2,17,13,3,4,1,3
1592260109,"2020-06-15 22:28:29",16,161,3,2,15,13,3,4,1,3
1592260169,"2020-06-15 22:29:29",18,161,3,2,17,13,3,4,1,3
1592260229,"2020-06-15 22:30:29",17,161,3,2,16,13,3,4,1,3
1592260289,"2020-06-15 22:31:29",18,161,3,2,17,13,3,4,1,3
1592260349,"2020-06-15 22:32:29",18,160,4.2679253,2,17,13,4,4,1,3
1592260409,"2020-06-15 22:33:29",17,163,3,2,16,13,3,4,1,3
1592260469,"2020-06-15 22:34:29",16,161,3,2,15,13,3,4,1,3
1592260529,"2020-06-15 22:35:29",18,161,3,2,17,13,3,4,1,3
1592260589,"2020-06-15 22:36:29",17,161,3,2,16,13,3,4,1,3
1592260649,"2020-06-15 22:37:29",16,165,3,2,15,13,3,4,1,3
1592260709,"2020-06-15 22:38:29",18,165,6.892521,2,17,13,7,4,1,3
1592260769,"2020-06-15 22:39:29",18,161,3,2,17,13,3,4,1,3
1592260829,"2020-06-15 22:40:29",19,162,9.458359,2,18,13,9,4,1,3
1592260889,"2020-06-15 22:41:29",18,163,3,2,17,13,3,4,1,3
1592260949,"2020-06-15 22:42:29",18,161,3,2,17,13,3,4,1,3
1592261009,"2020-06-15 22:43:29",16,163,3,2,15,13,3,4,1,3
1592261069,"2020-06-15 22:44:29",17,162,3,2,16,13,3,4,1,3
1592261129,"2020-06-15 22:45:29",18,161,3,2,17,13,3,4,1,3
1592261189,"2020-06-15 22:46:29",18,166,36.53501,2.4341946,17,13,37,5,1,3
1592261249,"2020-06-15 22:47:29",16,163,3,2,15,13,3,4,1,3
1592261309,"2020-06-15 22:48:29",17,164,3,2,16,13,3,4,1,3
1592261369,"2020-06-15 22:49:29",17,165,3,2,16,13,3,4,1,3
1592261429,"2020-06-15 22:50:29",16,163,13.392298,2,15,13,13,4,1,3
1592261489,"2020-06-15 22:51:29",15,163,22.620346,2.110505,15,13,23,4,1,3
1592261549,"2020-06-15 22:52:29",17,165,4.8944426,2,16,13,5,4,1,3
1592261609,"2020-06-15 22:53:29",17,167,3,2,16,13,3,4,1,3
1592261669,"2020-06-15 22:54:29",17,165,3,2,16,13,3,4,1,3
1592261729,"2020-06-15 22:55:29",17,164,3,2,16,13,3,4,1,3
1592261789,"2020-06-15 22:56:29",17,164,3,2,16,13,3,4,1,3
1592261849,"2020-06-15 22:57:29",19,163,3,2,18,13,3,4,1,3
1592261909,"2020-06-15 22:58:29",17,164,3,2,16,13,3,4,1,3
1592261969,"2020-06-15 22:59:29",16,166,3,2,15,13,3,4,1,3
1592262029,"2020-06-15 23:00:29",18,167,3,2,17,13,3,4,1,3
1592262089,"2020-06-15 23:01:29",17,164,40.052105,2.7127123,16,13,40,5,1,3
1592262149,"2020-06-15 23:02:29",18,167,3,2,17,13,3,4,1,3
1592262209,"2020-06-15 23:03:29",18,164,3,2,17,13,3,4,1,3
1592262269,"2020-06-15 23:04:29",17,164,3,2,16,13,3,4,1,3
1592262329,"2020-06-15 23:05:29",17,165,3,2,16,13,3,4,1,3
1592262389,"2020-06-15 23:06:29",16,167,4.240237,2,15,13,4,4,1,3
1592262449,"2020-06-15 23:07:29",15,167,3,2,15,13,3,4,1,3
1592262509,"2020-06-15 23:08:29",16,167,3,2,15,13,3,4,1,3
1592262569,"2020-06-15 23:09:29",17,165,3,2,16,13,3,4,1,3
1592262629,"2020-06-15 23:10:29",18,165,3,2,17,13,3,4,1,3
1592262689,"2020-06-15 23:11:29",17,166,3,2,16,13,3,4,1,3
1592262749,"2020-06-15 23:12:29",17,166,3,2,16,13,3,4,1,3
1592262809,"2020-06-15 23:13:29",18,165,12.802135,2,17,13,13,4,1,3
1592262869,"2020-06-15 23:14:29",17,168,3,2,16,13,3,4,1,3
1592262929,"2020-06-15 23:15:29",16,166,3,2,15,13,3,4,1,3
1592262989,"2020-06-15 23:16:29",17,167,3,2,16,13,3,4,1,3
1592263049,"2020-06-15 23:17:29",17,167,3,2,16,13,3,4,1,3
1592263109,"2020-06-15 23:18:29",16,167,5.128192,2,15,13,5,4,1,3
1592263169,"2020-06-15 23:19:29",16,165,12.376261,2,15,13,12,4,1,3
1592263229,"2020-06-15 23:20:29",16,165,3,2,15,13,3,4,1,3
1592263289,"2020-06-15 23:21:29",15,169,3,2,15,14,3,4,1,3
1592263349,"2020-06-15 23:22:29",15,166,3,2,15,13,3,4,1,3
1592263409,"2020-06-15 23:23:29",16,167,3,2,15,13,3,4,1,3
1592263469,"2020-06-15 23:24:29",16,167,3,2,15,13,3,4,1,3
1592263529,"2020-06-15 23:25:29",17,169,3,2,16,14,3,4,1,3
1592263589,"2020-06-15 23:26:29",15,170,10.758229,2,15,14,11,4,1,3
1592263649,"2020-06-15 23:27:29",17,166,3,2,16,13,3,4,1,3
1592263709,"2020-06-15 23:28:29",17,167,3,2,16,13,3,4,1,3
1592263769,"2020-06-15 23:29:29",17,171,3,2,16,14,3,4,1,3
1592263829,"2020-06-15 23:30:29",17,169,3,2,16,14,3,4,1,3
1592263889,"2020-06-15 23:31:29",16,167,23.62676,2,15,13,24,4,1,3
1592263949,"2020-06-15 23:32:29",16,165,3,2,15,13,3,4,1,3
1592264009,"2020-06-15 23:33:29",17,166,3,2,16,13,3,4,1,3
1592264069,"2020-06-15 23:34:29",17,168,39.129105,2,16,13,39,4,1,3
1592264129,"2020-06-15 23:35:29",16,169,3,2,15,14,3,4,1,3
1592264189,"2020-06-15 23:36:29",17,171,3,2,16,14,3,4,1,3
1592264249,"2020-06-15 23:37:29",17,167,3,2,16,13,3,4,1,3
1592264309,"2020-06-15 23:38:29",16,167,5.1417875,2,15,13,5,4,1,3
1592264369,"2020-06-15 23:39:29",17,167,3,2,16,13,3,4,1,3
1592264429,"2020-06-15 23:40:29",17,169,10.6857195,2,16,14,11,4,1,3
1592264489,"2020-06-15 23:41:29",17,168,8.91441,2,16,13,9,4,1,3
1592264549,"2020-06-15 23:42:29",0,167,3,2,0,13,3,4,1,3
1592264609,"2020-06-15 23:43:29",18,168,15.526344,2,17,13,16,4,1,3
1592264729,"2020-06-15 23:45:29",18,167,3,2,17,13,3,4,1,3
1592264789,"2020-06-15 23:46:29",18,169,3,2,17,14,3,4,1,3
1592264849,"2020-06-15 23:47:29",16,168,3,2,15,13,3,4,1,3
1592264909,"2020-06-15 23:48:29",16,169,3,2,15,14,3,4,1,3
1592264969,"2020-06-15 23:49:29",17,0,3,2,16,0,3,4,1,3
1592265029,"2020-06-15 23:50:29",16,169,3,2,15,14,3,4,1,3
1592265089,"2020-06-15 23:51:29",16,167,3,2,15,13,3,4,1,3
1592265149,"2020-06-15 23:52:29",0,168,3,2,0,13,3,4,1,3
1592265209,"2020-06-15 23:53:29",16,171,3,2,15,14,3,4,1,3
1592265269,"2020-06-15 23:54:29",17,168,3,2,16,13,3,4,1,3
1592265329,"2020-06-15 23:55:29",16,170,3,2,15,14,3,4,1,3
1592265389,"2020-06-15 23:56:29",15,169,3,2,14,14,3,4,1,3
1592265449,"2020-06-15 23:57:29",16,169,3,2,15,14,3,4,1,3
1592265509,"2020-06-15 23:58:29",16,171,3,2,15,14,3,4,1,3
1592265569,"2020-06-15 23:59:29",16,169,3,2,15,14,3,4,1,3
