1588550408,"2020-05-04 00:00:08",25,158,4.0182514,2,26,13,4,4,1,3
1588550468,"2020-05-04 00:01:08",26,155,3,2,27,12,3,4,1,3
1588550528,"2020-05-04 00:02:08",25,157,3,2,26,13,3,4,1,3
1588550588,"2020-05-04 00:03:08",26,155,3,2,27,12,3,4,1,3
1588550648,"2020-05-04 00:04:08",27,154,3,2,28,12,3,4,1,3
1588550708,"2020-05-04 00:05:08",28,156,3,2,29,12,3,4,1,3
1588550768,"2020-05-04 00:06:08",29,154,3,2,31,12,3,4,1,3
1588550828,"2020-05-04 00:07:08",27,153,25.311764,2,28,12,25,4,1,3
1588550888,"2020-05-04 00:08:08",30,154,3.3505385,2,32,12,3,4,1,3
1588550948,"2020-05-04 00:09:08",29,153,3,2,31,12,3,4,1,3
1588551008,"2020-05-04 00:10:08",30,153,3,2,32,12,3,4,1,3
1588551068,"2020-05-04 00:11:08",28,155,3,2,30,12,3,4,1,3
1588551128,"2020-05-04 00:12:08",27,154,3,2,28,12,3,4,1,3
1588551188,"2020-05-04 00:13:08",27,153,12.579747,2,28,12,13,4,1,3
1588551248,"2020-05-04 00:14:08",29,152,3,2,31,12,3,4,1,3
1588551308,"2020-05-04 00:15:08",28,153,3,2,30,12,3,4,1,3
1588551368,"2020-05-04 00:16:08",28,155,8.600793,2,30,12,9,4,1,3
1588551428,"2020-05-04 00:17:08",27,156,3,2,28,12,3,4,1,3
1588551488,"2020-05-04 00:18:08",26,156,3,2,27,12,3,4,1,3
1588551548,"2020-05-04 00:19:08",26,153,18.00933,2,27,12,18,4,1,3
1588551608,"2020-05-04 00:20:08",26,153,13.038416,2,27,12,13,4,1,3
1588551668,"2020-05-04 00:21:08",25,153,49.326,2.7514,25,12,49,6,1,3
1588551728,"2020-05-04 00:22:08",26,150,3,2,27,12,3,4,1,3
1588551788,"2020-05-04 00:23:08",27,153,3,2,28,12,3,4,1,3
1588551848,"2020-05-04 00:24:08",28,145,3,2,30,12,3,4,1,3
1588551908,"2020-05-04 00:25:08",28,145,3,2,30,12,3,4,1,3
1588551968,"2020-05-04 00:26:08",29,143,9.639627,2,31,11,10,4,1,3
1588552028,"2020-05-04 00:27:08",31,139,3,2,33,11,3,4,1,3
1588552088,"2020-05-04 00:28:08",30,140,3,2,32,11,3,4,1,3
1588552148,"2020-05-04 00:29:08",27,143,13.405238,2,28,11,13,4,1,3
1588552208,"2020-05-04 00:30:08",28,142,3,2,30,11,3,4,1,3
1588552268,"2020-05-04 00:31:08",27,145,3,2,28,12,3,4,1,3
1588552328,"2020-05-04 00:32:08",28,145,3.99833,2,30,12,4,4,1,3
1588552388,"2020-05-04 00:33:08",27,149,12.4847355,2,28,12,12,4,1,3
1588552448,"2020-05-04 00:34:08",27,147,14.731449,2,28,12,15,4,1,3
1588552508,"2020-05-04 00:35:08",27,148,3,2,28,12,3,4,1,3
1588552568,"2020-05-04 00:36:08",27,145,3,2,28,12,3,4,1,3
1588552628,"2020-05-04 00:37:08",27,145,3,2,28,12,3,4,1,3
1588552688,"2020-05-04 00:38:08",27,147,3,2,28,12,3,4,1,3
1588552748,"2020-05-04 00:39:08",27,147,3,2,28,12,3,4,1,3
1588552808,"2020-05-04 00:40:08",28,146,3,2,30,12,3,4,1,3
1588552868,"2020-05-04 00:41:08",27,147,3,2,28,12,3,4,1,3
1588552928,"2020-05-04 00:42:08",26,143,3,2,27,11,3,4,1,3
1588552988,"2020-05-04 00:43:08",29,139,3,2,31,11,3,4,1,3
1588553048,"2020-05-04 00:44:08",30,137,3,2,32,11,3,4,1,3
1588553108,"2020-05-04 00:45:08",32,136,3,2,35,11,3,4,1,3
1588553168,"2020-05-04 00:46:08",32,131,3,2,35,10,3,4,1,3
1588553228,"2020-05-04 00:47:08",32,132,3,2,36,11,3,4,1,3
1588553288,"2020-05-04 00:48:08",34,129,3,2,38,10,3,4,1,3
1588553348,"2020-05-04 00:49:08",34,130,3,2,38,10,3,4,1,3
1588553408,"2020-05-04 00:50:08",33,129,3,2,37,10,3,4,1,3
1588553468,"2020-05-04 00:51:08",33,129,3,2,37,10,3,4,1,3
1588553528,"2020-05-04 00:52:08",34,128,3,2,38,10,3,4,1,3
1588553588,"2020-05-04 00:53:08",33,129,3,2,36,10,3,4,1,3
1588553648,"2020-05-04 00:54:08",33,126,3,2,36,10,3,4,1,3
1588553708,"2020-05-04 00:55:08",34,129,3.3597972,2,38,10,3,4,1,3
1588553768,"2020-05-04 00:56:08",36,126,15.528673,2,41,10,16,4,1,3
1588553828,"2020-05-04 00:57:08",35,129,3,2,40,10,3,4,1,3
1588553888,"2020-05-04 00:58:08",33,128,4.637631,2,37,10,5,4,1,3
1588553948,"2020-05-04 00:59:08",33,126,21.84681,2.6287813,37,10,22,5,1,3
1588554008,"2020-05-04 01:00:08",34,127,3,2,38,10,3,4,1,3
1588554068,"2020-05-04 01:01:08",34,128,3,2,38,10,3,4,1,3
1588554128,"2020-05-04 01:02:08",34,124,3,2,38,10,3,4,1,3
1588554188,"2020-05-04 01:03:08",36,124,3,2,41,10,3,4,1,3
1588554248,"2020-05-04 01:04:08",36,124,3,2,41,10,3,4,1,3
1588554308,"2020-05-04 01:05:08",38,124,3,2,43,10,3,4,1,3
1588554368,"2020-05-04 01:06:08",39,122,3,2,45,10,3,4,1,3
1588554428,"2020-05-04 01:07:08",36,120,3,2,41,10,3,4,1,3
1588554488,"2020-05-04 01:08:08",39,120,3,2,45,10,3,4,1,3
1588554548,"2020-05-04 01:09:08",40,122,3,2,46,10,3,4,1,3
1588554608,"2020-05-04 01:10:08",40,119,3,2,46,10,3,4,1,3
1588554668,"2020-05-04 01:11:08",40,117,3,2,46,9,3,4,1,3
1588554728,"2020-05-04 01:12:08",40,119,3,2,46,10,3,4,1,3
1588554788,"2020-05-04 01:13:08",40,118,21.81831,2,46,9,22,4,1,3
1588554848,"2020-05-04 01:14:08",40,120,3,2,46,10,3,4,1,3
1588554908,"2020-05-04 01:15:08",38,120,3,2,43,10,3,4,1,3
1588554968,"2020-05-04 01:16:08",38,121,3,2,43,10,3,4,1,3
1588555028,"2020-05-04 01:17:08",39,122,3,2,45,10,3,4,1,3
1588555088,"2020-05-04 01:18:08",39,122,3,2,45,10,3,4,1,3
1588555148,"2020-05-04 01:19:08",38,122,3,2,43,10,3,4,1,3
1588555208,"2020-05-04 01:20:08",40,119,3,2,46,10,3,4,1,3
1588555268,"2020-05-04 01:21:08",38,119,3,2,43,10,3,4,1,3
1588555388,"2020-05-04 01:23:08",40,122,3,2,47,10,3,4,1,3
1588555448,"2020-05-04 01:24:08",40,121,3,2,46,10,3,4,1,3
1588555508,"2020-05-04 01:25:08",39,120,3,2,45,10,3,4,1,3
1588555568,"2020-05-04 01:26:08",37,120,3,2,42,10,3,4,1,3
1588555628,"2020-05-04 01:27:08",38,0,31.632524,2.3800526,43,0,32,5,1,3
1588555688,"2020-05-04 01:28:08",37,119,3,2,42,10,3,4,1,3
1588555748,"2020-05-04 01:29:08",38,120,15.2400875,2,43,10,15,4,1,3
1588555808,"2020-05-04 01:30:08",38,122,3,2,43,10,3,4,1,3
1588555868,"2020-05-04 01:31:08",36,124,3,2,41,10,3,4,1,3
1588555928,"2020-05-04 01:32:08",36,123,4.396693,2,41,10,4,4,1,3
1588555988,"2020-05-04 01:33:08",0,123,3.7525523,2,0,10,4,4,1,3
1588556048,"2020-05-04 01:34:08",37,123,3,2,42,10,3,4,1,3
1588556108,"2020-05-04 01:35:08",38,122,3,2,43,10,3,4,1,3
1588556168,"2020-05-04 01:36:08",37,124,3,2,42,10,3,4,1,3
1588556228,"2020-05-04 01:37:08",38,124,3,2,43,10,3,4,1,3
1588556288,"2020-05-04 01:38:08",37,123,3,2,42,10,3,4,1,3
1588556348,"2020-05-04 01:39:08",37,122,3,2,42,10,3,4,1,3
1588556408,"2020-05-04 01:40:08",35,122,3,2,40,10,3,4,1,3
1588556468,"2020-05-04 01:41:08",0,122,3,2,0,10,3,4,1,3
1588556528,"2020-05-04 01:42:08",39,121,3,2,45,10,3,4,1,3
1588556588,"2020-05-04 01:43:08",38,124,3,2,43,10,3,4,1,3
1588556648,"2020-05-04 01:44:08",40,123,3,2,46,10,3,4,1,3
1588556708,"2020-05-04 01:45:08",39,119,3,2,45,10,3,4,1,3
1588556768,"2020-05-04 01:46:08",39,120,13.678088,2,45,10,14,4,1,3
1588556828,"2020-05-04 01:47:08",38,121,3,2,43,10,3,4,1,3
1588556888,"2020-05-04 01:48:08",37,121,3,2,42,10,3,4,1,3
1588556948,"2020-05-04 01:49:08",37,122,3,2,42,10,3,4,1,3
1588557008,"2020-05-04 01:50:08",35,123,13.582988,2,40,10,14,4,1,3
1588557068,"2020-05-04 01:51:08",35,124,18.978054,2,40,10,19,4,1,3
1588557128,"2020-05-04 01:52:08",35,121,3,2,40,10,3,4,1,3
1588557188,"2020-05-04 01:53:08",36,123,3,2,41,10,3,4,1,3
1588557248,"2020-05-04 01:54:08",38,125,3,2,43,10,3,4,1,3
1588557308,"2020-05-04 01:55:08",35,123,3,2,40,10,3,4,1,3
1588557368,"2020-05-04 01:56:08",35,122,3,2,40,10,3,4,1,3
1588557428,"2020-05-04 01:57:08",35,125,20.111832,2,40,10,20,4,1,3
1588557488,"2020-05-04 01:58:08",35,123,11.606587,2,40,10,12,4,1,3
1588557548,"2020-05-04 01:59:08",36,124,3,2,41,10,3,4,1,3
1588557608,"2020-05-04 02:00:08",36,124,3,2,41,10,3,4,1,3
1588557668,"2020-05-04 02:01:08",34,123,3,2,39,10,3,4,1,3
1588557728,"2020-05-04 02:02:08",35,125,3,2,40,10,3,4,1,3
1588557788,"2020-05-04 02:03:08",35,124,3,2,40,10,3,4,1,3
1588557848,"2020-05-04 02:04:08",35,128,15.368478,2,40,10,15,4,1,3
1588557908,"2020-05-04 02:05:08",33,128,16.269531,2,36,10,16,4,1,3
1588557968,"2020-05-04 02:06:08",34,125,3,2,39,10,3,4,1,3
1588558028,"2020-05-04 02:07:08",36,125,3.76769,2,41,10,4,4,1,3
1588558088,"2020-05-04 02:08:08",35,126,3,2,40,10,3,4,1,3
1588558148,"2020-05-04 02:09:08",37,120,3,2,42,10,3,4,1,3
1588558208,"2020-05-04 02:10:08",37,119,7.047718,2,42,10,7,4,1,3
1588558268,"2020-05-04 02:11:08",35,121,3,2,40,10,3,4,1,3
1588558328,"2020-05-04 02:12:08",37,119,3,2,42,10,3,4,1,3
1588558388,"2020-05-04 02:13:08",38,118,3,2,44,9,3,4,1,3
1588558448,"2020-05-04 02:14:08",37,118,3,2,42,9,3,4,1,3
1588558508,"2020-05-04 02:15:08",41,116,3,2,47,9,3,4,1,3
1588558568,"2020-05-04 02:16:08",41,115,3,2,48,9,3,4,1,3
1588558628,"2020-05-04 02:17:08",39,112,3,2,45,9,3,4,1,3
1588558688,"2020-05-04 02:18:08",41,115,3,2,48,9,3,4,1,3
1588558748,"2020-05-04 02:19:08",41,113,3,2,47,9,3,4,1,3
1588558808,"2020-05-04 02:20:08",42,113,3.3162348,2,50,9,3,4,1,3
1588558868,"2020-05-04 02:21:08",41,111,3,2,49,9,3,4,1,3
1588558928,"2020-05-04 02:22:08",44,112,3,2,51,9,3,4,1,3
1588558988,"2020-05-04 02:23:08",43,114,3.1000838,2,51,9,3,4,1,3
1588559048,"2020-05-04 02:24:08",42,113,7.3873057,2,50,9,7,4,1,3
1588559108,"2020-05-04 02:25:08",42,114,3,2,50,9,3,4,1,3
1588559168,"2020-05-04 02:26:08",45,114,3,2,52,9,3,4,1,3
1588559228,"2020-05-04 02:27:08",42,114,3.846028,2,50,9,4,4,1,3
1588559288,"2020-05-04 02:28:08",43,117,20.88019,2,51,9,21,4,1,3
1588559348,"2020-05-04 02:29:08",41,117,3,2,47,9,3,4,1,3
1588559408,"2020-05-04 02:30:08",41,118,5.751197,2,47,9,6,4,1,3
1588559468,"2020-05-04 02:31:08",40,116,3,2,46,9,3,4,1,3
1588559528,"2020-05-04 02:32:08",41,114,3,2,47,9,3,4,1,3
1588559588,"2020-05-04 02:33:08",40,115,3,2,46,9,3,4,1,3
1588559648,"2020-05-04 02:34:08",41,115,3.420052,2,47,9,3,4,1,3
1588559708,"2020-05-04 02:35:08",43,114,3,2,51,9,3,4,1,3
1588559768,"2020-05-04 02:36:08",42,116,3,2,49,9,3,4,1,3
1588559828,"2020-05-04 02:37:08",42,115,12.286876,2,50,9,12,4,1,3
1588559888,"2020-05-04 02:38:08",45,114,5.3362484,2,52,9,5,4,1,3
1588559948,"2020-05-04 02:39:08",44,114,13.296373,2,51,9,13,4,1,3
1588560008,"2020-05-04 02:40:08",43,114,3,2,51,9,3,4,1,3
1588560068,"2020-05-04 02:41:08",43,112,3,2,51,9,3,4,1,3
1588560128,"2020-05-04 02:42:08",42,113,3,2,50,9,3,4,1,3
1588560188,"2020-05-04 02:43:08",44,111,16.551071,2.0427923,51,9,17,4,1,3
1588560248,"2020-05-04 02:44:08",42,110,3,2,50,9,3,4,1,3
1588560308,"2020-05-04 02:45:08",44,111,7.9793744,2,51,9,8,4,1,3
1588560368,"2020-05-04 02:46:08",47,109,3,2,53,9,3,4,1,3
1588560428,"2020-05-04 02:47:08",47,110,12.343209,2,53,9,12,4,1,3
1588560488,"2020-05-04 02:48:08",47,107,3,2,53,9,3,4,1,3
1588560548,"2020-05-04 02:49:08",46,109,3,2,53,9,3,4,1,3
1588560608,"2020-05-04 02:50:08",46,107,4.65567,2,53,9,5,4,1,3
1588560668,"2020-05-04 02:51:08",47,108,3,2,53,9,3,4,1,3
1588560728,"2020-05-04 02:52:08",43,107,3,2,50,9,3,4,1,3
1588560788,"2020-05-04 02:53:08",44,108,3,2,51,9,3,4,1,3
1588560848,"2020-05-04 02:54:08",43,109,3,2,50,9,3,4,1,3
1588560908,"2020-05-04 02:55:08",43,108,3,2,50,9,3,4,1,3
1588560968,"2020-05-04 02:56:08",43,109,3,2,50,9,3,4,1,3
1588561028,"2020-05-04 02:57:08",43,109,3,2,51,9,3,4,1,3
1588561088,"2020-05-04 02:58:08",37,111,3,2,43,9,3,4,1,3
1588561148,"2020-05-04 02:59:08",38,111,3,2,44,9,3,4,1,3
1588561208,"2020-05-04 03:00:08",38,110,3,2,44,9,3,4,1,3
1588561268,"2020-05-04 03:01:08",39,109,3,2,45,9,3,4,1,3
1588561328,"2020-05-04 03:02:08",39,111,3,2,45,9,3,4,1,3
1588561388,"2020-05-04 03:03:08",39,110,3,2,45,9,3,4,1,3
1588561448,"2020-05-04 03:04:08",37,107,3,2,43,9,3,4,1,3
1588561508,"2020-05-04 03:05:08",39,107,3,2,45,9,3,4,1,3
1588561568,"2020-05-04 03:06:08",41,108,3,2,48,9,3,4,1,3
1588561628,"2020-05-04 03:07:08",41,108,3,2,48,9,3,4,1,3
1588561688,"2020-05-04 03:08:08",40,109,3,2,46,9,3,4,1,3
1588561748,"2020-05-04 03:09:08",37,108,3,2,43,9,3,4,1,3
1588561808,"2020-05-04 03:10:08",37,107,3,2,43,9,3,4,1,3
1588561868,"2020-05-04 03:11:08",38,108,3,2,44,9,3,4,1,3
1588561928,"2020-05-04 03:12:08",39,107,3,2,45,9,3,4,1,3
1588561988,"2020-05-04 03:13:08",39,108,3,2,45,9,3,4,1,3
1588562048,"2020-05-04 03:14:08",39,107,19.651617,3.233612,45,9,20,6,1,3
1588562108,"2020-05-04 03:15:08",38,107,3,2,44,9,3,4,1,3
1588562168,"2020-05-04 03:16:08",40,107,6.7216573,2,47,9,7,4,1,3
1588562228,"2020-05-04 03:17:08",40,107,3,2,47,9,3,4,1,3
1588562288,"2020-05-04 03:18:08",44,107,3,2,51,9,3,4,1,3
1588562348,"2020-05-04 03:19:08",42,109,3,2,49,9,3,4,1,3
1588562408,"2020-05-04 03:20:08",45,106,3,2,52,8,3,4,1,3
1588562468,"2020-05-04 03:21:08",45,106,21.116302,2.363987,52,8,21,5,1,3
1588562528,"2020-05-04 03:22:08",44,108,3,2,51,9,3,4,1,3
1588562588,"2020-05-04 03:23:08",46,108,3,2,53,9,3,4,1,3
1588562648,"2020-05-04 03:24:08",44,109,3,2,51,9,3,4,1,3
1588562708,"2020-05-04 03:25:08",44,108,3,2,51,9,3,4,1,3
1588562768,"2020-05-04 03:26:08",44,108,3,2,51,9,3,4,1,3
1588562828,"2020-05-04 03:27:08",45,107,3,2,52,9,3,4,1,3
1588562888,"2020-05-04 03:28:08",47,108,3,2,54,9,3,4,1,3
1588562948,"2020-05-04 03:29:08",47,109,3,2,53,9,3,4,1,3
1588563008,"2020-05-04 03:30:08",44,108,3,2,51,9,3,4,1,3
1588563068,"2020-05-04 03:31:08",43,109,3,2,50,9,3,4,1,3
1588563128,"2020-05-04 03:32:08",44,110,10.359394,2,51,9,10,4,1,3
1588563188,"2020-05-04 03:33:08",43,110,5.6865864,2,50,9,6,4,1,3
1588563248,"2020-05-04 03:34:08",41,110,3,2,48,9,3,4,1,3
1588563308,"2020-05-04 03:35:08",41,114,3,2,48,9,3,4,1,3
1588563368,"2020-05-04 03:36:08",38,114,3,2,44,9,3,4,1,3
1588563428,"2020-05-04 03:37:08",36,116,14.10281,2.0218086,40,9,14,4,1,3
1588563488,"2020-05-04 03:38:08",36,116,3,2,42,9,3,4,1,3
1588563548,"2020-05-04 03:39:08",37,118,3,2,43,9,3,4,1,3
1588563608,"2020-05-04 03:40:08",36,118,3,2,40,9,3,4,1,3
1588563668,"2020-05-04 03:41:08",37,116,3,2,43,9,3,4,1,3
1588563728,"2020-05-04 03:42:08",37,118,3,2,43,9,3,4,1,3
1588563788,"2020-05-04 03:43:08",36,117,3,2,41,9,3,4,1,3
1588563908,"2020-05-04 03:45:08",39,116,3,2,45,9,3,4,1,3
1588563968,"2020-05-04 03:46:08",39,116,3,2,45,9,3,4,1,3
1588564028,"2020-05-04 03:47:08",40,116,3,2,46,9,3,4,1,3
1588564088,"2020-05-04 03:48:08",41,116,3,2,48,9,3,4,1,3
1588564148,"2020-05-04 03:49:08",41,0,3,2,48,0,3,4,1,3
1588564208,"2020-05-04 03:50:08",41,117,35.570156,2.0115433,48,9,36,4,1,3
1588564268,"2020-05-04 03:51:08",40,118,3,2,46,9,3,4,1,3
1588564328,"2020-05-04 03:52:08",40,116,3,2,46,9,3,4,1,3
1588564388,"2020-05-04 03:53:08",0,116,3,2,0,9,3,4,1,3
1588564448,"2020-05-04 03:54:08",38,117,3,2,44,9,3,4,1,3
1588564508,"2020-05-04 03:55:08",38,118,29.896826,2.1207962,44,9,30,4,1,3
1588564568,"2020-05-04 03:56:08",38,117,3,2,44,9,3,4,1,3
1588564628,"2020-05-04 03:57:08",38,117,8.664755,2,44,9,9,4,1,3
1588564688,"2020-05-04 03:58:08",38,119,39.653305,4.7133093,44,10,40,9,1,3
1588564748,"2020-05-04 03:59:08",40,118,3,2,46,9,3,4,1,3
1588564808,"2020-05-04 04:00:08",37,118,3,2,43,9,3,4,1,3
1588564868,"2020-05-04 04:01:08",38,118,3,2,44,9,3,4,1,3
1588564928,"2020-05-04 04:02:08",38,119,3,2,44,10,3,4,1,3
1588564988,"2020-05-04 04:03:08",0,118,3,2,0,9,3,4,1,3
1588565048,"2020-05-04 04:04:08",38,120,3,2,44,10,3,4,1,3
1588565108,"2020-05-04 04:05:08",36,118,3,2,41,9,3,4,1,3
1588565168,"2020-05-04 04:06:08",38,119,3,2,44,10,3,4,1,3
1588565228,"2020-05-04 04:07:08",38,118,3,2,44,9,3,4,1,3
1588565288,"2020-05-04 04:08:08",38,118,3,2,44,9,3,4,1,3
1588565348,"2020-05-04 04:09:08",38,115,3,2,44,9,3,4,1,3
1588565408,"2020-05-04 04:10:08",40,119,11.92276,2,46,10,12,4,1,3
1588565468,"2020-05-04 04:11:08",39,118,6.663058,2,45,9,7,4,1,3
1588565528,"2020-05-04 04:12:08",38,118,3,2,44,9,3,4,1,3
1588565588,"2020-05-04 04:13:08",41,116,3,2,48,9,3,4,1,3
1588565648,"2020-05-04 04:14:08",39,116,3,2,45,9,3,4,1,3
1588565708,"2020-05-04 04:15:08",40,118,35.801907,2.897706,46,9,36,6,1,3
1588565768,"2020-05-04 04:16:08",37,119,3,2,43,10,3,4,1,3
1588565828,"2020-05-04 04:17:08",42,116,3,2,49,9,3,4,1,3
1588565888,"2020-05-04 04:18:08",40,118,3,2,46,9,3,4,1,3
1588565948,"2020-05-04 04:19:08",40,117,3,2,46,9,3,4,1,3
1588566008,"2020-05-04 04:20:08",40,118,3,2,46,9,3,4,1,3
1588566068,"2020-05-04 04:21:08",39,118,3,2,45,9,3,4,1,3
1588566128,"2020-05-04 04:22:08",36,120,3,2,41,10,3,4,1,3
1588566188,"2020-05-04 04:23:08",40,118,3,2,46,9,3,4,1,3
1588566248,"2020-05-04 04:24:08",36,118,3,2,41,9,3,4,1,3
1588566308,"2020-05-04 04:25:08",36,120,3,2,41,10,3,4,1,3
1588566368,"2020-05-04 04:26:08",37,120,3.4122725,2,43,10,3,4,1,3
1588566428,"2020-05-04 04:27:08",37,121,3,2,43,10,3,4,1,3
1588566488,"2020-05-04 04:28:08",37,119,3,2,43,10,3,4,1,3
1588566548,"2020-05-04 04:29:08",37,119,39.311565,2.9544334,43,10,39,6,1,3
1588566608,"2020-05-04 04:30:08",40,120,3,2,46,10,3,4,1,3
1588566668,"2020-05-04 04:31:08",37,121,3,2,43,10,3,4,1,3
1588566728,"2020-05-04 04:32:08",37,119,3,2,43,10,3,4,1,3
1588566788,"2020-05-04 04:33:08",39,119,3,2,45,10,3,4,1,3
1588566848,"2020-05-04 04:34:08",40,118,3,2,46,9,3,4,1,3
1588566908,"2020-05-04 04:35:08",42,119,3,2,49,10,3,4,1,3
1588566968,"2020-05-04 04:36:08",42,117,3,2,50,9,3,4,1,3
1588567028,"2020-05-04 04:37:08",42,117,3,2,50,9,3,4,1,3
1588567088,"2020-05-04 04:38:08",41,118,3,2,47,9,3,4,1,3
1588567148,"2020-05-04 04:39:08",41,119,3,2,47,10,3,4,1,3
1588567208,"2020-05-04 04:40:08",41,119,3,2,47,10,3,4,1,3
1588567268,"2020-05-04 04:41:08",42,118,3,2,49,9,3,4,1,3
1588567328,"2020-05-04 04:42:08",41,121,24.604229,2.1803694,48,10,25,4,1,3
1588567388,"2020-05-04 04:43:08",39,119,3,2,45,10,3,4,1,3
1588567448,"2020-05-04 04:44:08",41,119,3,2,48,10,3,4,1,3
1588567508,"2020-05-04 04:45:08",42,118,19.159662,2,50,9,19,4,1,3
1588567568,"2020-05-04 04:46:08",43,116,3,2,51,9,3,4,1,3
1588567628,"2020-05-04 04:47:08",42,118,3,2,50,9,3,4,1,3
1588567688,"2020-05-04 04:48:08",43,118,8.144762,2,51,9,8,4,1,3
1588567748,"2020-05-04 04:49:08",43,118,3,2,51,9,3,4,1,3
1588567808,"2020-05-04 04:50:08",42,119,3,2,50,10,3,4,1,3
1588567868,"2020-05-04 04:51:08",42,119,3,2,49,10,3,4,1,3
1588567928,"2020-05-04 04:52:08",42,119,15.956877,2,50,10,16,4,1,3
1588567988,"2020-05-04 04:53:08",43,123,3,2,51,10,3,4,1,3
1588568048,"2020-05-04 04:54:08",40,120,16.716902,2,46,10,17,4,1,3
1588568108,"2020-05-04 04:55:08",37,120,3,2,43,10,3,4,1,3
1588568168,"2020-05-04 04:56:08",36,120,3,2,40,10,3,4,1,3
1588568228,"2020-05-04 04:57:08",36,121,3,2,41,10,3,4,1,3
1588568288,"2020-05-04 04:58:08",38,119,3,2,44,10,3,4,1,3
1588568348,"2020-05-04 04:59:08",38,116,3,2,44,9,3,4,1,3
1588568408,"2020-05-04 05:00:08",37,117,3,2,43,9,3,4,1,3
1588568468,"2020-05-04 05:01:08",36,118,3,2,40,9,3,4,1,3
1588568528,"2020-05-04 05:02:08",39,118,3,2,45,9,3,4,1,3
1588568588,"2020-05-04 05:03:08",37,119,3,2,43,10,3,4,1,3
1588568648,"2020-05-04 05:04:08",42,116,3,2,49,9,3,4,1,3
1588568708,"2020-05-04 05:05:08",43,114,3,2,51,9,3,4,1,3
1588568768,"2020-05-04 05:06:08",44,114,23.423794,2.0858498,51,9,23,4,1,3
1588568828,"2020-05-04 05:07:08",45,113,3,2,52,9,3,4,1,3
1588568888,"2020-05-04 05:08:08",48,112,8.072479,2,54,9,8,4,1,3
1588568948,"2020-05-04 05:09:08",46,112,3,2,53,9,3,4,1,3
1588569008,"2020-05-04 05:10:08",46,113,3,2,53,9,3,4,1,3
1588569068,"2020-05-04 05:11:08",46,110,3,2,53,9,3,4,1,3
1588569128,"2020-05-04 05:12:08",47,113,3,2,53,9,3,4,1,3
1588569188,"2020-05-04 05:13:08",49,113,3.3833,2,55,9,3,4,1,3
1588569248,"2020-05-04 05:14:08",51,108,3,2,57,9,3,4,1,3
1588569308,"2020-05-04 05:15:08",51,108,3,2,57,9,3,4,1,3
1588569368,"2020-05-04 05:16:08",51,110,3,2,57,9,3,4,1,3
1588569428,"2020-05-04 05:17:08",52,110,18.664948,2,58,9,19,4,1,3
1588569488,"2020-05-04 05:18:08",51,112,3,2,57,9,3,4,1,3
1588569548,"2020-05-04 05:19:08",51,111,3,2,57,9,3,4,1,3
1588569608,"2020-05-04 05:20:08",54,110,3,2,59,9,3,4,1,3
1588569668,"2020-05-04 05:21:08",54,109,3,2,59,9,3,4,1,3
1588569728,"2020-05-04 05:22:08",53,108,3,2,58,9,3,4,1,3
1588569788,"2020-05-04 05:23:08",51,108,3,2,57,9,3,4,1,3
1588569848,"2020-05-04 05:24:08",51,108,27.39166,2,57,9,27,4,1,3
1588569908,"2020-05-04 05:25:08",49,111,3,2,55,9,3,4,1,3
1588569968,"2020-05-04 05:26:08",49,111,3,2,55,9,3,4,1,3
1588570028,"2020-05-04 05:27:08",46,112,3,2,53,9,3,4,1,3
1588570088,"2020-05-04 05:28:08",48,111,3,2,54,9,3,4,1,3
1588570148,"2020-05-04 05:29:08",51,110,3,2,56,9,3,4,1,3
1588570208,"2020-05-04 05:30:08",51,109,3,2,57,9,3,4,1,3
1588570268,"2020-05-04 05:31:08",52,110,3,2,58,9,3,4,1,3
1588570328,"2020-05-04 05:32:08",52,111,3,2,58,9,3,4,1,3
1588570388,"2020-05-04 05:33:08",50,112,3,2,56,9,3,4,1,3
1588570448,"2020-05-04 05:34:08",50,110,3,2,56,9,3,4,1,3
1588570508,"2020-05-04 05:35:08",51,109,3,2,56,9,3,4,1,3
1588570568,"2020-05-04 05:36:08",51,111,3,2,57,9,3,4,1,3
1588570628,"2020-05-04 05:37:08",51,111,5.536129,2,57,9,6,4,1,3
1588570688,"2020-05-04 05:38:08",49,113,3,2,55,9,3,4,1,3
1588570748,"2020-05-04 05:39:08",48,111,3,2,54,9,3,4,1,3
1588570808,"2020-05-04 05:40:08",50,112,3,2,56,9,3,4,1,3
1588570868,"2020-05-04 05:41:08",51,112,3,2,56,9,3,4,1,3
1588570928,"2020-05-04 05:42:08",53,111,3,2,58,9,3,4,1,3
1588570988,"2020-05-04 05:43:08",52,114,3,2,58,9,3,4,1,3
1588571048,"2020-05-04 05:44:08",50,113,3,2,56,9,3,4,1,3
1588571108,"2020-05-04 05:45:08",46,114,3,2,53,9,3,4,1,3
1588571168,"2020-05-04 05:46:08",44,118,3,2,52,9,3,4,1,3
1588571228,"2020-05-04 05:47:08",44,114,3,2,52,9,3,4,1,3
1588571288,"2020-05-04 05:48:08",46,113,3,2,53,9,3,4,1,3
1588571348,"2020-05-04 05:49:08",50,110,3,2,56,9,3,4,1,3
1588571408,"2020-05-04 05:50:08",50,111,3,2,56,9,3,4,1,3
1588571468,"2020-05-04 05:51:08",51,112,3,2,56,9,3,4,1,3
1588571528,"2020-05-04 05:52:08",50,114,6.4714417,2,56,9,6,4,1,3
1588571588,"2020-05-04 05:53:08",48,116,3,2,54,9,3,4,1,3
1588571648,"2020-05-04 05:54:08",46,119,3,2,53,10,3,4,1,3
1588571708,"2020-05-04 05:55:08",48,117,3,2,54,9,3,4,1,3
1588571768,"2020-05-04 05:56:08",47,117,3,2,54,9,3,4,1,3
1588571828,"2020-05-04 05:57:08",47,117,15.132721,2,54,9,15,4,1,3
1588571888,"2020-05-04 05:58:08",51,117,3,2,57,9,3,4,1,3
1588571948,"2020-05-04 05:59:08",50,116,3,2,56,9,3,4,1,3
1588572008,"2020-05-04 06:00:08",53,115,3,2,58,9,3,4,1,3
1588572068,"2020-05-04 06:01:08",53,117,4.409225,2,58,9,4,4,1,3
1588572128,"2020-05-04 06:02:08",52,117,3,2,58,9,3,4,1,3
1588572188,"2020-05-04 06:03:08",50,120,9.553925,2,56,10,10,4,1,3
1588572248,"2020-05-04 06:04:08",50,117,3,2,56,9,3,4,1,3
1588572308,"2020-05-04 06:05:08",50,119,3,2,56,10,3,4,1,3
1588572428,"2020-05-04 06:07:08",50,120,3,2,56,10,3,4,1,3
1588572488,"2020-05-04 06:08:08",50,120,3,2,56,10,3,4,1,3
1588572548,"2020-05-04 06:09:08",46,121,3,2,53,10,3,4,1,3
1588572608,"2020-05-04 06:10:08",49,122,3,2,55,10,3,4,1,3
1588572668,"2020-05-04 06:11:08",48,0,3,2,54,0,3,4,1,3
1588572728,"2020-05-04 06:12:08",50,122,55.10195,3.4703493,56,10,59,7,1,3
1588572788,"2020-05-04 06:13:08",51,120,3,2,57,10,3,4,1,3
1588572848,"2020-05-04 06:14:08",0,119,3,2,0,10,3,4,1,3
1588572908,"2020-05-04 06:15:08",50,119,10.711299,2,56,10,11,4,1,3
1588572968,"2020-05-04 06:16:08",51,120,3,2,57,10,3,4,1,3
1588573028,"2020-05-04 06:17:08",53,120,3,2,58,10,3,4,1,3
1588573088,"2020-05-04 06:18:08",52,121,3,2,58,10,3,4,1,3
1588573148,"2020-05-04 06:19:08",51,121,3,2,57,10,3,4,1,3
1588573208,"2020-05-04 06:20:08",54,119,3,2,59,10,3,4,1,3
1588573268,"2020-05-04 06:21:08",51,119,3,2,57,10,3,4,1,3
1588573328,"2020-05-04 06:22:08",49,117,3,2,55,9,3,4,1,3
1588573388,"2020-05-04 06:23:08",47,119,3,2,53,10,3,4,1,3
1588573448,"2020-05-04 06:24:08",0,121,6.230133,2,0,10,6,4,1,3
1588573508,"2020-05-04 06:25:08",46,122,3,2,53,10,3,4,1,3
1588573568,"2020-05-04 06:26:08",46,118,3,2,53,9,3,4,1,3
1588573628,"2020-05-04 06:27:08",51,119,3,2,57,10,3,4,1,3
1588573688,"2020-05-04 06:28:08",49,122,8.672995,2,55,10,9,4,1,3
1588573748,"2020-05-04 06:29:08",48,122,33.428116,2.6203337,54,10,33,5,1,3
1588573808,"2020-05-04 06:30:08",48,122,13.793651,2,54,10,14,4,1,3
1588573868,"2020-05-04 06:31:08",48,125,3,2,55,10,3,4,1,3
1588573928,"2020-05-04 06:32:08",49,124,16.788288,2.1536264,55,10,17,4,1,3
1588573988,"2020-05-04 06:33:08",51,125,3,2,57,10,3,4,1,3
1588574048,"2020-05-04 06:34:08",51,123,3,2,57,10,3,4,1,3
1588574108,"2020-05-04 06:35:08",50,122,4.878845,2,56,10,5,4,1,3
1588574168,"2020-05-04 06:36:08",49,126,3,2,55,10,3,4,1,3
1588574228,"2020-05-04 06:37:08",49,126,35.619705,3.0540676,55,10,36,6,1,3
1588574288,"2020-05-04 06:38:08",51,124,3,2,57,10,3,4,1,3
1588574348,"2020-05-04 06:39:08",51,122,3,2,57,10,3,4,1,3
1588574408,"2020-05-04 06:40:08",54,121,3.8444672,2,59,10,4,4,1,3
1588574468,"2020-05-04 06:41:08",54,124,3,2,59,10,3,4,1,3
1588574528,"2020-05-04 06:42:08",53,122,3,2,58,10,3,4,1,3
1588574588,"2020-05-04 06:43:08",53,120,3,2,58,10,3,4,1,3
1588574648,"2020-05-04 06:44:08",54,124,30.376568,2.047305,59,10,30,4,1,3
1588574708,"2020-05-04 06:45:08",48,125,3,2,54,10,3,4,1,3
1588574768,"2020-05-04 06:46:08",48,129,3,2,54,10,3,4,1,3
1588574828,"2020-05-04 06:47:08",47,125,12.8804865,2,53,10,13,4,1,3
1588574888,"2020-05-04 06:48:08",53,122,3,2,58,10,3,4,1,3
1588574948,"2020-05-04 06:49:08",55,118,4.2220592,2,59,9,4,4,1,3
1588575008,"2020-05-04 06:50:08",56,118,3,2,61,9,3,4,1,3
1588575068,"2020-05-04 06:51:08",57,118,3,2,61,9,3,4,1,3
1588575128,"2020-05-04 06:52:08",57,121,3,2,61,10,3,4,1,3
1588575188,"2020-05-04 06:53:08",55,122,3,2,60,10,3,4,1,3
1588575248,"2020-05-04 06:54:08",51,121,7.933785,2,57,10,8,4,1,3
1588575308,"2020-05-04 06:55:08",55,118,3,2,59,9,3,4,1,3
1588575368,"2020-05-04 06:56:08",55,119,5.429038,2,60,10,5,4,1,3
1588575428,"2020-05-04 06:57:08",56,121,3,2,61,10,3,4,1,3
1588575488,"2020-05-04 06:58:08",55,121,3,2,59,10,3,4,1,3
1588575548,"2020-05-04 06:59:08",53,122,3,2,58,10,3,4,1,3
1588575608,"2020-05-04 07:00:08",55,121,12.129444,2,59,10,12,4,1,3
1588575668,"2020-05-04 07:01:08",55,119,3,2,59,10,3,4,1,3
1588575728,"2020-05-04 07:02:08",55,121,4.1580772,2.055376,60,10,4,4,1,3
1588575788,"2020-05-04 07:03:08",55,120,28.534948,2,59,10,29,4,1,3
1588575848,"2020-05-04 07:04:08",55,120,3,2,60,10,3,4,1,3
1588575908,"2020-05-04 07:05:08",54,122,18.063173,2,59,10,18,4,1,3
1588575968,"2020-05-04 07:06:08",55,123,3,2,59,10,3,4,1,3
1588576028,"2020-05-04 07:07:08",56,120,45.409996,3.159443,61,10,45,6,1,3
1588576088,"2020-05-04 07:08:08",0,121,3,2,0,10,3,4,1,3
1588576148,"2020-05-04 07:09:08",0,121,12.451011,2,0,10,12,4,1,3
1588576208,"2020-05-04 07:10:08",0,120,3,2,0,10,3,4,1,3
1588576268,"2020-05-04 07:11:08",0,123,20.924595,2,0,10,21,4,1,3
1588576328,"2020-05-04 07:12:08",0,122,19.126965,2,0,10,19,4,1,3
1588576388,"2020-05-04 07:13:08",0,119,37.32038,2.834319,0,10,37,6,1,3
1588576448,"2020-05-04 07:14:08",0,120,15.751005,2,0,10,16,4,1,3
1588576508,"2020-05-04 07:15:08",0,119,5.798895,2,0,10,6,4,1,3
1588576568,"2020-05-04 07:16:08",0,122,3,2,0,10,3,4,1,3
1588576628,"2020-05-04 07:17:08",0,120,3,2,0,10,3,4,1,3
1588576688,"2020-05-04 07:18:08",0,125,3,2,0,10,3,4,1,3
1588576748,"2020-05-04 07:19:08",0,124,26.944986,2.7402573,0,10,27,5,1,3
1588576808,"2020-05-04 07:20:08",0,126,3,2,0,10,3,4,1,3
1588576868,"2020-05-04 07:21:08",1,126,22.870407,2.224743,1,10,23,4,1,3
1588576928,"2020-05-04 07:22:08",0,126,12.68495,2,0,10,13,4,1,3
1588576988,"2020-05-04 07:23:08",0,124,3,2,0,10,3,4,1,3
1588577048,"2020-05-04 07:24:08",0,126,3,2,0,10,3,4,1,3
1588577108,"2020-05-04 07:25:08",0,125,3,2,0,10,3,4,1,3
1588577168,"2020-05-04 07:26:08",2,124,3,2,2,10,3,4,1,3
1588577228,"2020-05-04 07:27:08",2,124,3,2,2,10,3,4,1,3
1588577288,"2020-05-04 07:28:08",1,128,3,2,1,10,3,4,1,3
1588577348,"2020-05-04 07:29:08",3,126,32.972797,2,2,10,33,4,1,3
1588577408,"2020-05-04 07:30:08",4,124,3,2,4,10,3,4,1,3
1588577468,"2020-05-04 07:31:08",4,125,3,2,4,10,3,4,1,3
1588577528,"2020-05-04 07:32:08",4,123,3,2,4,10,3,4,1,3
1588577588,"2020-05-04 07:33:08",3,124,20.024822,2.9171886,3,10,20,6,1,3
1588577648,"2020-05-04 07:34:08",4,123,3,2,4,10,3,4,1,3
1588577708,"2020-05-04 07:35:08",5,125,6.379703,2,5,10,6,4,1,3
1588577768,"2020-05-04 07:36:08",4,123,19.992134,2.903678,4,10,20,6,1,3
1588577828,"2020-05-04 07:37:08",5,123,17.258717,2,5,10,17,4,1,3
1588577888,"2020-05-04 07:38:08",2,125,8.3849,2,2,10,8,4,1,3
1588577948,"2020-05-04 07:39:08",2,126,3,2,2,10,3,4,1,3
1588578008,"2020-05-04 07:40:08",2,125,3,2,2,10,3,4,1,3
1588578068,"2020-05-04 07:41:08",3,124,3,2,3,10,3,4,1,3
1588578128,"2020-05-04 07:42:08",4,127,3.6765366,2,4,10,4,4,1,3
1588578188,"2020-05-04 07:43:08",4,126,3.6831727,2.1228848,4,10,4,4,1,3
1588578248,"2020-05-04 07:44:08",4,124,3,2,4,10,3,4,1,3
1588578308,"2020-05-04 07:45:08",6,125,11.881872,2,6,10,12,4,1,3
1588578368,"2020-05-04 07:46:08",4,126,42.255554,2.7381372,4,10,42,5,1,3
1588578428,"2020-05-04 07:47:08",7,126,3,2,6,10,3,4,1,3
1588578488,"2020-05-04 07:48:08",5,126,3,2,5,10,3,4,1,3
1588578548,"2020-05-04 07:49:08",5,126,3,2,5,10,3,4,1,3
1588578608,"2020-05-04 07:50:08",6,126,3,2,6,10,3,4,1,3
1588578668,"2020-05-04 07:51:08",6,125,3,2,6,10,3,4,1,3
1588578728,"2020-05-04 07:52:08",5,125,3,2,5,10,3,4,1,3
1588578788,"2020-05-04 07:53:08",4,126,3,2,4,10,3,4,1,3
1588578848,"2020-05-04 07:54:08",4,126,3,2,4,10,3,4,1,3
1588578908,"2020-05-04 07:55:08",5,126,3,2,5,10,3,4,1,3
1588578968,"2020-05-04 07:56:08",7,127,3,2,6,10,3,4,1,3
1588579028,"2020-05-04 07:57:08",5,128,8.1947365,2.0415783,5,10,8,4,1,3
1588579088,"2020-05-04 07:58:08",6,127,3,2,6,10,3,4,1,3
1588579148,"2020-05-04 07:59:08",6,127,3,2,6,10,3,4,1,3
1588579208,"2020-05-04 08:00:08",2,128,10.362566,2,2,10,10,4,1,3
1588579268,"2020-05-04 08:01:08",2,128,3,2,2,10,3,4,1,3
1588579328,"2020-05-04 08:02:08",4,126,23.811094,2,4,10,24,4,1,3
1588579388,"2020-05-04 08:03:08",5,127,3,2,5,10,3,4,1,3
1588579448,"2020-05-04 08:04:08",6,129,3,2,6,10,3,4,1,3
1588579508,"2020-05-04 08:05:08",2,126,3,2,2,10,3,4,1,3
1588579568,"2020-05-04 08:06:08",3,128,3,2,3,10,3,4,1,3
1588579628,"2020-05-04 08:07:08",4,131,3,2,4,10,3,4,1,3
1588579688,"2020-05-04 08:08:08",1,129,4.6036735,2,1,10,5,4,1,3
1588579748,"2020-05-04 08:09:08",2,131,3.80042,2,1,10,4,4,1,3
1588579808,"2020-05-04 08:10:08",2,130,3,2,2,10,3,4,1,3
1588579868,"2020-05-04 08:11:08",2,132,3,2,2,11,3,4,1,3
1588579928,"2020-05-04 08:12:08",3,134,3,2,3,11,3,4,1,3
1588579988,"2020-05-04 08:13:08",2,134,14.421646,2,1,11,14,4,1,3
1588580048,"2020-05-04 08:14:08",1,134,3,2,1,11,3,4,1,3
1588580108,"2020-05-04 08:15:08",2,134,20.111265,2,2,11,20,4,1,3
1588580169,"2020-05-04 08:16:09",1,138,3,2,1,11,3,4,1,3
1588580229,"2020-05-04 08:17:09",0,135,30.417265,2.086712,0,11,30,4,1,3
1588580289,"2020-05-04 08:18:09",0,135,50.771236,3.7555838,0,11,51,8,1,3
1588580349,"2020-05-04 08:19:09",0,137,14.834096,2,0,11,15,4,1,3
1588580409,"2020-05-04 08:20:09",0,135,15.298977,2,0,11,15,4,1,3
1588580469,"2020-05-04 08:21:09",0,137,51.676228,3.1832275,0,11,53,6,1,3
1588580529,"2020-05-04 08:22:09",0,137,19.969702,2,0,11,20,4,1,3
1588580589,"2020-05-04 08:23:09",0,137,63.475307,4.6136246,0,11,72,9,1,3
1588580649,"2020-05-04 08:24:09",0,140,43.087414,3.4314394,0,11,43,7,1,3
1588580709,"2020-05-04 08:25:09",0,138,3,2,0,11,3,4,1,3
1588580769,"2020-05-04 08:26:09",0,139,3,2,0,11,3,4,1,3
1588580829,"2020-05-04 08:27:09",0,141,73.20677,4.3953533,0,11,89,9,1,3
1588580949,"2020-05-04 08:29:09",0,144,9.1545105,2,0,12,9,4,1,3
1588581009,"2020-05-04 08:30:09",0,142,19.347948,2,0,11,19,4,1,3
1588581069,"2020-05-04 08:31:09",0,142,3,2,0,11,3,4,1,3
1588581129,"2020-05-04 08:32:09",0,0,31.925373,2.6179018,0,0,32,5,1,3
1588581189,"2020-05-04 08:33:09",0,143,3,2,0,11,3,4,1,3
1588581249,"2020-05-04 08:34:09",0,145,23.867989,2,0,12,24,4,1,3
1588581309,"2020-05-04 08:35:09",0,145,32.021835,2,0,12,32,4,1,3
1588581369,"2020-05-04 08:36:09",0,144,45.466125,2.0764265,0,12,45,4,1,3
1588581429,"2020-05-04 08:37:09",0,145,5.268031,2,0,12,5,4,1,3
1588581489,"2020-05-04 08:38:09",0,147,15.334074,2,0,12,15,4,1,3
1588581549,"2020-05-04 08:39:09",0,144,85.81052,12.24168,0,12,104,24,2,6
1588581609,"2020-05-04 08:40:09",0,142,3,2,0,11,3,4,1,3
1588581669,"2020-05-04 08:41:09",0,144,16.610477,2,0,12,17,4,1,3
1588581729,"2020-05-04 08:42:09",0,145,108.02512,8.6783285,0,12,118,17,1,3
1588581789,"2020-05-04 08:43:09",0,144,94.062965,10.6530905,0,12,109,21,5,11
1588581849,"2020-05-04 08:44:09",0,143,8.166301,2,0,11,8,4,1,3
1588581909,"2020-05-04 08:45:09",0,147,3,2,0,12,3,4,1,3
1588581969,"2020-05-04 08:46:09",0,147,5.004787,2,0,12,5,4,1,3
1588582029,"2020-05-04 08:47:09",0,146,3,2,0,12,3,4,1,3
1588582089,"2020-05-04 08:48:09",0,144,3,2,0,12,3,4,1,3
1588582149,"2020-05-04 08:49:09",0,145,3,2,0,12,3,4,1,3
1588582209,"2020-05-04 08:50:09",0,146,3,2,0,12,3,4,1,3
1588582269,"2020-05-04 08:51:09",0,145,3,2,0,12,3,4,1,3
1588582329,"2020-05-04 08:52:09",0,147,3,2,0,12,3,4,1,3
1588582389,"2020-05-04 08:53:09",0,147,3,2,0,12,3,4,1,3
1588582449,"2020-05-04 08:54:09",0,149,3,2,0,12,3,4,1,3
1588582509,"2020-05-04 08:55:09",0,150,14.874674,2.5125713,0,12,15,5,1,3
1588582569,"2020-05-04 08:56:09",0,151,3,2,0,12,3,4,1,3
1588582629,"2020-05-04 08:57:09",0,151,3,2,0,12,3,4,1,3
1588582689,"2020-05-04 08:58:09",0,153,3,2,0,12,3,4,1,3
1588582749,"2020-05-04 08:59:09",0,151,3,2,0,12,3,4,1,3
1588582809,"2020-05-04 09:00:09",0,155,3,2,0,12,3,4,1,3
1588582869,"2020-05-04 09:01:09",0,155,3,2,0,12,3,4,1,3
1588582929,"2020-05-04 09:02:09",0,150,9.588493,2,0,12,10,4,1,3
1588582989,"2020-05-04 09:03:09",0,146,3,2,0,12,3,4,1,3
1588583049,"2020-05-04 09:04:09",0,151,3,2,0,12,3,4,1,3
1588583109,"2020-05-04 09:05:09",0,155,3,2,0,12,3,4,1,3
1588583169,"2020-05-04 09:06:09",0,156,3,2,0,12,3,4,1,3
1588583229,"2020-05-04 09:07:09",0,154,3,2,0,12,3,4,1,3
1588583289,"2020-05-04 09:08:09",0,156,7.3150225,2,0,12,7,4,1,3
1588583349,"2020-05-04 09:09:09",0,158,14.332425,2,0,13,14,4,1,3
1588583409,"2020-05-04 09:10:09",0,153,32.891243,3.183979,0,12,33,6,1,3
1588583469,"2020-05-04 09:11:09",0,158,3,2,0,13,3,4,1,3
1588583529,"2020-05-04 09:12:09",0,158,3,2,0,13,3,4,1,3
1588583589,"2020-05-04 09:13:09",0,160,3,2,0,13,3,4,1,3
1588583649,"2020-05-04 09:14:09",0,157,19.723219,2.0617218,0,13,20,4,1,3
1588583709,"2020-05-04 09:15:09",0,159,13.906627,2.088995,0,13,14,4,1,3
1588583769,"2020-05-04 09:16:09",0,161,3,2,0,13,3,4,1,3
1588583829,"2020-05-04 09:17:09",0,160,3,2,0,13,3,4,1,3
1588583889,"2020-05-04 09:18:09",0,160,3,2,0,13,3,4,1,3
1588583949,"2020-05-04 09:19:09",0,162,3,2,0,13,3,4,1,3
1588584009,"2020-05-04 09:20:09",0,163,3,2,0,13,3,4,1,3
1588584069,"2020-05-04 09:21:09",0,155,3,2,0,12,3,4,1,3
1588584129,"2020-05-04 09:22:09",0,154,4.1275387,2,0,12,4,4,1,3
1588584189,"2020-05-04 09:23:09",0,157,30.105453,2.6682482,0,13,30,5,1,3
1588584249,"2020-05-04 09:24:09",0,153,3,2,0,12,3,4,1,3
1588584309,"2020-05-04 09:25:09",0,156,3,2,0,12,3,4,1,3
1588584369,"2020-05-04 09:26:09",0,155,12.5465765,2,0,12,13,4,1,3
1588584429,"2020-05-04 09:27:09",0,154,3,2,0,12,3,4,1,3
1588584489,"2020-05-04 09:28:09",0,157,10.630311,2,0,13,11,4,1,3
1588584549,"2020-05-04 09:29:09",0,157,3,2,0,13,3,4,1,3
1588584609,"2020-05-04 09:30:09",0,160,3,2,0,13,3,4,1,3
1588584669,"2020-05-04 09:31:09",0,160,3,2,0,13,3,4,1,3
1588584729,"2020-05-04 09:32:09",0,158,39.155907,3.129984,0,13,39,6,1,3
1588584789,"2020-05-04 09:33:09",0,159,3,2,0,13,3,4,1,3
1588584849,"2020-05-04 09:34:09",0,155,3,2,0,12,3,4,1,3
1588584909,"2020-05-04 09:35:09",0,158,3,2,0,13,3,4,1,3
1588584969,"2020-05-04 09:36:09",0,160,3.8651123,2,0,13,4,4,1,3
1588585029,"2020-05-04 09:37:09",0,157,3,2,0,13,3,4,1,3
1588585089,"2020-05-04 09:38:09",0,162,3,2,0,13,3,4,1,3
1588585149,"2020-05-04 09:39:09",0,162,31.966516,2.2630482,0,13,32,5,1,3
1588585209,"2020-05-04 09:40:09",0,163,14.865322,2,0,13,15,4,1,3
1588585269,"2020-05-04 09:41:09",0,163,82.80458,6.924199,0,13,102,14,1,3
1588585329,"2020-05-04 09:42:09",0,162,6.324729,2,0,13,6,4,1,3
1588585389,"2020-05-04 09:43:09",0,164,5.2556887,2,0,13,5,4,1,3
1588585449,"2020-05-04 09:44:09",0,165,81.30616,6.2424297,0,13,101,12,1,3
1588585509,"2020-05-04 09:45:09",0,165,3,2,0,13,3,4,1,3
1588585569,"2020-05-04 09:46:09",0,163,5.3222313,2,0,13,5,4,1,3
1588585629,"2020-05-04 09:47:09",0,168,3,2,0,13,3,4,1,3
1588585689,"2020-05-04 09:48:09",0,168,3,2,0,13,3,4,1,3
1588585749,"2020-05-04 09:49:09",0,168,3,2,0,13,3,4,1,3
1588585809,"2020-05-04 09:50:09",0,169,3,2,0,14,3,4,1,3
1588585869,"2020-05-04 09:51:09",0,168,4.5790186,2,0,13,5,4,1,3
1588585929,"2020-05-04 09:52:09",0,169,3,2,0,14,3,4,1,3
1588585989,"2020-05-04 09:53:09",0,166,3,2,0,13,3,4,1,3
1588586049,"2020-05-04 09:54:09",0,174,3,2,0,14,3,4,1,3
1588586109,"2020-05-04 09:55:09",0,174,6.5006595,2,0,14,7,4,1,3
1588586169,"2020-05-04 09:56:09",0,171,34.068726,2,0,14,34,4,1,3
1588586229,"2020-05-04 09:57:09",0,170,3,2,0,14,3,4,1,3
1588586289,"2020-05-04 09:58:09",0,173,6.477673,2,0,14,6,4,1,3
1588586349,"2020-05-04 09:59:09",0,172,3,2,0,14,3,4,1,3
1588586409,"2020-05-04 10:00:09",0,171,21.01308,2,0,14,21,4,1,3
1588586469,"2020-05-04 10:01:09",0,169,3,2,0,14,3,4,1,3
1588586529,"2020-05-04 10:02:09",0,171,3,2,0,14,3,4,1,3
1588586589,"2020-05-04 10:03:09",0,175,3,2,0,14,3,4,1,3
1588586649,"2020-05-04 10:04:09",0,172,3,2,0,14,3,4,1,3
1588586709,"2020-05-04 10:05:09",0,173,30.871965,2,0,14,31,4,1,3
1588586769,"2020-05-04 10:06:09",0,174,35.712784,2,0,14,36,4,1,3
1588586829,"2020-05-04 10:07:09",0,177,3,2,0,14,3,4,1,3
1588586889,"2020-05-04 10:08:09",0,177,16.487099,2.0057974,0,14,16,4,1,3
1588586949,"2020-05-04 10:09:09",0,177,3,2,0,14,3,4,1,3
1588587009,"2020-05-04 10:10:09",1,181,56.999405,2.8703194,1,14,62,6,1,3
1588587069,"2020-05-04 10:11:09",0,180,48.376354,5.3645644,0,14,48,11,2,5
1588587129,"2020-05-04 10:12:09",0,177,3,2,0,14,3,4,1,3
1588587189,"2020-05-04 10:13:09",0,181,29.415457,2,0,14,29,4,1,3
1588587249,"2020-05-04 10:14:09",0,180,3,2,0,14,3,4,1,3
1588587309,"2020-05-04 10:15:09",0,183,9.49197,2,0,15,9,4,1,3
1588587369,"2020-05-04 10:16:09",0,177,10.272634,2,0,14,10,4,1,3
1588587429,"2020-05-04 10:17:09",0,179,3.1679108,2,0,14,3,4,1,3
1588587489,"2020-05-04 10:18:09",0,183,3,2,0,15,3,4,1,3
1588587549,"2020-05-04 10:19:09",0,180,9.6531105,2,0,14,10,4,1,3
1588587609,"2020-05-04 10:20:09",0,178,3,2,0,14,3,4,1,3
1588587669,"2020-05-04 10:21:09",0,179,22.707512,2,0,14,23,4,1,3
1588587729,"2020-05-04 10:22:09",0,182,4.479349,2,0,15,4,4,1,3
1588587789,"2020-05-04 10:23:09",0,183,3,2,0,15,3,4,1,3
1588587849,"2020-05-04 10:24:09",0,180,3,2,0,14,3,4,1,3
1588587909,"2020-05-04 10:25:09",0,182,7.1737466,2.7329264,0,15,7,5,2,4
1588587969,"2020-05-04 10:26:09",0,177,12.193967,2,0,14,12,4,1,3
1588588029,"2020-05-04 10:27:09",0,181,3,2,0,14,3,4,1,3
1588588089,"2020-05-04 10:28:09",0,184,3,2,0,15,3,4,1,3
1588588149,"2020-05-04 10:29:09",0,183,3,2,0,15,3,4,1,3
1588588209,"2020-05-04 10:30:09",0,183,3,2,0,15,3,4,1,3
1588588269,"2020-05-04 10:31:09",0,185,71.72272,5.612273,0,15,86,11,1,3
1588588329,"2020-05-04 10:32:09",0,182,30.095427,2.227211,0,15,30,4,1,3
1588588389,"2020-05-04 10:33:09",0,187,26.155449,2.165165,0,15,26,4,1,3
1588588449,"2020-05-04 10:34:09",0,180,24.043793,2,0,14,24,4,1,3
1588588509,"2020-05-04 10:35:09",0,183,15.369353,2,0,15,15,4,1,3
1588588569,"2020-05-04 10:36:09",0,184,7.5690017,2,0,15,8,4,1,3
1588588629,"2020-05-04 10:37:09",0,186,33.231865,2.8321571,0,15,33,6,1,3
1588588689,"2020-05-04 10:38:09",0,188,3,2,0,15,3,4,1,3
1588588749,"2020-05-04 10:39:09",0,185,57.91018,3.9980679,0,15,63,8,1,3
1588588809,"2020-05-04 10:40:09",0,185,3,2,0,15,3,4,1,3
1588588869,"2020-05-04 10:41:09",0,185,15.487332,2,0,15,15,4,1,3
1588588929,"2020-05-04 10:42:09",0,185,20.274544,2,0,15,20,4,1,3
1588588989,"2020-05-04 10:43:09",0,186,7.3847184,2,0,15,7,4,1,3
1588589049,"2020-05-04 10:44:09",1,189,11.477127,2,1,15,11,4,1,3
1588589109,"2020-05-04 10:45:09",0,187,11.174065,2,0,15,11,4,1,3
1588589169,"2020-05-04 10:46:09",0,188,3,2,0,15,3,4,1,3
1588589229,"2020-05-04 10:47:09",0,192,4.1289167,2,0,15,4,4,1,3
1588589289,"2020-05-04 10:48:09",1,190,3,2,1,15,3,4,1,3
1588589349,"2020-05-04 10:49:09",0,192,49.809677,3.7694187,0,15,50,8,1,3
1588589469,"2020-05-04 10:51:09",0,185,88.09074,6.7045565,0,15,105,13,1,3
1588589529,"2020-05-04 10:52:09",0,191,7.68204,2,0,15,8,4,1,3
1588589589,"2020-05-04 10:53:09",0,194,5.4315186,2,0,16,5,4,1,3
1588589649,"2020-05-04 10:54:09",0,0,33.566288,2,0,0,34,4,1,3
1588589709,"2020-05-04 10:55:09",0,188,51.837685,3.5133438,0,15,53,7,1,3
1588589769,"2020-05-04 10:56:09",0,193,44.311317,2.5471363,0,15,44,5,1,3
1588589829,"2020-05-04 10:57:09",0,189,59.34672,5.561906,0,15,66,11,1,3
1588589889,"2020-05-04 10:58:09",1,198,42.335457,2.2883759,1,16,42,5,1,3
1588589949,"2020-05-04 10:59:09",0,193,64.72911,4.4916315,0,15,75,9,1,3
1588590009,"2020-05-04 11:00:09",0,196,55.963604,3.701869,0,16,60,7,1,3
1588590069,"2020-05-04 11:01:09",0,190,3,2,0,15,3,4,1,3
1588590129,"2020-05-04 11:02:09",0,190,45.364815,2.709734,0,15,45,5,1,3
1588590189,"2020-05-04 11:03:09",0,190,52.98436,4.0445166,0,15,55,8,1,3
1588590249,"2020-05-04 11:04:09",0,192,44.01279,3.8038168,0,15,44,8,1,3
1588590309,"2020-05-04 11:05:09",0,189,55.75353,6.7330923,0,15,60,13,1,3
1588590369,"2020-05-04 11:06:09",0,195,5.299169,2,0,16,5,4,1,3
1588590429,"2020-05-04 11:07:09",0,188,35.093185,2,0,15,35,4,1,3
1588590489,"2020-05-04 11:08:09",0,190,65.40721,6.1056385,0,15,76,12,2,4
1588590549,"2020-05-04 11:09:09",0,178,106.13377,5.8789473,0,14,116,12,1,3
1588590609,"2020-05-04 11:10:09",0,188,30.617584,2,0,15,31,4,1,3
1588590669,"2020-05-04 11:11:09",0,187,81.89885,4.137617,0,15,101,8,1,3
1588590729,"2020-05-04 11:12:09",0,189,3,2,0,15,3,4,1,3
1588590789,"2020-05-04 11:13:09",0,190,84.391785,6.013215,0,15,103,12,1,3
1588590849,"2020-05-04 11:14:09",0,187,73.41588,3.4577742,0,15,89,7,1,3
1588590909,"2020-05-04 11:15:09",0,196,37.222134,2,0,16,37,4,1,3
1588590969,"2020-05-04 11:16:09",0,191,9.760414,2,0,15,10,4,1,3
1588591029,"2020-05-04 11:17:09",0,191,64.01999,3.5042791,0,15,73,7,1,3
1588591089,"2020-05-04 11:18:09",0,189,3,2,0,15,3,4,1,3
1588591149,"2020-05-04 11:19:09",0,190,6.335354,2,0,15,6,4,1,3
1588591209,"2020-05-04 11:20:09",0,189,4.070393,2,0,15,4,4,1,3
1588591269,"2020-05-04 11:21:09",0,186,39.99438,2,0,15,40,4,1,3
1588591329,"2020-05-04 11:22:09",0,183,29.44577,2,0,15,29,4,1,3
1588591389,"2020-05-04 11:23:09",0,188,56.66291,4.495841,0,15,61,9,1,3
1588591449,"2020-05-04 11:24:09",2,187,3,2,2,15,3,4,1,3
1588591509,"2020-05-04 11:25:09",0,185,17.897552,2,0,15,18,4,1,3
1588591569,"2020-05-04 11:26:09",0,180,3,2,0,14,3,4,1,3
1588591629,"2020-05-04 11:27:09",1,183,14.911258,2,1,15,15,4,1,3
1588591689,"2020-05-04 11:28:09",0,182,3,2,0,15,3,4,1,3
1588591749,"2020-05-04 11:29:09",2,183,3,2,2,15,3,4,1,3
1588591809,"2020-05-04 11:30:09",0,184,42.567524,3.842843,0,15,43,8,1,3
1588591869,"2020-05-04 11:31:09",0,183,35.526142,2,0,15,36,4,1,3
1588591929,"2020-05-04 11:32:09",0,185,37.18853,3.7934437,0,15,37,8,1,3
1588591989,"2020-05-04 11:33:09",0,188,74.97026,5.774047,0,15,92,12,1,3
1588592049,"2020-05-04 11:34:09",0,185,19.958252,2,0,15,20,4,1,3
1588592109,"2020-05-04 11:35:09",0,184,45.046852,2,0,15,45,4,1,3
1588592169,"2020-05-04 11:36:09",0,176,35.401234,2,0,14,35,4,1,3
1588592229,"2020-05-04 11:37:09",0,183,14.560875,2,0,15,15,4,1,3
1588592289,"2020-05-04 11:38:09",0,181,58.980423,2.4381447,0,14,65,5,1,3
1588592349,"2020-05-04 11:39:09",0,174,30.726229,2,0,14,31,4,1,3
1588592409,"2020-05-04 11:40:09",0,174,29.504597,2,0,14,30,4,1,3
1588592469,"2020-05-04 11:41:09",0,176,3,2,0,14,3,4,1,3
1588592529,"2020-05-04 11:42:09",0,178,36.241814,2.319705,0,14,36,5,1,3
1588592589,"2020-05-04 11:43:09",0,181,82.12517,5.349847,0,14,101,11,1,3
1588592649,"2020-05-04 11:44:09",0,181,24.422203,2,0,14,24,4,1,3
1588592709,"2020-05-04 11:45:09",0,177,16.847103,2,0,14,17,4,1,3
1588592769,"2020-05-04 11:46:09",0,182,30.332088,2,0,15,30,4,1,3
1588592829,"2020-05-04 11:47:09",0,184,18.681822,2,0,15,19,4,1,3
1588592889,"2020-05-04 11:48:09",0,181,116.75727,11.103899,0,14,123,22,2,5
1588592949,"2020-05-04 11:49:09",0,177,53.775627,3.6243048,0,14,56,7,1,3
1588593009,"2020-05-04 11:50:09",0,175,7.3834157,2,0,14,7,4,1,3
1588593069,"2020-05-04 11:51:09",0,172,111.87532,8.652475,0,14,120,17,1,3
1588593129,"2020-05-04 11:52:09",0,169,70.3478,3.6660967,0,14,84,7,1,3
1588593189,"2020-05-04 11:53:09",0,167,93.599464,6.1633883,0,13,108,12,1,3
1588593249,"2020-05-04 11:54:09",0,169,33.79472,2,0,14,34,4,1,3
1588593309,"2020-05-04 11:55:09",0,172,107.77048,6.8095436,0,14,117,14,1,3
1588593369,"2020-05-04 11:56:09",0,172,70.777596,3.8520727,0,14,85,8,1,3
1588593429,"2020-05-04 11:57:09",0,169,7.2936535,2,0,14,7,4,1,3
1588593489,"2020-05-04 11:58:09",0,171,3,2,0,14,3,4,1,3
1588593549,"2020-05-04 11:59:09",0,171,13.545512,2,0,14,14,4,1,3
1588593609,"2020-05-04 12:00:09",0,171,67.35402,3.7821007,0,14,79,8,1,3
1588593669,"2020-05-04 12:01:09",0,171,70.496956,5.967516,0,14,84,12,1,3
1588593729,"2020-05-04 12:02:09",0,166,102.226395,7.4643507,0,13,114,15,1,3
1588593789,"2020-05-04 12:03:09",0,163,64.35188,5.053506,0,13,74,10,1,3
1588593849,"2020-05-04 12:04:09",0,168,10.094847,2,0,13,10,4,1,3
1588593909,"2020-05-04 12:05:09",0,173,17.221846,2,0,14,17,4,1,3
1588593969,"2020-05-04 12:06:09",0,176,21.305586,2,0,14,21,4,1,3
1588594029,"2020-05-04 12:07:09",0,171,32.235405,2.0971575,0,14,32,4,1,3
1588594089,"2020-05-04 12:08:09",0,177,35.13454,2,0,14,35,4,1,3
1588594149,"2020-05-04 12:09:09",0,169,42.91194,2,0,14,43,4,1,3
1588594209,"2020-05-04 12:10:09",0,170,73.05179,5.291032,0,14,88,11,1,3
1588594269,"2020-05-04 12:11:09",1,169,45.84616,3.8723192,1,14,46,8,1,3
1588594329,"2020-05-04 12:12:09",1,164,21.222755,2.6605883,1,13,21,5,1,3
1588594390,"2020-05-04 12:13:10",0,164,51.578888,3.6665592,0,13,53,7,1,3
1588594450,"2020-05-04 12:14:10",2,165,26.812891,2,2,13,27,4,1,3
1588594510,"2020-05-04 12:15:10",2,162,25.45441,2,1,13,25,4,1,3
1588594570,"2020-05-04 12:16:10",2,166,19.486088,2,2,13,19,4,1,3
1588594630,"2020-05-04 12:17:10",2,168,7.1137824,2,2,13,7,4,1,3
1588594690,"2020-05-04 12:18:10",2,167,20.993479,2,1,13,21,4,1,3
1588594750,"2020-05-04 12:19:10",2,166,58.138657,4.0100107,1,13,64,8,1,3
1588594810,"2020-05-04 12:20:10",2,168,56.91103,4.522769,1,13,62,9,1,3
1588594870,"2020-05-04 12:21:10",2,167,47.50589,4.3423824,1,13,48,9,1,3
1588594930,"2020-05-04 12:22:10",2,164,40.43741,4.54342,2,13,40,9,1,3
1588594990,"2020-05-04 12:23:10",0,170,3,2,0,14,3,4,1,3
1588595050,"2020-05-04 12:24:10",0,166,4.33934,2,0,13,4,4,1,3
1588595110,"2020-05-04 12:25:10",2,166,10.753332,2,2,13,11,4,1,3
1588595170,"2020-05-04 12:26:10",1,167,3,2,1,13,3,4,1,3
1588595230,"2020-05-04 12:27:10",2,167,31.288523,2.5170326,1,13,31,5,1,3
1588595290,"2020-05-04 12:28:10",0,168,44.799675,2,0,13,45,4,1,3
1588595350,"2020-05-04 12:29:10",0,171,3.4746358,2,0,14,3,4,1,3
1588595410,"2020-05-04 12:30:10",0,170,19.868279,3.302724,0,14,20,7,1,3
1588595470,"2020-05-04 12:31:10",0,171,3,2,0,14,3,4,1,3
1588595530,"2020-05-04 12:32:10",1,167,3,2,1,13,3,4,1,3
1588595590,"2020-05-04 12:33:10",0,166,3,2,0,13,3,4,1,3
1588595650,"2020-05-04 12:34:10",1,175,18.301687,2,1,14,18,4,1,3
1588595710,"2020-05-04 12:35:10",0,175,14.664875,2,0,14,15,4,1,3
1588595770,"2020-05-04 12:36:10",0,177,3,2,0,14,3,4,1,3
1588595830,"2020-05-04 12:37:10",0,180,22.498026,2,0,14,22,4,1,3
1588595890,"2020-05-04 12:38:10",0,180,9.2971,2,0,14,9,4,1,3
1588595950,"2020-05-04 12:39:10",0,184,9.369535,2,0,15,9,4,1,3
1588596010,"2020-05-04 12:40:10",0,183,19.419407,2,0,15,19,4,1,3
1588596070,"2020-05-04 12:41:10",0,184,3,2,0,15,3,4,1,3
1588596130,"2020-05-04 12:42:10",0,188,51.97473,3.934452,0,15,53,8,1,3
1588596190,"2020-05-04 12:43:10",0,186,3.6005147,2,0,15,4,4,1,3
1588596250,"2020-05-04 12:44:10",0,186,3,2,0,15,3,4,1,3
1588596310,"2020-05-04 12:45:10",0,194,23.78034,3.0383358,0,16,24,6,1,3
1588596370,"2020-05-04 12:46:10",0,188,3,2,0,15,3,4,1,3
1588596430,"2020-05-04 12:47:10",0,191,6.557874,2,0,15,7,4,1,3
1588596490,"2020-05-04 12:48:10",0,188,3,2,0,15,3,4,1,3
1588596550,"2020-05-04 12:49:10",0,190,3.4235895,2,0,15,3,4,1,3
1588596610,"2020-05-04 12:50:10",0,190,38.318775,2.2357836,0,15,38,4,1,3
1588596670,"2020-05-04 12:51:10",1,193,24.37229,2,1,15,24,4,1,3
1588596730,"2020-05-04 12:52:10",0,189,3,2,0,15,3,4,1,3
1588596790,"2020-05-04 12:53:10",0,189,23.538504,2,0,15,24,4,1,3
1588596850,"2020-05-04 12:54:10",1,183,81.06421,5.373006,1,15,101,11,1,3
1588596910,"2020-05-04 12:55:10",2,185,3,2,1,15,3,4,1,3
1588596970,"2020-05-04 12:56:10",2,180,7.3169675,2,1,14,7,4,1,3
1588597030,"2020-05-04 12:57:10",2,182,18.31371,2,1,15,18,4,1,3
1588597090,"2020-05-04 12:58:10",3,183,3,2,3,15,3,4,1,3
1588597150,"2020-05-04 12:59:10",2,185,20.982874,2,1,15,21,4,1,3
1588597210,"2020-05-04 13:00:10",2,186,3,2,1,15,3,4,1,3
1588597270,"2020-05-04 13:01:10",0,186,21.892582,2,0,15,22,4,1,3
1588597330,"2020-05-04 13:02:10",2,184,3,2,2,15,3,4,1,3
1588597390,"2020-05-04 13:03:10",2,188,84.249626,6.508112,2,15,103,13,1,3
1588597450,"2020-05-04 13:04:10",2,189,52.489822,3.9033127,2,15,54,8,1,3
1588597510,"2020-05-04 13:05:10",1,185,27.421478,2.361186,1,15,27,5,1,3
1588597570,"2020-05-04 13:06:10",0,186,3,2,0,15,3,4,1,3
1588597630,"2020-05-04 13:07:10",1,185,3,2,1,15,3,4,1,3
1588597690,"2020-05-04 13:08:10",2,185,3,2,2,15,3,4,1,3
1588597750,"2020-05-04 13:09:10",2,186,9.648289,2,1,15,10,4,1,3
1588597810,"2020-05-04 13:10:10",2,190,3,2,2,15,3,4,1,3
1588597930,"2020-05-04 13:12:10",3,183,3,2,3,15,3,4,1,3
1588597990,"2020-05-04 13:13:10",2,183,40.227535,2.9413223,2,15,40,6,1,3
1588598050,"2020-05-04 13:14:10",3,182,4.16171,2,3,15,4,4,1,3
1588598110,"2020-05-04 13:15:10",2,186,3,2,2,15,3,4,1,3
1588598170,"2020-05-04 13:16:10",2,0,69.08437,6.451188,1,0,82,13,1,3
1588598230,"2020-05-04 13:17:10",2,184,6.51547,2,2,15,7,4,1,3
1588598290,"2020-05-04 13:18:10",2,185,3,2,1,15,3,4,1,3
1588598350,"2020-05-04 13:19:10",4,184,29.275253,2,4,15,29,4,1,3
1588598410,"2020-05-04 13:20:10",0,181,3,2,0,14,3,4,1,3
1588598470,"2020-05-04 13:21:10",0,188,3,2,0,15,3,4,1,3
1588598530,"2020-05-04 13:22:10",1,190,3,2,1,15,3,4,1,3
1588598590,"2020-05-04 13:23:10",0,189,6.061302,2,0,15,6,4,1,3
1588598650,"2020-05-04 13:24:10",0,192,24.639732,2,0,15,25,4,1,3
1588598710,"2020-05-04 13:25:10",1,187,17.981342,2,1,15,18,4,1,3
1588598770,"2020-05-04 13:26:10",0,190,3,2,0,15,3,4,1,3
1588598830,"2020-05-04 13:27:10",0,188,12.329645,2,0,15,12,4,1,3
1588598890,"2020-05-04 13:28:10",0,185,38.473118,4.2932043,0,15,38,9,1,3
1588598950,"2020-05-04 13:29:10",0,189,12.994727,2,0,15,13,4,1,3
1588599010,"2020-05-04 13:30:10",0,185,3,2,0,15,3,4,1,3
1588599070,"2020-05-04 13:31:10",0,184,3,2,0,15,3,4,1,3
1588599130,"2020-05-04 13:32:10",1,187,69.45928,5.471713,1,15,82,11,1,3
1588599190,"2020-05-04 13:33:10",1,185,3,2,1,15,3,4,1,3
1588599250,"2020-05-04 13:34:10",0,184,3,2,0,15,3,4,1,3
1588599310,"2020-05-04 13:35:10",1,185,3,2,1,15,3,4,1,3
1588599370,"2020-05-04 13:36:10",0,185,3,2,0,15,3,4,1,3
1588599430,"2020-05-04 13:37:10",1,188,3,2,1,15,3,4,1,3
1588599490,"2020-05-04 13:38:10",0,189,12.149353,2,0,15,12,4,1,3
1588599550,"2020-05-04 13:39:10",0,190,3,2,0,15,3,4,1,3
1588599610,"2020-05-04 13:40:10",0,186,3,2,0,15,3,4,1,3
1588599670,"2020-05-04 13:41:10",0,187,3,2,0,15,3,4,1,3
1588599730,"2020-05-04 13:42:10",0,191,4.5167623,2,0,15,5,4,1,3
1588599790,"2020-05-04 13:43:10",1,186,3,2,1,15,3,4,1,3
1588599850,"2020-05-04 13:44:10",0,185,3,2,0,15,3,4,1,3
1588599910,"2020-05-04 13:45:10",0,188,7.5745783,2,0,15,8,4,1,3
1588599970,"2020-05-04 13:46:10",0,185,3,2,0,15,3,4,1,3
1588600030,"2020-05-04 13:47:10",0,191,16.842316,2.4774513,0,15,17,5,1,3
1588600090,"2020-05-04 13:48:10",0,188,23.814518,2.0947332,0,15,24,4,1,3
1588600150,"2020-05-04 13:49:10",1,187,3,2,1,15,3,4,1,3
1588600210,"2020-05-04 13:50:10",0,191,4.3985124,2,0,15,4,4,1,3
1588600270,"2020-05-04 13:51:10",0,187,3,2,0,15,3,4,1,3
1588600330,"2020-05-04 13:52:10",0,190,3,2,0,15,3,4,1,3
1588600390,"2020-05-04 13:53:10",0,187,24.307373,2.4802904,0,15,24,5,1,3
1588600450,"2020-05-04 13:54:10",0,189,26.133299,2.7053375,0,15,26,5,1,3
1588600510,"2020-05-04 13:55:10",0,190,12.045309,2,0,15,12,4,1,3
1588600570,"2020-05-04 13:56:10",0,194,3,2,0,16,3,4,1,3
1588600630,"2020-05-04 13:57:10",0,189,3.4694054,2,0,15,3,4,1,3
1588600690,"2020-05-04 13:58:10",0,190,3,2,0,15,3,4,1,3
1588600750,"2020-05-04 13:59:10",0,193,3,2,0,15,3,4,1,3
1588600810,"2020-05-04 14:00:10",0,189,3,2,0,15,3,4,1,3
1588600870,"2020-05-04 14:01:10",1,192,27.870817,2,1,15,28,4,1,3
1588600930,"2020-05-04 14:02:10",0,196,22.930233,2,0,16,23,4,1,3
1588600990,"2020-05-04 14:03:10",0,193,3,2,0,15,3,4,1,3
1588601050,"2020-05-04 14:04:10",0,196,15.039194,2,0,16,15,4,1,3
1588601110,"2020-05-04 14:05:10",0,196,7.765949,2,0,16,8,4,1,3
1588601170,"2020-05-04 14:06:10",0,196,25.933174,2.1357975,0,16,26,4,1,3
1588601230,"2020-05-04 14:07:10",0,201,3,2,0,16,3,4,1,3
1588601290,"2020-05-04 14:08:10",0,201,3,2,0,16,3,4,1,3
1588601350,"2020-05-04 14:09:10",0,202,3,2,0,16,3,4,1,3
1588601410,"2020-05-04 14:10:10",0,201,3,2,0,16,3,4,1,3
1588601470,"2020-05-04 14:11:10",0,198,18.715294,2,0,16,19,4,1,3
1588601530,"2020-05-04 14:12:10",0,202,3,2,0,16,3,4,1,3
1588601590,"2020-05-04 14:13:10",0,203,25.267477,2,0,16,25,4,1,3
1588601650,"2020-05-04 14:14:10",0,203,3,2,0,16,3,4,1,3
1588601710,"2020-05-04 14:15:10",0,205,3,2,0,16,3,4,1,3
1588601770,"2020-05-04 14:16:10",0,206,8.416453,2,0,16,8,4,1,3
1588601830,"2020-05-04 14:17:10",0,199,3,2,0,16,3,4,1,3
1588601890,"2020-05-04 14:18:10",0,195,3,2,0,16,3,4,1,3
1588601950,"2020-05-04 14:19:10",0,195,3,2,0,16,3,4,1,3
1588602010,"2020-05-04 14:20:10",0,195,3,2,0,16,3,4,1,3
1588602070,"2020-05-04 14:21:10",0,192,3,2,0,15,3,4,1,3
1588602130,"2020-05-04 14:22:10",0,194,3,2,0,16,3,4,1,3
1588602190,"2020-05-04 14:23:10",0,192,14.78689,2.0417442,0,15,15,4,1,3
1588602250,"2020-05-04 14:24:10",0,191,20.122606,2,0,15,20,4,1,3
1588602310,"2020-05-04 14:25:10",0,195,3,2,0,16,3,4,1,3
1588602370,"2020-05-04 14:26:10",0,195,13.438208,2,0,16,13,4,1,3
1588602430,"2020-05-04 14:27:10",0,197,3,2,0,16,3,4,1,3
1588602490,"2020-05-04 14:28:10",0,198,8.499563,2,0,16,8,4,1,3
1588602550,"2020-05-04 14:29:10",0,197,3,2,0,16,3,4,1,3
1588602610,"2020-05-04 14:30:10",0,199,20.047174,3.3669014,0,16,20,7,1,3
1588602670,"2020-05-04 14:31:10",0,201,3,2,0,16,3,4,1,3
1588602730,"2020-05-04 14:32:10",0,198,4.655047,2,0,16,5,4,1,3
1588602790,"2020-05-04 14:33:10",0,202,23.459272,2.8515625,0,16,23,6,1,3
1588602850,"2020-05-04 14:34:10",0,202,3,2,0,16,3,4,1,3
1588602910,"2020-05-04 14:35:10",0,202,3,2,0,16,3,4,1,3
1588602970,"2020-05-04 14:36:10",0,206,3,2,0,16,3,4,1,3
1588603030,"2020-05-04 14:37:10",0,201,3,2,0,16,3,4,1,3
1588603090,"2020-05-04 14:38:10",0,200,7.1167536,2,0,16,7,4,1,3
1588603150,"2020-05-04 14:39:10",0,198,5.4884815,2,0,16,5,4,1,3
1588603210,"2020-05-04 14:40:10",0,198,3,2,0,16,3,4,1,3
1588603270,"2020-05-04 14:41:10",0,198,3,2,0,16,3,4,1,3
1588603330,"2020-05-04 14:42:10",2,197,3.9022608,2,2,16,4,4,1,3
1588603390,"2020-05-04 14:43:10",1,197,3,2,0,16,3,4,1,3
1588603450,"2020-05-04 14:44:10",1,195,3.6035485,2,0,16,4,4,1,3
1588603510,"2020-05-04 14:45:10",1,199,3,2,1,16,3,4,1,3
1588603570,"2020-05-04 14:46:10",0,198,3,2,0,16,3,4,1,3
1588603630,"2020-05-04 14:47:10",1,193,3,2,1,15,3,4,1,3
1588603690,"2020-05-04 14:48:10",2,193,9.404896,2,2,15,9,4,1,3
1588603750,"2020-05-04 14:49:10",3,192,10.254494,2,3,15,10,4,1,3
1588603810,"2020-05-04 14:50:10",3,193,3,2,3,15,3,4,1,3
1588603870,"2020-05-04 14:51:10",4,191,3,2,4,15,3,4,1,3
1588603930,"2020-05-04 14:52:10",3,195,3,2,3,16,3,4,1,3
1588603990,"2020-05-04 14:53:10",3,192,3,2,3,15,3,4,1,3
1588604050,"2020-05-04 14:54:10",4,190,3,2,4,15,3,4,1,3
1588604110,"2020-05-04 14:55:10",3,192,12.619333,2.5527496,3,15,13,5,1,3
1588604170,"2020-05-04 14:56:10",2,193,3,2,2,15,3,4,1,3
1588604230,"2020-05-04 14:57:10",3,194,3,2,3,16,3,4,1,3
1588604290,"2020-05-04 14:58:10",3,194,3,2,3,16,3,4,1,3
1588604350,"2020-05-04 14:59:10",3,189,3,2,3,15,3,4,1,3
1588604410,"2020-05-04 15:00:10",2,191,3,2,2,15,3,4,1,3
1588604470,"2020-05-04 15:01:10",4,189,40.482323,3.8272333,4,15,40,8,1,3
1588604530,"2020-05-04 15:02:10",5,185,3,2,5,15,3,4,1,3
1588604590,"2020-05-04 15:03:10",4,188,10.096357,2.3515272,4,15,10,5,1,3
1588604650,"2020-05-04 15:04:10",4,182,3.5731,2.5731,4,15,4,5,1,3
1588604710,"2020-05-04 15:05:10",6,184,3.1174154,2.1174154,5,15,3,4,1,3
1588604770,"2020-05-04 15:06:10",6,188,3,2,5,15,3,4,1,3
1588604830,"2020-05-04 15:07:10",8,190,3,2,7,15,3,4,1,3
1588604890,"2020-05-04 15:08:10",8,188,3,2,7,15,3,4,1,3
1588604950,"2020-05-04 15:09:10",5,187,13.217531,2,5,15,13,4,1,3
1588605010,"2020-05-04 15:10:10",5,192,3,2,5,15,3,4,1,3
1588605070,"2020-05-04 15:11:10",5,187,3,2,5,15,3,4,1,3
1588605130,"2020-05-04 15:12:10",6,190,46.07878,4.1310854,5,15,46,8,1,3
1588605190,"2020-05-04 15:13:10",4,188,9.43113,2,4,15,9,4,1,3
1588605250,"2020-05-04 15:14:10",4,188,24.753902,4.3169003,4,15,25,9,1,3
1588605310,"2020-05-04 15:15:10",5,192,4.6635695,2,5,15,5,4,1,3
1588605370,"2020-05-04 15:16:10",5,191,3,2,5,15,3,4,1,3
1588605430,"2020-05-04 15:17:10",4,196,7.1072745,2,4,16,7,4,1,3
1588605490,"2020-05-04 15:18:10",4,193,5.329423,2.1690922,4,15,5,4,1,3
1588605550,"2020-05-04 15:19:10",3,194,33.449913,4.3449354,3,16,33,9,1,3
1588605610,"2020-05-04 15:20:10",5,195,9.699202,2.9184303,5,16,10,6,1,3
1588605670,"2020-05-04 15:21:10",3,192,11.69555,2,3,15,12,4,1,3
1588605730,"2020-05-04 15:22:10",4,188,19.704552,3.3267603,4,15,20,7,1,3
1588605790,"2020-05-04 15:23:10",4,189,3,2,4,15,3,4,1,3
1588605850,"2020-05-04 15:24:10",5,190,3,2,5,15,3,4,1,3
1588605910,"2020-05-04 15:25:10",6,186,14.550256,2.4875078,5,15,15,5,1,3
1588605970,"2020-05-04 15:26:10",7,189,3,2,6,15,3,4,1,3
1588606030,"2020-05-04 15:27:10",7,186,3,2,6,15,3,4,1,3
1588606090,"2020-05-04 15:28:10",6,189,8.824207,2.1852016,5,15,9,4,1,3
1588606150,"2020-05-04 15:29:10",6,183,11.75802,2,5,15,12,4,1,3
1588606210,"2020-05-04 15:30:10",7,185,3.8508825,2.0820408,7,15,4,4,1,3
1588606270,"2020-05-04 15:31:10",5,189,3,2,5,15,3,4,1,3
1588606330,"2020-05-04 15:32:10",7,182,3,2,6,15,3,4,1,3
1588606450,"2020-05-04 15:34:10",7,185,3,2,6,15,3,4,1,3
1588606510,"2020-05-04 15:35:10",7,186,6.722633,2,7,15,7,4,1,3
1588606570,"2020-05-04 15:36:10",7,181,3,2,6,14,3,4,1,3
1588606630,"2020-05-04 15:37:10",8,180,3,2,8,14,3,4,1,3
1588606690,"2020-05-04 15:38:10",8,0,39.593964,5.4087334,8,0,40,11,1,3
1588606750,"2020-05-04 15:39:10",8,185,3,2,8,15,3,4,1,3
1588606810,"2020-05-04 15:40:10",8,186,3,2,7,15,3,4,1,3
1588606870,"2020-05-04 15:41:10",0,186,3,2,0,15,3,4,1,3
1588606930,"2020-05-04 15:42:10",9,176,3,2,9,14,3,4,1,3
1588606990,"2020-05-04 15:43:10",10,178,7.9251556,2,10,14,8,4,1,3
1588607050,"2020-05-04 15:44:10",9,178,10.999517,3.8823633,9,14,11,8,2,4
1588607110,"2020-05-04 15:45:10",11,181,3,2,10,14,3,4,1,3
1588607170,"2020-05-04 15:46:10",12,177,3,2,11,14,3,4,1,3
1588607230,"2020-05-04 15:47:10",11,177,3,2,10,14,3,4,1,3
1588607290,"2020-05-04 15:48:10",10,182,17.87709,2,10,15,18,4,1,3
1588607350,"2020-05-04 15:49:10",9,176,3,2,9,14,3,4,1,3
1588607410,"2020-05-04 15:50:10",11,179,16.18823,2.0391836,10,14,16,4,1,3
1588607470,"2020-05-04 15:51:10",0,181,12.522627,2,0,14,13,4,1,3
1588607530,"2020-05-04 15:52:10",12,181,3,2,11,14,3,4,1,3
1588607590,"2020-05-04 15:53:10",10,182,13.55545,2,10,15,14,4,1,3
1588607650,"2020-05-04 15:54:10",10,180,3,2,10,14,3,4,1,3
1588607710,"2020-05-04 15:55:10",10,175,3,2,10,14,3,4,1,3
1588607770,"2020-05-04 15:56:10",12,170,20.143919,2,11,14,20,4,1,3
1588607830,"2020-05-04 15:57:10",10,170,3,2,10,14,3,4,1,3
1588607890,"2020-05-04 15:58:10",13,173,3,2,12,14,3,4,1,3
1588607950,"2020-05-04 15:59:10",12,175,3,2,11,14,3,4,1,3
1588608010,"2020-05-04 16:00:10",11,174,9.237463,2,10,14,9,4,1,3
1588608070,"2020-05-04 16:01:10",11,175,3,2,10,14,3,4,1,3
1588608130,"2020-05-04 16:02:10",13,178,3,2,12,14,3,4,1,3
1588608190,"2020-05-04 16:03:10",11,176,3,2,10,14,3,4,1,3
1588608250,"2020-05-04 16:04:10",11,176,3,2,10,14,3,4,1,3
1588608310,"2020-05-04 16:05:10",10,177,3,2,10,14,3,4,1,3
1588608370,"2020-05-04 16:06:10",10,177,3,2,10,14,3,4,1,3
1588608430,"2020-05-04 16:07:10",9,178,3,2,9,14,3,4,1,3
1588608490,"2020-05-04 16:08:10",9,179,3,2,9,14,3,4,1,3
1588608550,"2020-05-04 16:09:10",9,177,36.23887,3.641963,9,14,36,7,1,3
1588608610,"2020-05-04 16:10:10",9,176,3,2,9,14,3,4,1,3
1588608670,"2020-05-04 16:11:10",10,177,3,2,10,14,3,4,1,3
1588608730,"2020-05-04 16:12:10",8,176,23.194805,2,8,14,23,4,1,3
1588608790,"2020-05-04 16:13:10",8,177,19.492554,2.705882,7,14,19,5,1,3
1588608850,"2020-05-04 16:14:10",11,178,3,2,10,14,3,4,1,3
1588608910,"2020-05-04 16:15:10",10,176,3,2,10,14,3,4,1,3
1588608970,"2020-05-04 16:16:10",12,176,3,2,11,14,3,4,1,3
1588609030,"2020-05-04 16:17:10",10,176,3,2,10,14,3,4,1,3
1588609090,"2020-05-04 16:18:10",11,177,3,2,10,14,3,4,1,3
1588609150,"2020-05-04 16:19:10",9,176,19.086046,2.5868073,9,14,19,5,1,3
1588609210,"2020-05-04 16:20:10",12,168,3,2,11,13,3,4,1,3
1588609270,"2020-05-04 16:21:10",11,174,3,2,10,14,3,4,1,3
1588609330,"2020-05-04 16:22:10",12,169,3,2,11,14,3,4,1,3
1588609390,"2020-05-04 16:23:10",11,171,3,2,10,14,3,4,1,3
1588609450,"2020-05-04 16:24:10",11,169,3,2,10,14,3,4,1,3
1588609510,"2020-05-04 16:25:10",12,173,20.193012,3.362399,11,14,20,7,1,3
1588609570,"2020-05-04 16:26:10",13,173,3,2,12,14,3,4,1,3
1588609630,"2020-05-04 16:27:10",12,176,3,2,11,14,3,4,1,3
1588609690,"2020-05-04 16:28:10",13,173,19.540533,2,12,14,20,4,1,3
1588609750,"2020-05-04 16:29:10",12,174,3,2,11,14,3,4,1,3
1588609810,"2020-05-04 16:30:10",12,175,3,2,11,14,3,4,1,3
1588609870,"2020-05-04 16:31:10",10,175,3,2,10,14,3,4,1,3
1588609930,"2020-05-04 16:32:10",11,177,3,2,10,14,3,4,1,3
1588609990,"2020-05-04 16:33:10",10,176,3.8534112,2,10,14,4,4,1,3
1588610050,"2020-05-04 16:34:10",8,181,3,2,8,14,3,4,1,3
1588610110,"2020-05-04 16:35:10",11,177,3,2,10,14,3,4,1,3
1588610170,"2020-05-04 16:36:10",10,176,5.825677,2.0605192,10,14,6,4,1,3
1588610230,"2020-05-04 16:37:10",9,179,3,2,9,14,3,4,1,3
1588610290,"2020-05-04 16:38:10",9,175,3,2,9,14,3,4,1,3
1588610350,"2020-05-04 16:39:10",9,173,3.8712554,2,9,14,4,4,1,3
1588610410,"2020-05-04 16:40:10",9,176,3,2,9,14,3,4,1,3
1588610470,"2020-05-04 16:41:10",12,176,3,2,11,14,3,4,1,3
1588610530,"2020-05-04 16:42:10",9,176,3,2,9,14,3,4,1,3
1588610590,"2020-05-04 16:43:10",11,178,6.3959737,2,10,14,6,4,1,3
1588610650,"2020-05-04 16:44:10",8,177,3,2,8,14,3,4,1,3
1588610710,"2020-05-04 16:45:10",8,180,5.0364285,2,7,14,5,4,1,3
1588610770,"2020-05-04 16:46:10",9,178,4.946741,2,9,14,5,4,1,3
1588610830,"2020-05-04 16:47:10",8,176,3,2,7,14,3,4,1,3
1588610890,"2020-05-04 16:48:10",7,179,7.2775526,2,6,14,7,4,1,3
1588610950,"2020-05-04 16:49:10",7,179,3,2,6,14,3,4,1,3
1588611010,"2020-05-04 16:50:10",9,178,3,2,9,14,3,4,1,3
1588611070,"2020-05-04 16:51:10",8,181,3,2,7,14,3,4,1,3
1588611130,"2020-05-04 16:52:10",7,179,3,2,6,14,3,4,1,3
1588611190,"2020-05-04 16:53:10",5,178,3,2,5,14,3,4,1,3
1588611250,"2020-05-04 16:54:10",9,179,6.707023,2,9,14,7,4,1,3
1588611310,"2020-05-04 16:55:10",8,179,31.445292,2.6681118,8,14,31,5,1,3
1588611370,"2020-05-04 16:56:10",8,179,9.893469,2,8,14,10,4,1,3
1588611430,"2020-05-04 16:57:10",6,180,3,2,5,14,3,4,1,3
1588611490,"2020-05-04 16:58:10",6,184,26.732634,4.5461364,5,15,27,9,1,3
1588611550,"2020-05-04 16:59:10",7,184,3,2,7,15,3,4,1,3
1588611610,"2020-05-04 17:00:10",7,182,9.300959,2,6,15,9,4,1,3
1588611670,"2020-05-04 17:01:10",5,186,28.857168,4.1541424,5,15,29,8,1,3
1588611730,"2020-05-04 17:02:10",7,182,3,2,6,15,3,4,1,3
1588611790,"2020-05-04 17:03:10",5,185,3,2,5,15,3,4,1,3
1588611850,"2020-05-04 17:04:10",4,186,3,2,4,15,3,4,1,3
1588611910,"2020-05-04 17:05:10",3,182,3,2,3,15,3,4,1,3
1588611970,"2020-05-04 17:06:10",7,185,3,2,6,15,3,4,1,3
1588612030,"2020-05-04 17:07:10",5,185,3,2,5,15,3,4,1,3
1588612090,"2020-05-04 17:08:10",5,186,16.057547,2.157198,5,15,16,4,1,3
1588612150,"2020-05-04 17:09:10",5,191,3,2,5,15,3,4,1,3
1588612210,"2020-05-04 17:10:10",5,185,3,2,5,15,3,4,1,3
1588612270,"2020-05-04 17:11:10",5,190,3.8139904,2,5,15,4,4,1,3
1588612330,"2020-05-04 17:12:10",3,191,8.661658,2,3,15,9,4,1,3
1588612390,"2020-05-04 17:13:10",4,191,3,2,4,15,3,4,1,3
1588612450,"2020-05-04 17:14:10",4,190,20.039938,2,4,15,20,4,1,3
1588612510,"2020-05-04 17:15:10",5,191,5.6644735,2.4059591,5,15,6,5,1,3
1588612570,"2020-05-04 17:16:10",3,191,3,2,3,15,3,4,1,3
1588612630,"2020-05-04 17:17:10",2,189,5.420163,2,2,15,5,4,1,3
1588612690,"2020-05-04 17:18:10",4,191,3,2,4,15,3,4,1,3
1588612750,"2020-05-04 17:19:10",3,191,3,2,3,15,3,4,1,3
1588612810,"2020-05-04 17:20:10",4,192,3,2,4,15,3,4,1,3
1588612870,"2020-05-04 17:21:10",1,189,11.529728,2,1,15,12,4,1,3
1588612930,"2020-05-04 17:22:10",5,195,3,2,5,16,3,4,1,3
1588612990,"2020-05-04 17:23:10",3,191,29.14569,3.3518028,3,15,29,7,1,3
1588613050,"2020-05-04 17:24:10",6,189,3,2,5,15,3,4,1,3
1588613110,"2020-05-04 17:25:10",5,195,3,2,5,16,3,4,1,3
1588613170,"2020-05-04 17:26:10",4,195,6.7366123,2,4,16,7,4,1,3
1588613230,"2020-05-04 17:27:10",3,192,3,2,3,15,3,4,1,3
1588613290,"2020-05-04 17:28:10",5,195,7.214648,2,5,16,7,4,1,3
1588613350,"2020-05-04 17:29:10",2,189,14.070603,2,2,15,14,4,1,3
1588613410,"2020-05-04 17:30:10",3,193,10.568514,2,3,15,11,4,1,3
1588613470,"2020-05-04 17:31:10",6,193,3.2660317,2,5,15,3,4,1,3
1588613530,"2020-05-04 17:32:10",3,193,3,2,3,15,3,4,1,3
1588613590,"2020-05-04 17:33:10",3,191,3,2,3,15,3,4,1,3
1588613650,"2020-05-04 17:34:10",5,189,3,2,5,15,3,4,1,3
1588613710,"2020-05-04 17:35:10",7,194,3,2,6,16,3,4,1,3
1588613770,"2020-05-04 17:36:10",5,193,3,2,5,15,3,4,1,3
1588613830,"2020-05-04 17:37:10",7,194,59.755844,5.1075706,6,16,66,10,1,3
1588613890,"2020-05-04 17:38:10",5,192,13.215862,2.7591105,5,15,13,6,1,3
1588613950,"2020-05-04 17:39:10",6,193,3,2,5,15,3,4,1,3
1588614010,"2020-05-04 17:40:10",6,189,3,2,5,15,3,4,1,3
1588614070,"2020-05-04 17:41:10",4,193,3,2,4,15,3,4,1,3
1588614130,"2020-05-04 17:42:10",5,194,13.343207,2.3897133,5,16,13,5,1,3
1588614190,"2020-05-04 17:43:10",4,194,6.2898655,2,4,16,6,4,1,3
1588614250,"2020-05-04 17:44:10",5,194,10.431123,2,5,16,10,4,1,3
1588614310,"2020-05-04 17:45:10",5,191,22.156513,3.6129847,5,15,22,7,1,3
1588614370,"2020-05-04 17:46:10",7,194,3,2,6,16,3,4,1,3
1588614430,"2020-05-04 17:47:10",4,195,3,2,4,16,3,4,1,3
1588614490,"2020-05-04 17:48:10",4,196,3,2,4,16,3,4,1,3
1588614550,"2020-05-04 17:49:10",4,193,8.550262,2,4,15,9,4,1,3
1588614610,"2020-05-04 17:50:10",4,196,37.61239,3.7227535,4,16,38,7,1,3
1588614670,"2020-05-04 17:51:10",4,196,3,2,4,16,3,4,1,3
1588614730,"2020-05-04 17:52:10",6,190,3,2,5,15,3,4,1,3
1588614790,"2020-05-04 17:53:10",3,196,3,2,3,16,3,4,1,3
1588614850,"2020-05-04 17:54:10",3,192,12.2497835,2,3,15,12,4,1,3
1588614970,"2020-05-04 17:56:10",1,195,11.192507,2,1,16,11,4,1,3
1588615030,"2020-05-04 17:57:10",3,196,3,2,3,16,3,4,1,3
1588615090,"2020-05-04 17:58:10",3,198,20.494127,2.9670887,3,16,20,6,1,3
1588615150,"2020-05-04 17:59:10",0,197,12.175047,2.0279722,0,16,12,4,1,3
1588615210,"2020-05-04 18:00:10",4,0,3,2,3,0,3,4,1,3
1588615270,"2020-05-04 18:01:10",0,195,25.78264,2.0985413,0,16,26,4,1,3
1588615330,"2020-05-04 18:02:10",0,197,4.222179,2,0,16,4,4,1,3
1588615390,"2020-05-04 18:03:10",0,199,16.404795,2,0,16,16,4,1,3
1588615450,"2020-05-04 18:04:10",1,201,3,2,1,16,3,4,1,3
1588615510,"2020-05-04 18:05:10",1,200,3.3524268,2,1,16,3,4,1,3
1588615570,"2020-05-04 18:06:10",1,198,3,2,1,16,3,4,1,3
1588615630,"2020-05-04 18:07:10",2,201,3,2,2,16,3,4,1,3
1588615690,"2020-05-04 18:08:10",0,200,3,2,0,16,3,4,1,3
1588615750,"2020-05-04 18:09:10",0,201,3,2,0,16,3,4,1,3
1588615810,"2020-05-04 18:10:10",1,206,14.526272,2.2251158,1,16,15,4,1,3
1588615870,"2020-05-04 18:11:10",0,202,29.616478,2.7048311,0,16,30,5,1,3
1588615930,"2020-05-04 18:12:10",3,202,73.52894,6.519252,3,16,89,13,1,3
1588615990,"2020-05-04 18:13:10",2,198,12.564094,2,2,16,13,4,1,3
1588616050,"2020-05-04 18:14:10",0,198,31.506248,3.0670557,0,16,32,6,1,3
1588616110,"2020-05-04 18:15:10",2,199,11.524088,2,2,16,12,4,1,3
1588616171,"2020-05-04 18:16:11",3,202,3,2,3,16,3,4,1,3
1588616231,"2020-05-04 18:17:11",4,201,40.35401,2.5315313,4,16,40,5,1,3
1588616291,"2020-05-04 18:18:11",6,196,6.4399076,2,6,16,6,4,1,3
1588616351,"2020-05-04 18:19:11",8,194,3,2,7,16,3,4,1,3
1588616411,"2020-05-04 18:20:11",9,192,3,2,8,15,3,4,1,3
1588616471,"2020-05-04 18:21:11",11,188,3,2,10,15,3,4,1,3
1588616531,"2020-05-04 18:22:11",12,185,3,2,12,15,3,4,1,3
1588616591,"2020-05-04 18:23:11",13,186,3,2,12,15,3,4,1,3
1588616651,"2020-05-04 18:24:11",14,184,3,2,13,15,3,4,1,3
1588616711,"2020-05-04 18:25:11",13,180,3,2,13,14,3,4,1,3
1588616771,"2020-05-04 18:26:11",13,177,3,2,13,14,3,4,1,3
1588616831,"2020-05-04 18:27:11",16,174,17.359093,2,15,14,17,4,1,3
1588616891,"2020-05-04 18:28:11",15,175,44.643257,2.4202719,14,14,45,5,1,3
1588616951,"2020-05-04 18:29:11",17,176,34.64893,2,16,14,35,4,1,3
1588617011,"2020-05-04 18:30:11",17,171,3,2,16,14,3,4,1,3
1588617071,"2020-05-04 18:31:11",15,172,3,2,14,14,3,4,1,3
1588617131,"2020-05-04 18:32:11",16,170,17.072168,2,15,14,17,4,1,3
1588617191,"2020-05-04 18:33:11",16,170,3,2,15,14,3,4,1,3
1588617251,"2020-05-04 18:34:11",15,168,44.84736,3.993904,14,13,45,8,1,3
1588617311,"2020-05-04 18:35:11",17,170,17.730415,2,16,14,18,4,1,3
1588617371,"2020-05-04 18:36:11",17,166,3,2,16,13,3,4,1,3
1588617431,"2020-05-04 18:37:11",14,165,16.971653,2.1392899,14,13,17,4,1,3
1588617491,"2020-05-04 18:38:11",15,164,3,2,14,13,3,4,1,3
1588617551,"2020-05-04 18:39:11",15,163,27.78086,3.6499329,14,13,28,7,1,3
1588617611,"2020-05-04 18:40:11",15,164,3,2,14,13,3,4,1,3
1588617671,"2020-05-04 18:41:11",15,164,45.639557,3.4934406,14,13,46,7,1,3
1588617731,"2020-05-04 18:42:11",16,164,3,2,15,13,3,4,1,3
1588617791,"2020-05-04 18:43:11",15,164,18.712852,2,14,13,19,4,1,3
1588617851,"2020-05-04 18:44:11",15,163,23.327148,2,14,13,23,4,1,3
1588617911,"2020-05-04 18:45:11",16,163,3,2,15,13,3,4,1,3
1588617971,"2020-05-04 18:46:11",17,164,52.579838,5.553258,16,13,54,11,1,3
1588618031,"2020-05-04 18:47:11",15,166,7.3601775,2,14,13,7,4,1,3
1588618091,"2020-05-04 18:48:11",16,161,35.293938,3.9871607,15,13,35,8,1,3
1588618151,"2020-05-04 18:49:11",17,161,41.204086,3.3072338,16,13,41,7,1,3
1588618211,"2020-05-04 18:50:11",16,161,3,2,15,13,3,4,1,3
1588618271,"2020-05-04 18:51:11",16,161,3,2,15,13,3,4,1,3
1588618331,"2020-05-04 18:52:11",17,156,44.20489,3.8877249,16,12,44,8,1,3
1588618391,"2020-05-04 18:53:11",17,156,3,2,16,12,3,4,1,3
1588618451,"2020-05-04 18:54:11",18,159,13.64656,2,17,13,14,4,1,3
1588618511,"2020-05-04 18:55:11",19,161,53.622414,4.249235,18,13,56,8,1,3
1588618571,"2020-05-04 18:56:11",18,160,13.252298,2.0481176,17,13,13,4,1,3
1588618631,"2020-05-04 18:57:11",17,158,3.776483,2,16,13,4,4,1,3
1588618691,"2020-05-04 18:58:11",17,157,28.222862,2.1833725,16,13,28,4,1,3
1588618751,"2020-05-04 18:59:11",17,157,3,2,16,13,3,4,1,3
1588618811,"2020-05-04 19:00:11",17,166,21.425423,2,16,13,21,4,1,3
1588618871,"2020-05-04 19:01:11",10,259,9.44117,2,10,21,9,4,1,3
1588618931,"2020-05-04 19:02:11",15,195,3.0697267,2,15,16,3,4,1,3
1588618991,"2020-05-04 19:03:11",15,180,18.252888,2,14,14,18,4,1,3
1588619051,"2020-05-04 19:04:11",16,172,3,2,15,14,3,4,1,3
1588619111,"2020-05-04 19:05:11",17,165,11.913922,2,16,13,12,4,1,3
1588619171,"2020-05-04 19:06:11",19,164,3,2,18,13,3,4,1,3
1588619231,"2020-05-04 19:07:11",21,161,74.04931,3.8033552,19,13,90,8,1,3
1588619291,"2020-05-04 19:08:11",21,157,53.081337,4.2425795,19,13,55,8,1,3
1588619351,"2020-05-04 19:09:11",18,157,3,2,17,13,3,4,1,3
1588619411,"2020-05-04 19:10:11",20,156,3,2,19,12,3,4,1,3
1588619471,"2020-05-04 19:11:11",21,157,3,2,20,13,3,4,1,3
1588619531,"2020-05-04 19:12:11",19,157,29.871124,3.2306337,18,13,30,6,1,3
1588619591,"2020-05-04 19:13:11",18,157,40.23768,3.3548431,17,13,40,7,1,3
1588619651,"2020-05-04 19:14:11",22,156,49.925636,4.3229923,21,12,50,9,1,3
1588619711,"2020-05-04 19:15:11",20,150,3,2,19,12,3,4,1,3
1588619771,"2020-05-04 19:16:11",21,153,6.678063,2,20,12,7,4,1,3
1588619831,"2020-05-04 19:17:11",20,153,3,2,19,12,3,4,1,3
1588619891,"2020-05-04 19:18:11",19,152,36.77026,3.6002388,18,12,37,7,1,3
1588619951,"2020-05-04 19:19:11",18,152,5.67194,2,17,12,6,4,1,3
1588620011,"2020-05-04 19:20:11",19,151,33.509644,2.49541,18,12,34,5,1,3
1588620071,"2020-05-04 19:21:11",19,150,3,2,18,12,3,4,1,3
1588620131,"2020-05-04 19:22:11",20,151,73.43671,5.5923986,19,12,89,11,1,3
1588620191,"2020-05-04 19:23:11",19,152,7.28622,2,18,12,7,4,1,3
1588620251,"2020-05-04 19:24:11",18,152,34.5438,2,17,12,35,4,1,3
1588620311,"2020-05-04 19:25:11",18,148,3,2,17,12,3,4,1,3
1588620371,"2020-05-04 19:26:11",18,149,49.35051,5.182804,17,12,49,10,1,3
1588620431,"2020-05-04 19:27:11",18,148,26.472492,2.9531584,17,12,26,6,1,3
1588620491,"2020-05-04 19:28:11",20,152,3,2,19,12,3,4,1,3
1588620551,"2020-05-04 19:29:11",18,150,3.65834,2,17,12,4,4,1,3
1588620611,"2020-05-04 19:30:11",18,153,7.142277,2,17,12,7,4,1,3
1588620671,"2020-05-04 19:31:11",18,151,3,2,17,12,3,4,1,3
1588620731,"2020-05-04 19:32:11",17,150,3,2,16,12,3,4,1,3
1588620791,"2020-05-04 19:33:11",18,151,3,2,17,12,3,4,1,3
1588620851,"2020-05-04 19:34:11",16,153,3,2,15,12,3,4,1,3
1588620911,"2020-05-04 19:35:11",17,153,3,2,16,12,3,4,1,3
1588620971,"2020-05-04 19:36:11",16,151,3,2,15,12,3,4,1,3
1588621031,"2020-05-04 19:37:11",17,152,33.323853,2.2028046,16,12,33,4,1,3
1588621091,"2020-05-04 19:38:11",16,153,25.242344,2.0154448,15,12,25,4,1,3
1588621151,"2020-05-04 19:39:11",15,152,3,2,14,12,3,4,1,3
1588621211,"2020-05-04 19:40:11",15,150,19.634739,2.5429983,14,12,20,5,1,3
1588621271,"2020-05-04 19:41:11",15,151,3,2,14,12,3,4,1,3
1588621331,"2020-05-04 19:42:11",15,154,3,2,14,12,3,4,1,3
1588621391,"2020-05-04 19:43:11",13,154,21.275368,2,12,12,21,4,1,3
1588621451,"2020-05-04 19:44:11",13,152,3,2,12,12,3,4,1,3
1588621511,"2020-05-04 19:45:11",11,153,22.841623,2,11,12,23,4,1,3
1588621571,"2020-05-04 19:46:11",13,154,3,2,12,12,3,4,1,3
1588621631,"2020-05-04 19:47:11",12,155,3,2,11,12,3,4,1,3
1588621691,"2020-05-04 19:48:11",11,157,33.81845,2,11,13,34,4,1,3
1588621751,"2020-05-04 19:49:11",12,156,22.493313,2.0795364,11,12,22,4,1,3
1588621811,"2020-05-04 19:50:11",11,155,13.659552,2,11,12,14,4,1,3
1588621871,"2020-05-04 19:51:11",11,156,3,2,11,12,3,4,1,3
1588621931,"2020-05-04 19:52:11",12,154,3,2,11,12,3,4,1,3
1588621991,"2020-05-04 19:53:11",10,158,3,2,10,13,3,4,1,3
1588622051,"2020-05-04 19:54:11",9,157,3,2,8,13,3,4,1,3
1588622111,"2020-05-04 19:55:11",9,159,24.061222,2.2612743,8,13,24,5,1,3
1588622171,"2020-05-04 19:56:11",8,157,22.088799,2,7,13,22,4,1,3
1588622231,"2020-05-04 19:57:11",8,158,6.683879,2,7,13,7,4,1,3
1588622291,"2020-05-04 19:58:11",9,160,3,2,8,13,3,4,1,3
1588622351,"2020-05-04 19:59:11",7,159,3,2,6,13,3,4,1,3
1588622411,"2020-05-04 20:00:11",9,156,3,2,8,12,3,4,1,3
1588622471,"2020-05-04 20:01:11",9,157,6.270668,2,8,13,6,4,1,3
1588622531,"2020-05-04 20:02:11",8,158,60.77271,5.159173,7,13,68,10,1,3
1588622591,"2020-05-04 20:03:11",9,158,3,2,8,13,3,4,1,3
1588622651,"2020-05-04 20:04:11",8,159,3,2,7,13,3,4,1,3
1588622711,"2020-05-04 20:05:11",9,157,57.645267,4.096835,8,13,63,8,1,3
1588622771,"2020-05-04 20:06:11",8,158,17.030172,2,7,13,17,4,1,3
1588622831,"2020-05-04 20:07:11",8,159,3,2,7,13,3,4,1,3
1588622891,"2020-05-04 20:08:11",8,162,43.631905,3.0532951,7,13,44,6,1,3
1588622951,"2020-05-04 20:09:11",9,159,8.881718,2,8,13,9,4,1,3
1588623011,"2020-05-04 20:10:11",9,156,3,2,9,12,3,4,1,3
1588623071,"2020-05-04 20:11:11",10,158,9.820864,2,10,13,10,4,1,3
1588623131,"2020-05-04 20:12:11",11,160,3,2,11,13,3,4,1,3
1588623191,"2020-05-04 20:13:11",11,157,3,2,11,13,3,4,1,3
1588623251,"2020-05-04 20:14:11",10,157,9.957241,2,10,13,10,4,1,3
1588623311,"2020-05-04 20:15:11",10,156,3,2,10,12,3,4,1,3
1588623371,"2020-05-04 20:16:11",11,156,21.254457,2,11,12,21,4,1,3
1588623491,"2020-05-04 20:18:11",12,156,3,2,11,12,3,4,1,3
1588623551,"2020-05-04 20:19:11",10,156,37.57023,2.8187838,10,12,38,6,1,3
1588623611,"2020-05-04 20:20:11",10,155,7.8820148,2,10,12,8,4,1,3
1588623671,"2020-05-04 20:21:11",0,158,11.847128,2,0,13,12,4,1,3
1588623731,"2020-05-04 20:22:11",9,0,29.598602,2.2738276,9,0,30,5,1,3
1588623791,"2020-05-04 20:23:11",9,153,3,2,8,12,3,4,1,3
1588623851,"2020-05-04 20:24:11",10,158,3,2,10,13,3,4,1,3
1588623911,"2020-05-04 20:25:11",8,156,3,2,7,12,3,4,1,3
1588623971,"2020-05-04 20:26:11",9,157,3,2,8,13,3,4,1,3
1588624031,"2020-05-04 20:27:11",9,159,3,2,8,13,3,4,1,3
1588624091,"2020-05-04 20:28:11",7,156,3,2,6,12,3,4,1,3
1588624151,"2020-05-04 20:29:11",9,160,10.569049,2,8,13,11,4,1,3
1588624211,"2020-05-04 20:30:11",8,158,3,2,7,13,3,4,1,3
1588624271,"2020-05-04 20:31:11",0,156,3,2,0,12,3,4,1,3
1588624331,"2020-05-04 20:32:11",7,160,3,2,6,13,3,4,1,3
1588624391,"2020-05-04 20:33:11",6,159,29.320242,2.743002,6,13,29,5,1,3
1588624451,"2020-05-04 20:34:11",7,159,54.978382,4.806941,6,13,58,10,1,3
1588624511,"2020-05-04 20:35:11",8,159,14.284697,2,7,13,14,4,1,3
1588624571,"2020-05-04 20:36:11",0,160,39.67668,3.4737482,0,13,40,7,1,3
1588624631,"2020-05-04 20:37:11",7,162,3,2,6,13,3,4,1,3
1588624691,"2020-05-04 20:38:11",7,163,3,2,6,13,3,4,1,3
1588624751,"2020-05-04 20:39:11",5,160,3.2320743,2,5,13,3,4,1,3
1588624811,"2020-05-04 20:40:11",5,161,35.879074,3.364977,5,13,36,7,1,3
1588624871,"2020-05-04 20:41:11",5,160,3,2,5,13,3,4,1,3
1588624931,"2020-05-04 20:42:11",2,163,62.443283,4.1682224,2,13,71,8,1,3
1588624991,"2020-05-04 20:43:11",5,162,3.930604,2,5,13,4,4,1,3
1588625051,"2020-05-04 20:44:11",4,161,3,2,4,13,3,4,1,3
1588625111,"2020-05-04 20:45:11",5,162,13.107735,2,5,13,13,4,1,3
1588625171,"2020-05-04 20:46:11",5,161,3,2,5,13,3,4,1,3
1588625231,"2020-05-04 20:47:11",5,162,3.7265255,2,5,13,4,4,1,3
1588625291,"2020-05-04 20:48:11",5,160,43.10179,2.8167505,5,13,43,6,1,3
1588625351,"2020-05-04 20:49:11",4,163,9.916777,2,4,13,10,4,1,3
1588625411,"2020-05-04 20:50:11",3,163,16.638462,2,3,13,17,4,1,3
1588625471,"2020-05-04 20:51:11",5,163,3,2,5,13,3,4,1,3
1588625531,"2020-05-04 20:52:11",3,165,3,2,3,13,3,4,1,3
1588625591,"2020-05-04 20:53:11",4,161,23.248676,2.4958773,4,13,23,5,1,3
1588625651,"2020-05-04 20:54:11",5,165,56.87323,4.50826,5,13,61,9,1,3
1588625711,"2020-05-04 20:55:11",4,162,17.889854,2,4,13,18,4,1,3
1588625771,"2020-05-04 20:56:11",5,163,20.448183,2,5,13,20,4,1,3
1588625831,"2020-05-04 20:57:11",5,162,26.65712,2.6645079,5,13,27,5,1,3
1588625891,"2020-05-04 20:58:11",5,163,15.68297,2,5,13,16,4,1,3
1588625951,"2020-05-04 20:59:11",4,162,13.14567,2,4,13,13,4,1,3
1588626011,"2020-05-04 21:00:11",5,161,3,2,5,13,3,4,1,3
1588626071,"2020-05-04 21:01:11",5,163,3,2,5,13,3,4,1,3
1588626131,"2020-05-04 21:02:11",5,159,3,2,5,13,3,4,1,3
1588626191,"2020-05-04 21:03:11",6,161,50.328907,2.8691711,6,13,51,6,1,3
1588626251,"2020-05-04 21:04:11",5,162,3,2,5,13,3,4,1,3
1588626311,"2020-05-04 21:05:11",7,161,17.512262,2,6,13,18,4,1,3
1588626371,"2020-05-04 21:06:11",5,158,3,2,5,13,3,4,1,3
1588626431,"2020-05-04 21:07:11",4,161,4.5379424,2,4,13,5,4,1,3
1588626491,"2020-05-04 21:08:11",5,161,59.09075,5.2872553,5,13,65,11,1,3
1588626551,"2020-05-04 21:09:11",8,160,132.66707,10.820435,7,13,133,22,1,3
1588626611,"2020-05-04 21:10:11",7,160,52.24414,4.261139,6,13,54,9,1,3
1588626671,"2020-05-04 21:11:11",7,159,10.095457,2,6,13,10,4,1,3
1588626731,"2020-05-04 21:12:11",9,159,3,2,8,13,3,4,1,3
1588626791,"2020-05-04 21:13:11",5,159,73.80494,6.745088,5,13,90,13,1,3
1588626851,"2020-05-04 21:14:11",6,161,3,2,6,13,3,4,1,3
1588626911,"2020-05-04 21:15:11",6,159,3,2,6,13,3,4,1,3
1588626971,"2020-05-04 21:16:11",6,160,3,2,6,13,3,4,1,3
1588627031,"2020-05-04 21:17:11",5,162,38.47917,3.4184551,5,13,38,7,1,3
1588627091,"2020-05-04 21:18:11",4,161,9.800325,2,4,13,10,4,1,3
1588627151,"2020-05-04 21:19:11",3,167,13.690399,2,3,13,14,4,1,3
1588627211,"2020-05-04 21:20:11",4,165,15.8636465,2,4,13,16,4,1,3
1588627271,"2020-05-04 21:21:11",4,166,9.571681,2,4,13,10,4,1,3
1588627331,"2020-05-04 21:22:11",5,163,8.036136,2,5,13,8,4,1,3
1588627391,"2020-05-04 21:23:11",2,166,3,2,2,13,3,4,1,3
1588627451,"2020-05-04 21:24:11",6,169,3,2,6,14,3,4,1,3
1588627511,"2020-05-04 21:25:11",5,169,3,2,5,14,3,4,1,3
1588627571,"2020-05-04 21:26:11",5,168,7.7345657,2,5,13,8,4,1,3
1588627631,"2020-05-04 21:27:11",5,167,3,2,5,13,3,4,1,3
1588627691,"2020-05-04 21:28:11",3,164,3,2,3,13,3,4,1,3
1588627751,"2020-05-04 21:29:11",2,167,3,2,2,13,3,4,1,3
1588627811,"2020-05-04 21:30:11",2,167,3,2,1,13,3,4,1,3
1588627871,"2020-05-04 21:31:11",5,166,26.262491,2,5,13,26,4,1,3
1588627931,"2020-05-04 21:32:11",3,168,13.144266,2,3,13,13,4,1,3
1588627991,"2020-05-04 21:33:11",3,168,3,2,3,13,3,4,1,3
1588628051,"2020-05-04 21:34:11",2,165,3,2,2,13,3,4,1,3
1588628111,"2020-05-04 21:35:11",2,172,3,2,2,14,3,4,1,3
1588628171,"2020-05-04 21:36:11",4,168,3,2,4,13,3,4,1,3
1588628231,"2020-05-04 21:37:11",5,167,3,2,5,13,3,4,1,3
1588628291,"2020-05-04 21:38:11",2,167,39.030678,2.3253565,2,13,39,5,1,3
1588628351,"2020-05-04 21:39:11",4,167,3,2,4,13,3,4,1,3
1588628411,"2020-05-04 21:40:11",3,169,14.968226,2,3,14,15,4,1,3
1588628471,"2020-05-04 21:41:11",2,173,3,2,1,14,3,4,1,3
1588628531,"2020-05-04 21:42:11",2,173,36.512657,3.148983,1,14,37,6,1,3
1588628591,"2020-05-04 21:43:11",1,167,3,2,1,13,3,4,1,3
1588628651,"2020-05-04 21:44:11",3,169,3,2,3,14,3,4,1,3
1588628711,"2020-05-04 21:45:11",3,169,3,2,3,14,3,4,1,3
1588628771,"2020-05-04 21:46:11",2,167,3,2,2,13,3,4,1,3
1588628831,"2020-05-04 21:47:11",2,172,3,2,2,14,3,4,1,3
1588628891,"2020-05-04 21:48:11",2,172,3,2,2,14,3,4,1,3
1588628951,"2020-05-04 21:49:11",4,168,3,2,4,13,3,4,1,3
1588629011,"2020-05-04 21:50:11",2,171,3,2,1,14,3,4,1,3
1588629071,"2020-05-04 21:51:11",2,172,3,2,2,14,3,4,1,3
1588629131,"2020-05-04 21:52:11",2,174,3,2,2,14,3,4,1,3
1588629191,"2020-05-04 21:53:11",3,170,4.562106,2,3,14,5,4,1,3
1588629251,"2020-05-04 21:54:11",2,171,3,2,2,14,3,4,1,3
1588629311,"2020-05-04 21:55:11",3,169,6.98876,2,3,14,7,4,1,3
1588629371,"2020-05-04 21:56:11",2,169,42.088593,3.4323034,1,14,42,7,1,3
1588629431,"2020-05-04 21:57:11",2,169,3,2,2,14,3,4,1,3
1588629491,"2020-05-04 21:58:11",3,172,19.220156,2,3,14,19,4,1,3
1588629551,"2020-05-04 21:59:11",2,172,3,2,2,14,3,4,1,3
1588629611,"2020-05-04 22:00:11",3,170,28.997318,2,3,14,29,4,1,3
1588629671,"2020-05-04 22:01:11",4,169,3,2,4,14,3,4,1,3
1588629731,"2020-05-04 22:02:11",5,172,3,2,5,14,3,4,1,3
1588629791,"2020-05-04 22:03:11",5,167,3,2,5,13,3,4,1,3
1588629851,"2020-05-04 22:04:11",4,168,3,2,4,13,3,4,1,3
1588629911,"2020-05-04 22:05:11",3,170,16.256483,2,3,14,16,4,1,3
1588629971,"2020-05-04 22:06:11",2,168,3.2556024,2,2,13,3,4,1,3
1588630031,"2020-05-04 22:07:11",2,168,3,2,2,13,3,4,1,3
1588630091,"2020-05-04 22:08:11",4,166,3,2,4,13,3,4,1,3
1588630151,"2020-05-04 22:09:11",4,170,3,2,4,14,3,4,1,3
1588630211,"2020-05-04 22:10:11",2,170,15.194499,2,2,14,15,4,1,3
1588630271,"2020-05-04 22:11:11",3,169,57.781166,4.091219,3,14,63,8,1,3
1588630331,"2020-05-04 22:12:11",3,169,3,2,3,14,3,4,1,3
1588630391,"2020-05-04 22:13:11",2,170,3,2,1,14,3,4,1,3
1588630451,"2020-05-04 22:14:11",4,171,9.483322,2,4,14,9,4,1,3
1588630511,"2020-05-04 22:15:11",1,170,3,2,1,14,3,4,1,3
1588630571,"2020-05-04 22:16:11",3,169,42.349407,3.294589,3,14,42,7,1,3
1588630631,"2020-05-04 22:17:11",2,170,3,2,2,14,3,4,1,3
1588630691,"2020-05-04 22:18:11",5,169,3,2,5,14,3,4,1,3
1588630751,"2020-05-04 22:19:11",5,169,3,2,5,14,3,4,1,3
1588630811,"2020-05-04 22:20:11",2,170,11.86839,3.6226387,2,14,12,7,1,3
1588630871,"2020-05-04 22:21:11",2,173,6.864801,2,1,14,7,4,1,3
1588630931,"2020-05-04 22:22:11",2,169,3,2,1,14,3,4,1,3
1588630991,"2020-05-04 22:23:11",2,170,23.055992,2.1652994,2,14,23,4,1,3
1588631051,"2020-05-04 22:24:11",5,173,26.531424,2.805252,5,14,27,6,1,3
1588631111,"2020-05-04 22:25:11",3,171,14.41546,2,3,14,14,4,1,3
1588631171,"2020-05-04 22:26:11",2,171,35.29977,2,2,14,35,4,1,3
1588631231,"2020-05-04 22:27:11",3,169,3,2,3,14,3,4,1,3
1588631291,"2020-05-04 22:28:11",2,171,14.315699,2.0046988,2,14,14,4,1,3
1588631351,"2020-05-04 22:29:11",1,169,3,2,1,14,3,4,1,3
1588631411,"2020-05-04 22:30:11",2,170,21.762781,2,2,14,22,4,1,3
1588631471,"2020-05-04 22:31:11",2,172,3,2,2,14,3,4,1,3
1588631531,"2020-05-04 22:32:11",2,169,3,2,2,14,3,4,1,3
1588631591,"2020-05-04 22:33:11",2,170,3,2,2,14,3,4,1,3
1588631651,"2020-05-04 22:34:11",5,170,3,2,5,14,3,4,1,3
1588631711,"2020-05-04 22:35:11",3,169,66.53524,5.3323736,3,14,78,11,1,3
1588631771,"2020-05-04 22:36:11",4,170,3,2,4,14,3,4,1,3
1588631831,"2020-05-04 22:37:11",2,173,4.6896653,2,2,14,5,4,1,3
1588631891,"2020-05-04 22:38:11",4,170,3,2,4,14,3,4,1,3
1588632011,"2020-05-04 22:40:11",5,169,30.800451,2,5,14,31,4,1,3
1588632071,"2020-05-04 22:41:11",0,169,14.812387,2,0,14,15,4,1,3
1588632131,"2020-05-04 22:42:11",2,170,19.831001,2,2,14,20,4,1,3
1588632191,"2020-05-04 22:43:11",3,171,3,2,3,14,3,4,1,3
1588632251,"2020-05-04 22:44:11",4,0,6.2504697,2,4,0,6,4,1,3
1588632311,"2020-05-04 22:45:11",4,171,13.991346,2,4,14,14,4,1,3
1588632371,"2020-05-04 22:46:11",4,169,9.948853,2.961234,4,14,10,6,1,3
1588632431,"2020-05-04 22:47:11",2,172,3,2,2,14,3,4,1,3
1588632491,"2020-05-04 22:48:11",4,171,3,2,4,14,3,4,1,3
1588632551,"2020-05-04 22:49:11",4,172,3,2,4,14,3,4,1,3
1588632611,"2020-05-04 22:50:11",3,170,14.925275,2,3,14,15,4,1,3
1588632671,"2020-05-04 22:51:11",0,172,21.130756,2,0,14,21,4,1,3
1588632731,"2020-05-04 22:52:11",3,170,16.591627,2,3,14,17,4,1,3
1588632791,"2020-05-04 22:53:11",2,169,43.650864,2.7219648,2,14,44,5,1,3
1588632851,"2020-05-04 22:54:11",2,167,21.937365,2,2,13,22,4,1,3
1588632911,"2020-05-04 22:55:11",3,171,3,2,3,14,3,4,1,3
1588632971,"2020-05-04 22:56:11",1,170,3,2,1,14,3,4,1,3
1588633031,"2020-05-04 22:57:11",1,169,3,2,1,14,3,4,1,3
1588633091,"2020-05-04 22:58:11",0,170,7.8452816,2,0,14,8,4,1,3
1588633151,"2020-05-04 22:59:11",3,170,19.334618,2.1535425,3,14,19,4,1,3
1588633211,"2020-05-04 23:00:11",6,170,16.151169,2,5,14,16,4,1,3
1588633271,"2020-05-04 23:01:11",5,169,3,2,5,14,3,4,1,3
1588633331,"2020-05-04 23:02:11",4,169,3,2,4,14,3,4,1,3
1588633391,"2020-05-04 23:03:11",3,171,13.800207,2.2113466,3,14,14,4,1,3
1588633451,"2020-05-04 23:04:11",2,173,16.59884,2,2,14,17,4,1,3
1588633511,"2020-05-04 23:05:11",1,172,18.648808,2,1,14,19,4,1,3
1588633571,"2020-05-04 23:06:11",0,170,56.843925,3.6348324,0,14,61,7,1,3
1588633631,"2020-05-04 23:07:11",0,169,36.49171,4.2178917,0,14,36,8,1,3
1588633691,"2020-05-04 23:08:11",0,174,3,2,0,14,3,4,1,3
1588633751,"2020-05-04 23:09:11",0,172,8.828903,2,0,14,9,4,1,3
1588633811,"2020-05-04 23:10:11",1,168,10.418919,2,1,13,10,4,1,3
1588633871,"2020-05-04 23:11:11",2,171,3,2,2,14,3,4,1,3
1588633931,"2020-05-04 23:12:11",1,170,3,2,1,14,3,4,1,3
1588633991,"2020-05-04 23:13:11",1,172,3,2,1,14,3,4,1,3
1588634051,"2020-05-04 23:14:11",1,171,75.52671,6.7845564,1,14,93,14,1,3
1588634111,"2020-05-04 23:15:11",0,171,17.856186,2,0,14,18,4,1,3
1588634171,"2020-05-04 23:16:11",1,172,3,2,1,14,3,4,1,3
1588634231,"2020-05-04 23:17:11",3,172,3,2,3,14,3,4,1,3
1588634291,"2020-05-04 23:18:11",1,172,3,2,1,14,3,4,1,3
1588634351,"2020-05-04 23:19:11",1,172,3,2,1,14,3,4,1,3
1588634411,"2020-05-04 23:20:11",1,169,3,2,1,14,3,4,1,3
1588634471,"2020-05-04 23:21:11",1,170,17.003933,2,1,14,17,4,1,3
1588634531,"2020-05-04 23:22:11",3,170,3,2,3,14,3,4,1,3
1588634591,"2020-05-04 23:23:11",0,173,3,2,0,14,3,4,1,3
1588634651,"2020-05-04 23:24:11",1,170,3,2,1,14,3,4,1,3
1588634711,"2020-05-04 23:25:11",1,169,14.621275,2,1,14,15,4,1,3
1588634771,"2020-05-04 23:26:11",1,171,3,2,1,14,3,4,1,3
1588634831,"2020-05-04 23:27:11",2,174,3,2,2,14,3,4,1,3
1588634891,"2020-05-04 23:28:11",1,173,3,2,1,14,3,4,1,3
1588634951,"2020-05-04 23:29:11",1,170,20.665945,2,1,14,21,4,1,3
1588635011,"2020-05-04 23:30:11",1,173,37.922943,2,1,14,38,4,1,3
1588635071,"2020-05-04 23:31:11",0,172,26.609688,2,0,14,27,4,1,3
1588635131,"2020-05-04 23:32:11",1,169,14.956199,2,1,14,15,4,1,3
1588635191,"2020-05-04 23:33:11",2,174,3,2,2,14,3,4,1,3
1588635251,"2020-05-04 23:34:11",1,178,24.092813,2.4314842,1,14,24,5,1,3
1588635311,"2020-05-04 23:35:11",1,173,15.626687,2,1,14,16,4,1,3
1588635371,"2020-05-04 23:36:11",1,175,57.09054,3.4061432,1,14,62,7,1,3
1588635431,"2020-05-04 23:37:11",1,173,28.550076,2.5117006,1,14,29,5,1,3
1588635491,"2020-05-04 23:38:11",2,172,3,2,2,14,3,4,1,3
1588635551,"2020-05-04 23:39:11",1,174,3,2,1,14,3,4,1,3
1588635611,"2020-05-04 23:40:11",2,173,3,2,2,14,3,4,1,3
1588635671,"2020-05-04 23:41:11",3,177,6.9330306,2,3,14,7,4,1,3
1588635731,"2020-05-04 23:42:11",3,178,13.867715,2,3,14,14,4,1,3
1588635791,"2020-05-04 23:43:11",4,175,5.4493055,2,4,14,5,4,1,3
1588635851,"2020-05-04 23:44:11",4,174,31.550943,3.2076817,4,14,32,6,1,3
1588635911,"2020-05-04 23:45:11",4,172,5.1181717,2,4,14,5,4,1,3
1588635971,"2020-05-04 23:46:11",3,176,12.396327,2,3,14,12,4,1,3
1588636031,"2020-05-04 23:47:11",6,174,3,2,6,14,3,4,1,3
1588636091,"2020-05-04 23:48:11",2,178,17.259731,2,2,14,17,4,1,3
1588636151,"2020-05-04 23:49:11",6,175,3,2,6,14,3,4,1,3
1588636211,"2020-05-04 23:50:11",6,177,3,2,6,14,3,4,1,3
1588636271,"2020-05-04 23:51:11",4,178,21.144316,2,4,14,21,4,1,3
1588636331,"2020-05-04 23:52:11",4,177,26.287018,2.0721102,4,14,26,4,1,3
1588636391,"2020-05-04 23:53:11",2,176,17.237461,2,2,14,17,4,1,3
1588636451,"2020-05-04 23:54:11",3,179,3,2,3,14,3,4,1,3
1588636511,"2020-05-04 23:55:11",3,180,19.062145,2,3,14,19,4,1,3
1588636571,"2020-05-04 23:56:11",4,180,13.922872,2,4,14,14,4,1,3
1588636631,"2020-05-04 23:57:11",5,176,3,2,5,14,3,4,1,3
1588636691,"2020-05-04 23:58:11",4,175,11.579666,2,4,14,12,4,1,3
1588636751,"2020-05-04 23:59:11",4,179,6.7451534,2,4,14,7,4,1,3
