1594252849,"2020-07-09 00:00:49",30,164,3,2,33,13,3,4,1,3
1594252909,"2020-07-09 00:01:49",30,162,5.077347,2,33,13,5,4,1,3
1594252969,"2020-07-09 00:02:49",30,163,3,2,33,13,3,4,1,3
1594253029,"2020-07-09 00:03:49",30,162,33.838116,2.6909542,33,13,34,5,1,3
1594253089,"2020-07-09 00:04:49",30,163,130.86821,10.766306,33,13,132,22,1,4
1594253149,"2020-07-09 00:05:49",30,161,35.253647,2,33,13,35,4,1,3
1594253209,"2020-07-09 00:06:49",30,161,37.040646,2.2692194,33,13,37,5,1,3
1594253269,"2020-07-09 00:07:49",30,164,7.517464,2,33,13,8,4,1,3
1594253329,"2020-07-09 00:08:49",30,162,3,2,33,13,3,4,1,3
1594253389,"2020-07-09 00:09:49",0,162,6.8591046,2,0,13,7,4,1,3
1594253449,"2020-07-09 00:10:49",31,164,29.898415,2,34,13,30,4,1,3
1594253509,"2020-07-09 00:11:49",30,165,31.769867,2.0186768,33,13,32,4,1,3
1594253569,"2020-07-09 00:12:49",30,166,3,2,33,13,3,4,1,3
1594253629,"2020-07-09 00:13:49",30,164,3,2,33,13,3,4,1,3
1594253689,"2020-07-09 00:14:49",30,162,52.221306,3.0885973,33,13,54,6,1,3
1594253749,"2020-07-09 00:15:49",30,163,18.43038,2,33,13,18,4,1,3
1594253869,"2020-07-09 00:17:49",31,162,110.4432,7.89482,34,13,119,16,1,3
1594253929,"2020-07-09 00:18:49",30,163,16.101343,2,33,13,16,4,1,3
1594253989,"2020-07-09 00:19:49",0,165,93.314224,6.2750893,0,13,108,13,1,3
1594254049,"2020-07-09 00:20:49",31,0,34.732784,2,34,0,35,4,1,3
1594254109,"2020-07-09 00:21:49",30,166,13.130627,2,33,13,13,4,1,3
1594254169,"2020-07-09 00:22:49",30,165,5.2979603,2,33,13,5,4,1,3
1594254229,"2020-07-09 00:23:49",30,169,46.554592,3.9202814,33,14,47,8,1,3
1594254289,"2020-07-09 00:24:49",30,161,45.023346,2.4040365,33,13,45,5,1,3
1594254349,"2020-07-09 00:25:49",29,166,25.614939,2,31,13,26,4,1,3
1594254409,"2020-07-09 00:26:49",30,164,64.45485,4.39104,33,13,74,9,1,3
1594254469,"2020-07-09 00:27:49",29,166,20.593304,2,31,13,21,4,1,3
1594254529,"2020-07-09 00:28:49",30,165,95.09249,6.3013306,33,13,109,13,1,3
1594254589,"2020-07-09 00:29:49",0,166,7.947544,2,0,13,8,4,1,3
1594254649,"2020-07-09 00:30:49",30,164,35.773613,3.233162,33,13,36,6,1,3
1594254709,"2020-07-09 00:31:49",30,165,6.617638,2,33,13,7,4,1,3
1594254769,"2020-07-09 00:32:49",30,167,3,2,33,13,3,4,1,3
1594254829,"2020-07-09 00:33:49",30,168,66.144684,4.231821,33,13,77,8,1,3
1594254889,"2020-07-09 00:34:49",30,166,20.922089,2.2569418,33,13,21,5,1,3
1594254949,"2020-07-09 00:35:49",0,166,16.369038,2,0,13,16,4,1,3
1594255009,"2020-07-09 00:36:49",30,163,62.11158,4.9442987,33,13,70,10,1,3
1594255069,"2020-07-09 00:37:49",30,166,8.760163,2,33,13,9,4,1,3
1594255129,"2020-07-09 00:38:49",29,163,82.23356,5.465479,31,13,101,11,1,3
1594255189,"2020-07-09 00:39:49",29,168,3,2,31,13,3,4,1,3
1594255249,"2020-07-09 00:40:49",30,164,84.64356,5.403775,33,13,103,11,1,3
1594255309,"2020-07-09 00:41:49",30,166,15.006408,2,33,13,15,4,1,3
1594255369,"2020-07-09 00:42:49",30,167,46.264492,3.484002,33,13,46,7,1,3
1594255429,"2020-07-09 00:43:49",29,165,51.64816,3.218731,31,13,53,6,1,3
1594255489,"2020-07-09 00:44:49",29,167,14.3696375,2,31,13,14,4,1,3
1594255549,"2020-07-09 00:45:49",30,164,23.744268,2,33,13,24,4,1,3
1594255609,"2020-07-09 00:46:49",30,165,36.761944,3.6541052,33,13,37,7,1,3
1594255669,"2020-07-09 00:47:49",30,166,55.712383,4.463811,33,13,60,9,1,3
1594255729,"2020-07-09 00:48:49",30,164,28.191774,2.3929195,33,13,28,5,1,3
1594255789,"2020-07-09 00:49:49",30,164,100.95555,6.741787,32,13,113,13,1,3
1594255849,"2020-07-09 00:50:49",30,169,109.76263,6.888755,32,14,119,14,1,3
1594255909,"2020-07-09 00:51:49",30,166,55.126694,2.9169483,32,13,59,6,1,3
1594255969,"2020-07-09 00:52:49",29,165,93.11061,7.33879,31,13,108,15,1,3
1594256029,"2020-07-09 00:53:49",30,166,119.30564,13.323651,32,13,125,27,3,9
1594256089,"2020-07-09 00:54:49",29,166,81.49174,7.512994,31,13,101,15,1,3
1594256149,"2020-07-09 00:55:49",29,167,89.01949,5.437128,31,13,106,11,1,3
1594256209,"2020-07-09 00:56:49",30,169,30.710007,2.4895697,32,14,31,5,1,3
1594256269,"2020-07-09 00:57:49",30,166,37.504543,3.0043602,32,13,38,6,1,3
1594256329,"2020-07-09 00:58:49",29,168,3,2,31,13,3,4,1,3
1594256389,"2020-07-09 00:59:49",29,165,14.881259,2,31,13,15,4,1,3
1594256449,"2020-07-09 01:00:49",30,166,126.56405,9.829726,32,13,129,20,1,3
1594256509,"2020-07-09 01:01:49",29,169,12.938098,2,31,14,13,4,1,3
1594256569,"2020-07-09 01:02:49",30,169,55.78316,4.342942,32,14,60,9,1,3
1594256629,"2020-07-09 01:03:49",30,164,74.74749,4.872734,32,13,91,10,1,3
1594256689,"2020-07-09 01:04:49",29,169,34.17008,2.3938694,31,14,34,5,1,3
1594256749,"2020-07-09 01:05:49",30,166,8.488466,2,32,13,8,4,1,3
1594256809,"2020-07-09 01:06:49",30,165,100.19572,8.496529,32,13,113,17,1,3
1594256869,"2020-07-09 01:07:49",30,165,64.62229,4.1061115,32,13,74,8,1,3
1594256929,"2020-07-09 01:08:49",30,167,68.194305,4.732932,32,13,80,9,1,3
1594256989,"2020-07-09 01:09:49",30,165,71.26794,5.4192934,32,13,85,11,1,3
1594257049,"2020-07-09 01:10:49",30,167,39.988003,4.045006,32,13,40,8,1,3
1594257109,"2020-07-09 01:11:49",30,164,122.83894,9.38349,32,13,127,19,1,3
1594257169,"2020-07-09 01:12:49",28,164,16.088898,2,30,13,16,4,1,3
1594257229,"2020-07-09 01:13:49",30,165,27.426815,2,32,13,27,4,1,3
1594257289,"2020-07-09 01:14:49",30,166,3,2,32,13,3,4,1,3
1594257349,"2020-07-09 01:15:49",29,164,79.98885,5.538108,31,13,100,11,1,3
1594257409,"2020-07-09 01:16:49",30,167,23.147907,2,33,13,23,4,1,3
1594257469,"2020-07-09 01:17:49",30,164,3,2,32,13,3,4,1,3
1594257529,"2020-07-09 01:18:49",30,167,59.247364,4.436507,32,13,65,9,1,3
1594257589,"2020-07-09 01:19:49",29,163,9.803026,2,31,13,10,4,1,3
1594257649,"2020-07-09 01:20:49",28,166,46.746513,2.9831524,30,13,47,6,1,3
1594257709,"2020-07-09 01:21:49",28,167,30.322577,2.008112,30,13,30,4,1,3
1594257769,"2020-07-09 01:22:49",28,166,27.155148,2,30,13,27,4,1,3
1594257829,"2020-07-09 01:23:49",28,165,39.74142,2,30,13,40,4,1,3
1594257889,"2020-07-09 01:24:49",29,166,40.883698,3.551096,31,13,41,7,1,3
1594257949,"2020-07-09 01:25:49",29,164,67.115166,5.2389164,31,13,79,10,1,3
1594258009,"2020-07-09 01:26:49",29,165,29.999407,2,31,13,30,4,1,3
1594258069,"2020-07-09 01:27:49",29,164,42.193527,2.7850876,31,13,42,6,1,3
1594258129,"2020-07-09 01:28:49",29,163,57.328648,3.4567556,31,13,62,7,1,3
1594258189,"2020-07-09 01:29:49",29,167,92.47826,6.3789463,31,13,108,13,1,3
1594258249,"2020-07-09 01:30:49",28,163,43.431976,6.4877043,29,13,43,13,4,9
1594258309,"2020-07-09 01:31:49",28,165,84.122025,4.839341,30,13,103,10,1,3
1594258369,"2020-07-09 01:32:49",28,165,61.91213,3.4799652,30,13,70,7,1,3
1594258429,"2020-07-09 01:33:49",28,162,51.425377,4.169071,30,13,52,8,1,3
1594258489,"2020-07-09 01:34:49",28,164,63.522728,4.719179,30,13,73,9,1,3
1594258549,"2020-07-09 01:35:49",28,162,42.057404,4.955573,30,13,42,10,2,5
1594258609,"2020-07-09 01:36:49",28,166,60.64883,3.1973343,30,13,68,6,1,3
1594258669,"2020-07-09 01:37:49",27,165,14.645029,2,29,13,15,4,1,3
1594258729,"2020-07-09 01:38:49",28,166,70.7263,5.203973,30,13,85,10,1,3
1594258789,"2020-07-09 01:39:49",26,164,45.538204,4.570447,27,13,46,9,1,3
1594258849,"2020-07-09 01:40:49",27,163,85.86484,7.2633533,28,13,104,15,1,3
1594258909,"2020-07-09 01:41:49",26,165,38.393227,2.801546,26,13,38,6,1,3
1594258969,"2020-07-09 01:42:49",27,164,61.679382,3.7489967,28,13,69,7,1,3
1594259029,"2020-07-09 01:43:49",27,165,79.496086,6.1139326,28,13,99,12,1,3
1594259089,"2020-07-09 01:44:49",27,162,59.805454,4.909477,28,13,66,10,1,3
1594259149,"2020-07-09 01:45:49",28,165,13.49281,2,29,13,13,4,1,3
1594259209,"2020-07-09 01:46:49",27,162,73.093025,5.074752,28,13,88,10,1,3
1594259269,"2020-07-09 01:47:49",27,165,69.37612,4.6913347,28,13,82,9,1,4
1594259329,"2020-07-09 01:48:49",27,165,47.807976,3.169054,28,13,48,6,1,3
1594259389,"2020-07-09 01:49:49",27,163,54.147026,4.172737,28,13,57,8,1,3
1594259449,"2020-07-09 01:50:49",27,164,13.066627,2,28,13,13,4,1,3
1594259509,"2020-07-09 01:51:49",28,166,24.311531,2,29,13,24,4,1,3
1594259569,"2020-07-09 01:52:49",27,166,3,2,28,13,3,4,1,3
1594259629,"2020-07-09 01:53:49",28,162,54.353558,3.7980795,29,13,57,8,1,3
1594259689,"2020-07-09 01:54:49",27,165,30.170715,3.7037516,28,13,30,7,1,3
1594259749,"2020-07-09 01:55:49",28,166,32.664185,2,29,13,33,4,1,3
1594259809,"2020-07-09 01:56:49",27,165,48.18324,3.1116037,28,13,48,6,1,3
1594259869,"2020-07-09 01:57:49",27,162,45.040226,4.135936,28,13,45,8,1,3
1594259929,"2020-07-09 01:58:49",27,164,26.189953,2.0650482,28,13,26,4,1,3
1594259989,"2020-07-09 01:59:49",27,164,27.498411,2,29,13,27,4,1,3
1594260049,"2020-07-09 02:00:49",27,164,112.95564,6.505165,29,13,121,13,1,3
1594260109,"2020-07-09 02:01:49",27,166,33.99021,2.075348,28,13,34,4,1,3
1594260169,"2020-07-09 02:02:49",28,163,28.602394,2.065651,29,13,29,4,1,3
1594260229,"2020-07-09 02:03:49",27,164,55.301533,3.3226242,28,13,59,7,1,3
1594260289,"2020-07-09 02:04:49",28,166,46.052155,3.1589193,29,13,46,6,1,3
1594260349,"2020-07-09 02:05:49",27,164,3,2,28,13,3,4,1,3
1594260409,"2020-07-09 02:06:49",28,164,31.559826,2.6574907,29,13,32,5,1,3
1594260469,"2020-07-09 02:07:49",28,163,65.252914,3.9802437,30,13,75,8,1,3
1594260529,"2020-07-09 02:08:49",28,166,20.002884,2,30,13,20,4,1,3
1594260589,"2020-07-09 02:09:49",28,162,15.257718,2,29,13,15,4,1,3
1594260649,"2020-07-09 02:10:49",28,163,3,2,29,13,3,4,1,3
1594260709,"2020-07-09 02:11:49",27,164,15.057045,2,28,13,15,4,1,3
1594260769,"2020-07-09 02:12:49",28,164,54.93595,4.8582335,30,13,58,10,1,3
1594260829,"2020-07-09 02:13:49",28,165,3,2,29,13,3,4,1,3
1594260889,"2020-07-09 02:14:49",28,164,12.912991,2,29,13,13,4,1,3
1594260949,"2020-07-09 02:15:49",28,165,17.022696,2,29,13,17,4,1,3
1594261009,"2020-07-09 02:16:49",27,164,7.920485,2,28,13,8,4,1,3
1594261069,"2020-07-09 02:17:49",28,162,70.01877,5.677888,29,13,83,11,1,3
1594261129,"2020-07-09 02:18:49",28,164,20.9662,2,29,13,21,4,1,3
1594261189,"2020-07-09 02:19:49",28,162,3,2,29,13,3,4,1,3
1594261249,"2020-07-09 02:20:49",28,162,31.90561,2.6663685,30,13,32,5,1,3
1594261309,"2020-07-09 02:21:49",28,166,47.418377,2.1532059,29,13,47,4,1,3
1594261369,"2020-07-09 02:22:49",28,165,17.711138,2.1970882,30,13,18,4,1,3
1594261429,"2020-07-09 02:23:49",28,164,17.749802,2.3346224,30,13,18,5,1,3
1594261489,"2020-07-09 02:24:49",28,162,17.727898,2,30,13,18,4,1,3
1594261549,"2020-07-09 02:25:49",28,167,94.8924,7.049383,29,13,109,14,1,3
1594261609,"2020-07-09 02:26:49",28,163,3,2,29,13,3,4,1,3
1594261669,"2020-07-09 02:27:49",28,162,5.7927012,2,30,13,6,4,1,3
1594261729,"2020-07-09 02:28:49",28,166,7.280731,2,29,13,7,4,1,3
1594261789,"2020-07-09 02:29:49",0,160,45.250675,4.8443146,0,13,45,10,1,3
1594261849,"2020-07-09 02:30:49",28,162,31.991886,2.6183634,30,13,32,5,1,3
1594261909,"2020-07-09 02:31:49",28,163,32.996147,3.2237387,30,13,33,6,1,3
1594261969,"2020-07-09 02:32:49",28,162,62.15442,4.670105,30,13,70,9,1,3
1594262029,"2020-07-09 02:33:49",28,161,27.075325,2,30,13,27,4,1,3
1594262089,"2020-07-09 02:34:49",29,164,61.238033,3.038518,31,13,69,6,1,3
1594262149,"2020-07-09 02:35:49",28,158,34.213665,2,30,13,34,4,1,3
1594262209,"2020-07-09 02:36:49",28,160,47.881508,2.7285109,30,13,48,5,1,3
1594262269,"2020-07-09 02:37:49",29,160,29.211945,2,31,13,29,4,1,3
1594262389,"2020-07-09 02:39:49",0,156,29.414745,2,0,12,29,4,1,3
1594262449,"2020-07-09 02:40:49",29,160,16.556864,2,31,13,17,4,1,3
1594262509,"2020-07-09 02:41:49",29,158,21.122864,2,31,13,21,4,1,3
1594262569,"2020-07-09 02:42:49",30,0,19.249342,2,33,0,19,4,1,3
1594262629,"2020-07-09 02:43:49",30,157,104.33593,7.992034,33,13,115,16,1,3
1594262689,"2020-07-09 02:44:49",30,159,80.99618,5.9487305,33,13,101,12,1,3
1594262749,"2020-07-09 02:45:49",29,160,12.517252,2,31,13,13,4,1,3
1594262809,"2020-07-09 02:46:49",30,159,3,2,33,13,3,4,1,3
1594262869,"2020-07-09 02:47:49",29,158,58.470108,3.3798027,31,13,64,7,1,3
1594262929,"2020-07-09 02:48:49",29,158,3,2,31,13,3,4,1,3
1594262989,"2020-07-09 02:49:49",0,157,41.52843,3.216693,0,13,42,6,1,3
1594263049,"2020-07-09 02:50:49",28,160,47.832752,5.304572,30,13,48,11,1,3
1594263109,"2020-07-09 02:51:49",29,162,58.362003,5.130149,31,13,64,10,1,3
1594263169,"2020-07-09 02:52:49",29,160,50.94692,3.6376657,31,13,52,7,1,3
1594263229,"2020-07-09 02:53:49",29,159,95.64073,5.9861784,31,13,110,12,1,3
1594263289,"2020-07-09 02:54:49",28,158,43.745396,3.5896578,30,13,44,7,1,3
1594263349,"2020-07-09 02:55:49",29,160,92.02858,6.5808907,31,13,108,13,1,3
1594263409,"2020-07-09 02:56:49",0,159,29.532366,2,0,13,30,4,1,3
1594263469,"2020-07-09 02:57:49",29,160,38.38197,2.086957,31,13,38,4,1,3
1594263529,"2020-07-09 02:58:49",28,162,95.56022,6.37029,30,13,110,13,1,3
1594263589,"2020-07-09 02:59:49",28,158,30.80911,2.6023273,29,13,31,5,1,3
1594263649,"2020-07-09 03:00:49",29,158,44.86126,2.5776863,31,13,45,5,1,3
1594263709,"2020-07-09 03:01:49",28,162,42.36503,2.6699905,30,13,42,5,1,3
1594263769,"2020-07-09 03:02:49",28,162,78.48811,4.6806316,29,13,97,9,1,3
1594263829,"2020-07-09 03:03:49",28,161,11.517178,2,30,13,12,4,1,3
1594263889,"2020-07-09 03:04:49",28,160,3,2,29,13,3,4,1,3
1594263949,"2020-07-09 03:05:49",28,161,20.630503,2,29,13,21,4,1,3
1594264009,"2020-07-09 03:06:49",28,161,64.19339,4.315365,30,13,74,9,1,3
1594264069,"2020-07-09 03:07:49",28,162,112.67009,8.351498,29,13,120,17,1,3
1594264129,"2020-07-09 03:08:49",28,162,57.142044,3.9167862,30,13,62,8,1,3
1594264189,"2020-07-09 03:09:49",28,162,20.275105,2,29,13,20,4,1,3
1594264249,"2020-07-09 03:10:49",28,162,34.036667,2.18925,29,13,34,4,1,3
1594264309,"2020-07-09 03:11:49",28,164,68.07569,4.980585,29,13,80,10,1,3
1594264369,"2020-07-09 03:12:49",28,163,4.9954586,2,29,13,5,4,1,3
1594264429,"2020-07-09 03:13:49",27,162,57.47609,4.036148,28,13,62,8,1,3
1594264489,"2020-07-09 03:14:49",27,164,38.101406,2.2999315,28,13,38,5,1,3
1594264549,"2020-07-09 03:15:49",28,166,10.910814,2,29,13,11,4,1,3
1594264609,"2020-07-09 03:16:49",28,163,14.761133,2,29,13,15,4,1,3
1594264669,"2020-07-09 03:17:49",28,164,35.66284,2.2719707,29,13,36,5,1,3
1594264729,"2020-07-09 03:18:49",28,162,30.54834,2,29,13,31,4,1,3
1594264789,"2020-07-09 03:19:49",27,163,6.2464666,2,28,13,6,4,1,3
1594264849,"2020-07-09 03:20:49",26,164,65.702545,4.381016,26,13,76,9,1,3
1594264909,"2020-07-09 03:21:49",27,162,13.00984,2,28,13,13,4,1,3
1594264969,"2020-07-09 03:22:49",27,164,3,2,28,13,3,4,1,3
1594265029,"2020-07-09 03:23:49",27,163,4.2195606,2,28,13,4,4,1,3
1594265089,"2020-07-09 03:24:49",27,165,47.66168,2.4096098,28,13,48,5,1,3
1594265149,"2020-07-09 03:25:49",27,164,107.81992,8.573044,28,13,117,17,1,3
1594265209,"2020-07-09 03:26:49",28,164,3,2,29,13,3,4,1,3
1594265269,"2020-07-09 03:27:49",27,164,9.443386,2,28,13,9,4,1,3
1594265329,"2020-07-09 03:28:49",28,165,77.825455,5.763468,29,13,96,12,1,3
1594265389,"2020-07-09 03:29:49",27,165,21.494068,2,28,13,21,4,1,3
1594265449,"2020-07-09 03:30:49",27,163,3,2,28,13,3,4,1,3
1594265509,"2020-07-09 03:31:49",27,166,7.903667,2,28,13,8,4,1,3
1594265569,"2020-07-09 03:32:49",27,167,10.502443,2,28,13,11,4,1,3
1594265629,"2020-07-09 03:33:49",27,164,13.952857,2,28,13,14,4,1,3
1594265689,"2020-07-09 03:34:49",27,165,3,2,28,13,3,4,1,3
1594265749,"2020-07-09 03:35:49",27,165,7.3012443,2,28,13,7,4,1,3
1594265809,"2020-07-09 03:36:49",27,167,24.451597,2,28,13,24,4,1,3
1594265869,"2020-07-09 03:37:49",27,165,52.488136,3.213829,28,13,54,6,1,3
1594265929,"2020-07-09 03:38:49",26,165,45.06839,2.1599503,26,13,45,4,1,3
1594265989,"2020-07-09 03:39:49",27,165,10.977577,2,28,13,11,4,1,3
1594266049,"2020-07-09 03:40:49",27,166,89.94761,5.6951632,28,13,106,11,1,3
1594266109,"2020-07-09 03:41:49",26,165,10.062368,2,26,13,10,4,1,3
1594266169,"2020-07-09 03:42:49",27,166,58.042152,3.2085009,28,13,63,6,1,3
1594266229,"2020-07-09 03:43:49",27,168,68.742165,3.0210743,28,13,81,6,1,3
1594266289,"2020-07-09 03:44:49",27,167,6.5905604,2,28,13,7,4,1,3
1594266349,"2020-07-09 03:45:49",27,165,21.619411,2,28,13,22,4,1,3
1594266409,"2020-07-09 03:46:49",27,169,3,2,28,14,3,4,1,3
1594266469,"2020-07-09 03:47:49",26,165,52.6847,3.9026918,26,13,54,8,1,3
1594266529,"2020-07-09 03:48:49",27,168,65.301704,2.8527746,28,13,76,6,1,3
1594266589,"2020-07-09 03:49:49",27,167,16.545143,2,28,13,17,4,1,3
1594266649,"2020-07-09 03:50:49",27,166,39.519287,2.8601942,28,13,40,6,1,3
1594266709,"2020-07-09 03:51:49",27,164,3,2,28,13,3,4,1,3
1594266769,"2020-07-09 03:52:49",27,165,3,2,29,13,3,4,1,3
1594266829,"2020-07-09 03:53:49",27,166,27.82597,2,28,13,28,4,1,3
1594266889,"2020-07-09 03:54:49",28,165,73.67132,4.4277325,29,13,89,9,1,3
1594266949,"2020-07-09 03:55:49",27,167,135.41208,10.264217,28,13,135,21,1,3
1594267009,"2020-07-09 03:56:49",27,166,78.209915,4.4862328,28,13,97,9,1,3
1594267069,"2020-07-09 03:57:49",27,163,112.31997,9.833604,28,13,120,20,1,3
1594267129,"2020-07-09 03:58:49",28,164,22.705252,2,29,13,23,4,1,3
1594267189,"2020-07-09 03:59:49",27,165,3,2,28,13,3,4,1,3
1594267249,"2020-07-09 04:00:49",28,165,61.40914,3.4822683,29,13,69,7,1,3
1594267309,"2020-07-09 04:01:49",28,164,73.21263,4.0020685,29,13,89,8,1,3
1594267369,"2020-07-09 04:02:49",28,161,67.61772,3.946578,29,13,79,8,1,3
1594267429,"2020-07-09 04:03:49",28,162,67.72957,3.8834772,29,13,80,8,1,3
1594267489,"2020-07-09 04:04:49",28,162,32.712646,2,29,13,33,4,1,3
1594267549,"2020-07-09 04:05:49",28,162,9.042065,2,29,13,9,4,1,3
1594267609,"2020-07-09 04:06:49",28,160,3,2,29,13,3,4,1,3
1594267669,"2020-07-09 04:07:49",28,160,60.86389,4.568221,30,13,68,9,1,3
1594267729,"2020-07-09 04:08:49",28,161,3,2,30,13,3,4,1,3
1594267789,"2020-07-09 04:09:49",28,158,54.741722,4.199012,30,13,58,8,1,3
1594267849,"2020-07-09 04:10:49",28,162,3,2,30,13,3,4,1,3
1594267909,"2020-07-09 04:11:49",28,162,3,2,30,13,3,4,1,3
1594267969,"2020-07-09 04:12:49",28,161,64.85506,5.638796,30,13,75,11,1,3
1594268029,"2020-07-09 04:13:49",29,162,70.4132,4.8623877,31,13,84,10,1,3
1594268089,"2020-07-09 04:14:49",28,162,15.665208,2,30,13,16,4,1,3
1594268149,"2020-07-09 04:15:49",28,163,37.070297,2.6148415,30,13,37,5,1,3
1594268209,"2020-07-09 04:16:49",28,159,24.784306,2.1985397,30,13,25,4,1,3
1594268269,"2020-07-09 04:17:49",28,159,3,2,30,13,3,4,1,3
1594268329,"2020-07-09 04:18:49",28,159,3,2,30,13,3,4,1,3
1594268389,"2020-07-09 04:19:49",29,159,22.249025,2,31,13,22,4,1,3
1594268449,"2020-07-09 04:20:49",28,157,12.603861,2,30,13,13,4,1,3
1594268509,"2020-07-09 04:21:49",29,160,22.111961,2,31,13,22,4,1,3
1594268569,"2020-07-09 04:22:49",28,161,57.650448,4.8456564,30,13,63,10,1,3
1594268629,"2020-07-09 04:23:49",28,159,23.444963,2,30,13,23,4,1,3
1594268689,"2020-07-09 04:24:49",28,159,46.96262,2.0957375,30,13,47,4,1,3
1594268749,"2020-07-09 04:25:49",28,162,34.308826,3.5840712,30,13,34,7,1,3
1594268809,"2020-07-09 04:26:49",28,161,103.23172,6.167104,30,13,115,12,1,3
1594268869,"2020-07-09 04:27:49",28,159,23.713873,2,30,13,24,4,1,3
1594268929,"2020-07-09 04:28:49",28,160,25.366272,2,30,13,25,4,1,3
1594268989,"2020-07-09 04:29:49",28,160,10.589266,2,30,13,11,4,1,3
1594269049,"2020-07-09 04:30:49",28,161,80.30385,6.016613,30,13,100,12,1,3
1594269109,"2020-07-09 04:31:49",28,163,8.12294,2,30,13,8,4,1,3
1594269169,"2020-07-09 04:32:49",28,164,44.917404,2,30,13,45,4,1,3
1594269229,"2020-07-09 04:33:49",28,166,3,2,30,13,3,4,1,3
1594269289,"2020-07-09 04:34:49",28,165,3.5422928,2,30,13,4,4,1,3
1594269349,"2020-07-09 04:35:49",28,166,3,2,30,13,3,4,1,3
1594269409,"2020-07-09 04:36:49",28,165,36.274265,2.0622072,30,13,36,4,1,3
1594269469,"2020-07-09 04:37:49",28,165,40.3729,2.094226,29,13,40,4,1,3
1594269529,"2020-07-09 04:38:49",28,167,57.771328,2.8038473,30,13,63,6,1,3
1594269589,"2020-07-09 04:39:49",28,170,8.5605545,2,29,14,9,4,1,3
1594269649,"2020-07-09 04:40:49",28,170,32.936768,2,29,14,33,4,1,3
1594269709,"2020-07-09 04:41:49",27,170,42.1525,2.296153,29,14,42,5,1,3
1594269769,"2020-07-09 04:42:49",28,169,18.124107,2,29,14,18,4,1,3
1594269829,"2020-07-09 04:43:49",28,170,21.409643,2,29,14,21,4,1,3
1594269889,"2020-07-09 04:44:49",28,169,4.5521865,2,29,14,5,4,1,3
1594269949,"2020-07-09 04:45:49",28,173,46.92644,2,29,14,47,4,1,3
1594270009,"2020-07-09 04:46:49",28,174,66.15724,4.2483015,29,14,77,8,1,3
1594270069,"2020-07-09 04:47:49",26,175,83.848,6.397775,26,14,102,13,1,3
1594270129,"2020-07-09 04:48:49",27,180,99.44001,5.8301373,28,14,112,12,1,3
1594270189,"2020-07-09 04:49:49",0,178,81.24959,5.308341,0,14,101,11,1,3
1594270249,"2020-07-09 04:50:49",26,178,82.83706,3.70716,26,14,102,7,1,3
1594270309,"2020-07-09 04:51:49",25,178,9.88385,2,25,14,10,4,1,3
1594270369,"2020-07-09 04:52:49",25,175,103.16321,7.65956,25,14,114,15,1,3
1594270429,"2020-07-09 04:53:49",25,173,80.25714,4.8081856,25,14,100,10,1,3
1594270489,"2020-07-09 04:54:49",25,171,49.20494,3.098606,25,14,49,6,1,3
1594270549,"2020-07-09 04:55:49",26,174,45.323166,2.0026035,26,14,45,4,1,3
1594270609,"2020-07-09 04:56:49",26,170,34.28995,2,26,14,34,4,1,3
1594270669,"2020-07-09 04:57:49",26,171,62.393562,4.410266,26,14,71,9,1,3
1594270729,"2020-07-09 04:58:49",26,172,6.7452984,2,26,14,7,4,1,3
1594270849,"2020-07-09 05:00:49",25,168,86.66008,4.460739,25,13,104,9,1,3
1594270909,"2020-07-09 05:01:49",26,166,76.02118,4.1343126,26,13,93,8,1,3
1594270969,"2020-07-09 05:02:49",27,164,72.91962,20.864906,28,13,88,42,9,23
1594271029,"2020-07-09 05:03:49",27,164,73.48451,4.0181723,28,13,89,8,1,3
1594271089,"2020-07-09 05:04:49",27,0,101.92434,6.306467,28,0,114,13,1,3
1594271149,"2020-07-09 05:05:49",26,164,104.41573,6.824256,26,13,115,14,1,3
1594271209,"2020-07-09 05:06:49",26,162,86.44863,6.685936,26,13,104,13,1,3
1594271269,"2020-07-09 05:07:49",26,167,14.035035,2,26,13,14,4,1,3
1594271329,"2020-07-09 05:08:49",25,167,52.662212,3.3308573,25,13,54,7,1,3
1594271389,"2020-07-09 05:09:49",0,163,34.502884,2.3226967,0,13,35,5,1,3
1594271449,"2020-07-09 05:10:49",25,170,60.997375,2.9461641,25,14,68,6,1,3
1594271509,"2020-07-09 05:11:49",24,181,93.972595,5.481105,24,14,109,11,1,3
1594271569,"2020-07-09 05:12:49",20,322,29.36745,2,19,25,29,4,1,3
1594271629,"2020-07-09 05:13:49",18,284,42.045048,2.846859,17,22,42,6,1,3
1594271689,"2020-07-09 05:14:49",16,262,83.95389,5.4532604,15,21,102,11,1,3
1594271749,"2020-07-09 05:15:49",14,256,3,2,14,20,3,4,1,3
1594271809,"2020-07-09 05:16:49",15,248,38.7109,2.1255703,14,20,39,4,1,3
1594271869,"2020-07-09 05:17:49",14,241,36.6817,2.042574,14,19,37,4,1,3
1594271929,"2020-07-09 05:18:49",0,231,83.29601,6.3705244,0,18,102,13,1,3
1594271989,"2020-07-09 05:19:49",14,218,18.858288,2.7672138,14,17,19,6,1,3
1594272049,"2020-07-09 05:20:49",14,220,3,2,13,18,3,4,1,3
1594272109,"2020-07-09 05:21:49",14,215,12.904323,2,13,17,13,4,1,3
1594272169,"2020-07-09 05:22:49",14,212,6.4196525,2,13,17,6,4,1,3
1594272229,"2020-07-09 05:23:49",14,207,33.148273,3.4433146,14,17,33,7,1,3
1594272289,"2020-07-09 05:24:49",14,206,10.294544,2,14,16,10,4,1,3
1594272349,"2020-07-09 05:25:49",14,205,34.67643,3.8362894,13,16,35,8,1,3
1594272409,"2020-07-09 05:26:49",15,201,3,2,14,16,3,4,1,3
1594272469,"2020-07-09 05:27:49",14,198,25.82137,2.5444078,13,16,26,5,1,3
1594272529,"2020-07-09 05:28:49",13,197,3,2,12,16,3,4,1,3
1594272589,"2020-07-09 05:29:49",14,194,3,2,13,16,3,4,1,3
1594272649,"2020-07-09 05:30:49",14,194,3,2,13,16,3,4,1,3
1594272709,"2020-07-09 05:31:49",14,190,3,2,13,15,3,4,1,3
1594272769,"2020-07-09 05:32:49",14,189,3,2,13,15,3,4,1,3
1594272829,"2020-07-09 05:33:49",14,188,12.026218,2,13,15,12,4,1,3
1594272889,"2020-07-09 05:34:49",15,183,3,2,14,15,3,4,1,3
1594272949,"2020-07-09 05:35:49",15,182,3,2,14,15,3,4,1,3
1594273009,"2020-07-09 05:36:49",15,181,4.6276984,2,14,14,5,4,1,3
1594273069,"2020-07-09 05:37:49",14,180,3,2,13,14,3,4,1,3
1594273129,"2020-07-09 05:38:49",14,177,3,2,13,14,3,4,1,3
1594273189,"2020-07-09 05:39:49",15,176,3,2,14,14,3,4,1,3
1594273249,"2020-07-09 05:40:49",13,174,3,2,12,14,3,4,1,3
1594273309,"2020-07-09 05:41:49",13,175,3,2,12,14,3,4,1,3
1594273369,"2020-07-09 05:42:49",14,172,3,2,13,14,3,4,1,3
1594273429,"2020-07-09 05:43:49",13,172,3,2,12,14,3,4,1,3
1594273489,"2020-07-09 05:44:49",15,175,3,2,14,14,3,4,1,3
1594273549,"2020-07-09 05:45:49",14,173,3.9144418,2.0326939,13,14,4,4,1,3
1594273609,"2020-07-09 05:46:49",13,172,3,2,12,14,3,4,1,3
1594273669,"2020-07-09 05:47:49",14,167,3,2,13,13,3,4,1,3
1594273729,"2020-07-09 05:48:49",13,166,5.1323023,2,12,13,5,4,1,3
1594273789,"2020-07-09 05:49:49",13,168,3,2,12,13,3,4,1,3
1594273849,"2020-07-09 05:50:49",13,168,3,2,12,13,3,4,1,3
1594273909,"2020-07-09 05:51:49",14,165,3,2,13,13,3,4,1,3
1594273969,"2020-07-09 05:52:49",15,165,3,2,14,13,3,4,1,3
1594274029,"2020-07-09 05:53:49",16,165,3,2,15,13,3,4,1,3
1594274089,"2020-07-09 05:54:49",17,165,3,2,16,13,3,4,1,3
1594274149,"2020-07-09 05:55:49",17,165,3,2,16,13,3,4,1,3
1594274209,"2020-07-09 05:56:49",18,162,3,2,17,13,3,4,1,3
1594274269,"2020-07-09 05:57:49",18,162,3,2,17,13,3,4,1,3
1594274329,"2020-07-09 05:58:49",19,161,3,2,18,13,3,4,1,3
1594274389,"2020-07-09 05:59:49",19,161,3,2,18,13,3,4,1,3
1594274449,"2020-07-09 06:00:49",19,159,3,2,18,13,3,4,1,3
1594274509,"2020-07-09 06:01:49",20,159,3,2,19,13,3,4,1,3
1594274569,"2020-07-09 06:02:49",20,159,3,2,19,13,3,4,1,3
1594274629,"2020-07-09 06:03:49",20,155,3,2,19,12,3,4,1,3
1594274689,"2020-07-09 06:04:49",21,158,3,2,20,13,3,4,1,3
1594274749,"2020-07-09 06:05:49",20,160,46.37335,2.1992722,19,13,46,4,1,3
1594274809,"2020-07-09 06:06:49",20,159,15.943087,2,19,13,16,4,1,3
1594274869,"2020-07-09 06:07:49",20,158,6.7981825,2,19,13,7,4,1,3
1594274929,"2020-07-09 06:08:49",19,158,3,2,17,13,3,4,1,3
1594274989,"2020-07-09 06:09:49",19,161,3,2,18,13,3,4,1,3
1594275049,"2020-07-09 06:10:49",18,159,3,2,17,13,3,4,1,3
1594275109,"2020-07-09 06:11:49",19,160,3,2,18,13,3,4,1,3
1594275169,"2020-07-09 06:12:49",20,159,3,2,19,13,3,4,1,3
1594275229,"2020-07-09 06:13:49",19,161,3,2,18,13,3,4,1,3
1594275289,"2020-07-09 06:14:49",19,160,3,2,18,13,3,4,1,3
1594275349,"2020-07-09 06:15:49",19,159,13.562056,2.0033197,18,13,14,4,1,3
1594275409,"2020-07-09 06:16:49",19,163,3,2,18,13,3,4,1,3
1594275469,"2020-07-09 06:17:49",19,161,7.1948338,2,18,13,7,4,1,3
1594275529,"2020-07-09 06:18:49",19,161,17.371693,2,18,13,17,4,1,3
1594275589,"2020-07-09 06:19:49",18,162,3,2,17,13,3,4,1,3
1594275649,"2020-07-09 06:20:49",18,162,14.271239,2,17,13,14,4,1,3
1594275709,"2020-07-09 06:21:49",18,165,3,2,17,13,3,4,1,3
1594275769,"2020-07-09 06:22:49",18,162,3,2,17,13,3,4,1,3
1594275829,"2020-07-09 06:23:49",18,163,3,2,17,13,3,4,1,3
1594275889,"2020-07-09 06:24:49",17,162,3,2,16,13,3,4,1,3
1594275949,"2020-07-09 06:25:49",17,162,12.822983,2,16,13,13,4,1,3
1594276009,"2020-07-09 06:26:49",16,162,35.465527,2.7420197,15,13,35,5,1,3
1594276069,"2020-07-09 06:27:49",16,161,3,2,15,13,3,4,1,3
1594276129,"2020-07-09 06:28:49",16,162,3,2,15,13,3,4,1,3
1594276189,"2020-07-09 06:29:49",15,162,3,2,14,13,3,4,1,3
1594276249,"2020-07-09 06:30:49",15,160,3,2,14,13,3,4,1,3
1594276309,"2020-07-09 06:31:49",15,158,3,2,14,13,3,4,1,3
1594276369,"2020-07-09 06:32:49",15,158,3,2,14,13,3,4,1,3
1594276429,"2020-07-09 06:33:49",15,157,3,2,14,13,3,4,1,3
1594276489,"2020-07-09 06:34:49",15,156,3,2,14,12,3,4,1,3
1594276549,"2020-07-09 06:35:49",15,156,3,2,14,12,3,4,1,3
1594276609,"2020-07-09 06:36:49",16,155,3,2,15,12,3,4,1,3
1594276669,"2020-07-09 06:37:49",16,152,3,2,15,12,3,4,1,3
1594276729,"2020-07-09 06:38:49",16,153,3,2,15,12,3,4,1,3
1594276789,"2020-07-09 06:39:49",16,153,3,2,15,12,3,4,1,3
1594276849,"2020-07-09 06:40:49",17,153,3,2,16,12,3,4,1,3
1594276909,"2020-07-09 06:41:49",16,151,3,2,15,12,3,4,1,3
1594276969,"2020-07-09 06:42:49",17,152,3,2,16,12,3,4,1,3
1594277029,"2020-07-09 06:43:49",18,152,3,2,17,12,3,4,1,3
1594277089,"2020-07-09 06:44:49",18,153,3,2,17,12,3,4,1,3
1594277149,"2020-07-09 06:45:49",18,151,3,2,17,12,3,4,1,3
1594277209,"2020-07-09 06:46:49",18,154,3,2,17,12,3,4,1,3
1594277269,"2020-07-09 06:47:49",19,151,3,2,18,12,3,4,1,3
1594277329,"2020-07-09 06:48:49",18,153,3,2,17,12,3,4,1,3
1594277389,"2020-07-09 06:49:49",19,156,3,2,18,12,3,4,1,3
1594277449,"2020-07-09 06:50:49",19,155,3,2,18,12,3,4,1,3
1594277509,"2020-07-09 06:51:49",19,154,3,2,17,12,3,4,1,3
1594277569,"2020-07-09 06:52:49",18,157,5.999524,2,17,13,6,4,1,3
1594277629,"2020-07-09 06:53:49",19,157,3,2,18,13,3,4,1,3
1594277689,"2020-07-09 06:54:49",19,159,3,2,18,13,3,4,1,3
1594277749,"2020-07-09 06:55:49",19,161,3,2,18,13,3,4,1,3
1594277809,"2020-07-09 06:56:49",19,159,3,2,17,13,3,4,1,3
1594277869,"2020-07-09 06:57:49",18,160,3,2,17,13,3,4,1,3
1594277929,"2020-07-09 06:58:49",18,164,3,2,17,13,3,4,1,3
1594277989,"2020-07-09 06:59:49",18,162,3,2,17,13,3,4,1,3
1594278049,"2020-07-09 07:00:49",18,165,3,2,17,13,3,4,1,3
1594278109,"2020-07-09 07:01:49",17,165,17.561054,2.1224728,16,13,18,4,1,3
1594278169,"2020-07-09 07:02:49",17,165,3,2,16,13,3,4,1,3
1594278229,"2020-07-09 07:03:49",17,168,12.115527,2,16,13,12,4,1,3
1594278289,"2020-07-09 07:04:49",17,170,3,2,16,14,3,4,1,3
1594278349,"2020-07-09 07:05:49",16,170,3,2,15,14,3,4,1,3
1594278409,"2020-07-09 07:06:49",15,171,3,2,14,14,3,4,1,3
1594278469,"2020-07-09 07:07:49",16,172,3,2,15,14,3,4,1,3
1594278529,"2020-07-09 07:08:49",15,175,3,2,14,14,3,4,1,3
1594278589,"2020-07-09 07:09:49",0,177,3,2,0,14,3,4,1,3
1594278649,"2020-07-09 07:10:49",15,178,11.227013,2,14,14,11,4,1,3
1594278709,"2020-07-09 07:11:49",17,176,3,2,16,14,3,4,1,3
1594278769,"2020-07-09 07:12:49",16,174,3,2,15,14,3,4,1,3
1594278829,"2020-07-09 07:13:49",17,176,3,2,16,14,3,4,1,3
1594278889,"2020-07-09 07:14:49",17,173,3,2,16,14,3,4,1,3
1594278949,"2020-07-09 07:15:49",16,173,3,2,15,14,3,4,1,3
1594279009,"2020-07-09 07:16:49",17,174,4.686518,2,16,14,5,4,1,3
1594279069,"2020-07-09 07:17:49",17,176,3,2,16,14,3,4,1,3
1594279129,"2020-07-09 07:18:49",17,174,18.572138,2,16,14,19,4,1,3
1594279189,"2020-07-09 07:19:49",0,176,3,2,0,14,3,4,1,3
1594279249,"2020-07-09 07:20:49",16,177,3,2,15,14,3,4,1,3
1594279369,"2020-07-09 07:22:49",17,173,20.545713,2,16,14,21,4,1,3
1594279429,"2020-07-09 07:23:49",17,175,38.35844,2,16,14,38,4,1,3
1594279489,"2020-07-09 07:24:49",18,174,3,2,17,14,3,4,1,3
1594279549,"2020-07-09 07:25:49",17,172,3,2,16,14,3,4,1,3
1594279609,"2020-07-09 07:26:49",17,0,3,2,16,0,3,4,1,3
1594279669,"2020-07-09 07:27:49",18,173,27.912075,2,17,14,28,4,1,3
1594279729,"2020-07-09 07:28:49",17,173,3,2,16,14,3,4,1,3
1594279789,"2020-07-09 07:29:49",0,171,3,2,0,14,3,4,1,3
1594279849,"2020-07-09 07:30:49",18,173,3,2,17,14,3,4,1,3
1594279909,"2020-07-09 07:31:49",18,174,3,2,17,14,3,4,1,3
1594279969,"2020-07-09 07:32:49",18,173,3,2,17,14,3,4,1,3
1594280029,"2020-07-09 07:33:49",18,172,15.643612,2,17,14,16,4,1,3
1594280089,"2020-07-09 07:34:49",18,173,3,2,17,14,3,4,1,3
1594280149,"2020-07-09 07:35:49",18,174,3,2,17,14,3,4,1,3
1594280209,"2020-07-09 07:36:49",19,174,3,2,18,14,3,4,1,3
1594280269,"2020-07-09 07:37:49",22,172,55.85645,3.5078049,21,14,60,7,1,3
1594280329,"2020-07-09 07:38:49",23,150,30.714811,2,22,12,31,4,1,3
1594280389,"2020-07-09 07:39:49",0,144,113.17631,7.443941,0,12,121,15,1,3
1594280451,"2020-07-09 07:40:51",0,141,33.2622,2,0,11,33,4,1,3
1594280509,"2020-07-09 07:41:49",25,134,6.16235,2,26,11,6,4,1,3
1594280569,"2020-07-09 07:42:49",24,131,3,2,24,10,3,4,1,3
1594280629,"2020-07-09 07:43:49",23,131,53.6072,3.1549006,23,10,56,6,1,3
1594280689,"2020-07-09 07:44:49",23,125,3,2,22,10,3,4,1,3
1594280749,"2020-07-09 07:45:49",23,123,3,2,23,10,3,4,1,3
1594280809,"2020-07-09 07:46:49",28,113,60.265568,3.8912706,29,9,67,8,1,3
1594280869,"2020-07-09 07:47:49",40,78,10.797411,2,47,6,11,4,1,3
1594280929,"2020-07-09 07:48:49",43,72,38.128826,2.6385584,50,6,38,5,1,3
1594280989,"2020-07-09 07:49:49",38,70,39.430973,2.4042397,43,6,39,5,1,3
1594281049,"2020-07-09 07:50:49",48,63,71.31254,5.34772,54,5,86,11,1,3
1594281109,"2020-07-09 07:51:49",51,54,34.03366,2,57,4,34,4,1,3
1594281169,"2020-07-09 07:52:49",52,52,14.895333,2,58,4,15,4,1,3
1594281229,"2020-07-09 07:53:49",56,46,53.980873,2.0668707,61,4,57,4,1,3
1594281289,"2020-07-09 07:54:49",56,43,3,2,61,3,3,4,1,3
1594281349,"2020-07-09 07:55:49",44,35,28.888584,2,51,3,29,4,1,3
1594281409,"2020-07-09 07:56:49",48,43,56.783318,3.1557026,54,3,61,6,1,3
1594281469,"2020-07-09 07:57:49",53,37,23.724411,2,58,3,24,4,1,3
1594281529,"2020-07-09 07:58:49",59,35,15.15441,2,63,3,15,4,1,3
1594281589,"2020-07-09 07:59:49",63,33,74.20428,2.9810247,66,3,90,6,1,3
1594281709,"2020-07-09 08:01:49",63,32,19.803696,2,66,3,20,4,1,3
1594281769,"2020-07-09 08:02:49",66,31,89.64967,6.9785347,68,2,106,14,1,3
1594281829,"2020-07-09 08:03:49",71,30,111.07611,7.9391503,72,2,119,16,1,3
1594281889,"2020-07-09 08:04:49",82,29,46.83062,3.3792877,81,2,47,7,1,3
1594281949,"2020-07-09 08:05:49",0,29,3,2,0,2,3,4,1,3
1594282009,"2020-07-09 08:06:49",0,29,3,2,0,2,3,4,1,3
1594282069,"2020-07-09 08:07:49",0,28,31.233425,2,0,2,31,4,1,3
1594282129,"2020-07-09 08:08:49",0,29,3,2,0,2,3,4,1,3
1594282189,"2020-07-09 08:09:49",0,27,41.60661,3.3453226,0,2,42,7,1,3
1594282309,"2020-07-09 08:11:49",0,26,57.436924,3.268711,0,2,62,7,1,3
1594282369,"2020-07-09 08:12:49",0,27,80.252975,3.6847982,0,2,100,7,1,3
1594282429,"2020-07-09 08:13:49",0,26,46.07174,2.061942,0,2,46,4,1,3
1594282489,"2020-07-09 08:14:49",0,26,64.03396,3.940528,0,2,73,8,1,3
1594282549,"2020-07-09 08:15:49",0,27,3,2,0,2,3,4,1,3
1594282609,"2020-07-09 08:16:49",0,26,96.7476,5.499296,0,2,110,11,1,3
1594282669,"2020-07-09 08:17:49",0,25,69.62527,2.7017565,0,2,83,5,1,3
1594282729,"2020-07-09 08:18:49",0,25,82.94324,4.9707127,0,2,102,10,1,3
1594282789,"2020-07-09 08:19:49",0,26,3.4431016,2,0,2,3,4,1,3
1594282849,"2020-07-09 08:20:49",0,24,27.207258,2,0,2,27,4,1,3
1594282909,"2020-07-09 08:21:49",0,24,3,2,0,2,3,4,1,3
1594282969,"2020-07-09 08:22:49",0,24,42.022156,2.2802467,0,2,42,5,1,3
1594283029,"2020-07-09 08:23:49",0,23,39.70584,2,0,2,40,4,1,3
1594283089,"2020-07-09 08:24:49",0,23,48.639782,2.1325521,0,2,49,4,1,3
1594283149,"2020-07-09 08:25:49",0,24,53.656612,3.2558737,0,2,56,7,1,3
1594283209,"2020-07-09 08:26:49",11,24,112.34747,7.8553734,10,2,120,16,1,3
1594283269,"2020-07-09 08:27:49",11,24,61.062813,3.1210222,10,2,68,6,1,3
1594283329,"2020-07-09 08:28:49",12,25,115.132996,13.247153,11,2,122,26,2,5
1594283389,"2020-07-09 08:29:49",12,24,120.55259,12.902372,11,2,125,26,2,5
1594283509,"2020-07-09 08:31:49",12,23,79.59237,3.3789463,12,2,99,7,1,3
1594283569,"2020-07-09 08:32:49",13,23,122.66439,9.278536,12,2,127,19,1,3
1594283629,"2020-07-09 08:33:49",14,23,128.68774,16.060047,13,2,130,32,3,7
1594283689,"2020-07-09 08:34:49",13,23,76.85491,5.2768946,12,2,95,11,1,3
1594283749,"2020-07-09 08:35:49",13,22,54.908478,3.1423817,12,2,58,6,1,3
1594283809,"2020-07-09 08:36:49",12,23,43.339478,2.4595623,12,2,43,5,1,3
1594283869,"2020-07-09 08:37:49",13,23,81.44878,9.589631,12,2,101,19,2,4
1594283929,"2020-07-09 08:38:49",12,23,56.198067,2.3595724,11,2,60,5,1,3
1594283989,"2020-07-09 08:39:49",15,23,44.282463,2,14,2,44,4,1,3
1594284049,"2020-07-09 08:40:49",18,23,38.29302,2,17,2,38,4,1,3
1594284109,"2020-07-09 08:41:49",17,23,29.97545,2,16,2,30,4,1,3
1594284169,"2020-07-09 08:42:49",16,25,43.265587,2.9313831,15,2,43,6,1,3
1594284229,"2020-07-09 08:43:49",6,31,107.83164,8.805117,6,2,117,18,1,3
1594284289,"2020-07-09 08:44:49",15,29,138.09789,11.287079,14,2,136,23,2,4
1594284349,"2020-07-09 08:45:49",16,26,138.26828,16.972294,15,2,136,34,3,7
1594284409,"2020-07-09 08:46:49",17,25,134.26773,15.335243,16,2,134,31,3,6
1594284469,"2020-07-09 08:47:49",17,25,27.678427,2,16,2,28,4,1,3
1594284529,"2020-07-09 08:48:49",18,23,30.79025,2.0993328,16,2,31,4,1,3
1594284589,"2020-07-09 08:49:49",15,24,3,2,14,2,3,4,1,3
1594284649,"2020-07-09 08:50:49",0,32,100.29442,5.976362,0,3,113,12,1,3
1594284709,"2020-07-09 08:51:49",6,36,3,2,5,3,3,4,1,3
1594284769,"2020-07-09 08:52:49",10,36,7.367082,2,10,3,7,4,1,3
1594284829,"2020-07-09 08:53:49",2,41,15.955757,2,2,3,16,4,1,3
1594284889,"2020-07-09 08:54:49",0,53,68.69428,3.5431185,0,4,81,7,1,3
1594284949,"2020-07-09 08:55:49",0,60,34.030693,2,0,5,34,4,1,3
1594285009,"2020-07-09 08:56:49",0,64,20.135635,2,0,5,20,4,1,3
1594285069,"2020-07-09 08:57:49",0,61,18.116467,2,0,5,18,4,1,3
1594285129,"2020-07-09 08:58:49",0,67,3,2,0,5,3,4,1,3
1594285189,"2020-07-09 08:59:49",0,71,3,2,0,6,3,4,1,3
1594285249,"2020-07-09 09:00:49",0,69,3,2,0,6,3,4,1,3
1594285309,"2020-07-09 09:01:49",0,65,82.03566,5.958009,0,5,101,12,1,3
1594285369,"2020-07-09 09:02:49",0,65,14.022384,2,0,5,14,4,1,3
1594285429,"2020-07-09 09:03:49",0,62,43.325466,2.008275,0,5,43,4,1,3
1594285489,"2020-07-09 09:04:49",0,70,26.30856,2,0,6,26,4,1,3
1594285549,"2020-07-09 09:05:49",0,70,34.139824,2.2879887,0,6,34,5,1,3
1594285609,"2020-07-09 09:06:49",0,70,32.85941,2.4660988,0,6,33,5,1,3
1594285669,"2020-07-09 09:07:49",0,61,35.801308,3.185976,0,5,36,6,1,3
1594285729,"2020-07-09 09:08:49",0,82,3,2,0,7,3,4,1,3
1594285789,"2020-07-09 09:09:49",0,75,22.92817,2,0,6,23,4,1,3
1594285849,"2020-07-09 09:10:49",0,79,3,2,0,6,3,4,1,3
1594285909,"2020-07-09 09:11:49",0,87,3,2,0,7,3,4,1,3
1594285969,"2020-07-09 09:12:49",0,100,3,2,0,8,3,4,1,3
1594286029,"2020-07-09 09:13:49",0,98,3.7673185,2,0,8,4,4,1,3
1594286089,"2020-07-09 09:14:49",0,119,5.2261934,2,0,10,5,4,1,3
1594286149,"2020-07-09 09:15:49",0,119,3,2,0,10,3,4,1,3
1594286209,"2020-07-09 09:16:49",0,133,3,2,0,11,3,4,1,3
1594286269,"2020-07-09 09:17:49",0,125,66.28696,4.6077566,0,10,77,9,1,3
1594286329,"2020-07-09 09:18:49",0,129,37.557953,2,0,10,38,4,1,3
1594286389,"2020-07-09 09:19:49",0,110,19.359385,2,0,9,19,4,1,3
1594286449,"2020-07-09 09:20:49",0,125,76.77211,5.743884,0,10,95,11,1,3
1594286509,"2020-07-09 09:21:49",0,106,108.49588,7.727886,0,8,118,15,1,3
1594286569,"2020-07-09 09:22:49",0,109,107.207565,7.0019636,0,9,117,14,1,3
1594286629,"2020-07-09 09:23:49",0,104,13.857052,2,0,8,14,4,1,3
1594286689,"2020-07-09 09:24:49",0,102,9.759697,2,0,8,10,4,1,3
1594286749,"2020-07-09 09:25:49",0,101,3.5658584,2,0,8,4,4,1,3
1594286809,"2020-07-09 09:26:49",6,104,55.34695,2.7875366,5,8,59,6,1,3
1594286869,"2020-07-09 09:27:49",8,91,12.388988,2,8,7,12,4,1,3
1594286929,"2020-07-09 09:28:49",12,97,39.62251,2.2684479,11,8,40,5,1,3
1594286989,"2020-07-09 09:29:49",16,93,29.009506,2.2027292,15,7,29,4,1,3
1594287049,"2020-07-09 09:30:49",14,98,3,2,13,8,3,4,1,3
1594287109,"2020-07-09 09:31:49",12,104,3,2,12,8,3,4,1,3
1594287169,"2020-07-09 09:32:49",14,102,54.193012,3.7043943,13,8,57,7,1,3
1594287229,"2020-07-09 09:33:49",12,109,33.24532,2,12,9,33,4,1,3
1594287289,"2020-07-09 09:34:49",8,112,20.148458,2,8,9,20,4,1,3
1594287349,"2020-07-09 09:35:49",12,107,3,2,12,9,3,4,1,3
1594287409,"2020-07-09 09:36:49",0,105,94.27216,5.4981823,0,8,109,11,1,3
1594287469,"2020-07-09 09:37:49",13,140,38.716766,2.3269453,12,11,39,5,1,3
1594287529,"2020-07-09 09:38:49",15,106,13.3796835,2,14,8,13,4,1,3
1594287589,"2020-07-09 09:39:49",30,82,25.97145,2,33,7,26,4,1,3
1594287649,"2020-07-09 09:40:49",40,68,3,2,47,5,3,4,1,3
1594287709,"2020-07-09 09:41:49",49,51,42.59082,2.4590263,55,4,43,5,1,3
1594287769,"2020-07-09 09:42:49",53,44,124.17087,21.512321,58,4,128,43,5,12
1594287889,"2020-07-09 09:44:49",64,36,34.89277,2,67,3,35,4,1,3
1594287949,"2020-07-09 09:45:49",67,33,21.290316,2,69,3,21,4,1,3
1594288009,"2020-07-09 09:46:49",0,32,102.229416,7.746874,0,3,114,15,1,3
1594288069,"2020-07-09 09:47:49",62,39,9.040824,2,65,3,9,4,1,3
1594288129,"2020-07-09 09:48:49",77,0,19.489374,2,77,0,19,4,1,3
1594288189,"2020-07-09 09:49:49",85,34,22.694798,2,84,3,23,4,1,3
1594288249,"2020-07-09 09:50:49",0,32,24.17419,2,0,3,24,4,1,3
1594288309,"2020-07-09 09:51:49",102,32,113.399155,7.887349,97,3,121,16,1,3
1594288369,"2020-07-09 09:52:49",98,30,3,2,94,2,3,4,1,3
1594288429,"2020-07-09 09:53:49",108,35,104.53926,7.0348053,101,3,115,14,1,3
1594288489,"2020-07-09 09:54:49",108,32,14.064215,2,101,3,14,4,1,3
1594288549,"2020-07-09 09:55:49",112,30,10.281188,2,103,2,10,4,1,3
1594288609,"2020-07-09 09:56:49",0,29,3,2,0,2,3,4,1,3
1594288669,"2020-07-09 09:57:49",98,28,68.70838,5.911936,93,2,81,12,1,3
1594288729,"2020-07-09 09:58:49",98,27,3.3238697,2,93,2,3,4,1,3
1594288789,"2020-07-09 09:59:49",104,26,3,2,98,2,3,4,1,3
1594288849,"2020-07-09 10:00:49",0,25,123.33274,10.9798355,0,2,127,22,1,3
1594288909,"2020-07-09 10:01:49",115,25,98.86253,6.4781094,104,2,112,13,1,3
1594288969,"2020-07-09 10:02:49",0,25,89.20622,6.7812567,0,2,106,14,1,3
1594289029,"2020-07-09 10:03:49",129,24,70.68916,4.5134754,110,2,84,9,1,3
1594289089,"2020-07-09 10:04:49",125,23,80.054955,4.4400177,109,2,100,9,1,3
1594289149,"2020-07-09 10:05:49",123,24,33.98401,2.0386744,108,2,34,4,1,3
1594289209,"2020-07-09 10:06:49",126,24,3,2,109,2,3,4,1,3
1594289269,"2020-07-09 10:07:49",126,24,11.355944,2,109,2,11,4,1,3
1594289329,"2020-07-09 10:08:49",124,24,101.95373,7.1444654,109,2,114,14,1,3
1594289389,"2020-07-09 10:09:49",126,25,33.988884,2.691925,109,2,34,5,1,3
1594289449,"2020-07-09 10:10:49",125,25,70.067825,5.680094,109,2,83,11,1,3
1594289509,"2020-07-09 10:11:49",107,26,50.944336,2,100,2,52,4,1,3
1594289569,"2020-07-09 10:12:49",99,26,5.3027754,2,94,2,5,4,1,3
1594289629,"2020-07-09 10:13:49",109,25,5.418993,2,101,2,5,4,1,3
1594289689,"2020-07-09 10:14:49",112,25,3.5180976,2,103,2,4,4,1,3
1594289749,"2020-07-09 10:15:49",122,25,23.120024,2,107,2,23,4,1,3
1594289809,"2020-07-09 10:16:49",128,25,56.10914,4.167859,110,2,60,8,1,3
1594289869,"2020-07-09 10:17:49",115,27,3,2,104,2,3,4,1,3
1594289929,"2020-07-09 10:18:49",97,36,3,2,93,3,3,4,1,3
1594289989,"2020-07-09 10:19:49",84,47,12.976077,2,82,4,13,4,1,3
1594290049,"2020-07-09 10:20:49",90,46,3,2,87,4,3,4,1,3
1594290109,"2020-07-09 10:21:49",99,45,46.248512,2.7716045,94,4,46,6,1,3
1594290169,"2020-07-09 10:22:49",104,43,3,2,98,3,3,4,1,3
1594290229,"2020-07-09 10:23:49",100,43,34.02319,2,95,3,34,4,1,3
1594290289,"2020-07-09 10:24:49",79,49,6.0786867,2,78,4,6,4,1,3
1594290349,"2020-07-09 10:25:49",65,57,11.625495,2,68,5,12,4,1,3
1594290409,"2020-07-09 10:26:49",61,60,10.364417,2,65,5,10,4,1,3
1594290469,"2020-07-09 10:27:49",68,58,3,2,70,5,3,4,1,3
1594290529,"2020-07-09 10:28:49",84,51,33.403755,2,83,4,33,4,1,3
1594290589,"2020-07-09 10:29:49",94,47,3,2,91,4,3,4,1,3
1594290649,"2020-07-09 10:30:49",104,43,3,2,98,3,3,4,1,3
1594290709,"2020-07-09 10:31:49",112,42,24.358505,2,103,3,24,4,1,3
1594290769,"2020-07-09 10:32:49",111,42,23.929054,2,102,3,24,4,1,3
1594290829,"2020-07-09 10:33:49",74,48,15.335382,2,75,4,15,4,1,3
1594290889,"2020-07-09 10:34:49",67,50,16.380455,2,69,4,16,4,1,3
1594290949,"2020-07-09 10:35:49",72,50,3,2,73,4,3,4,1,3
1594291009,"2020-07-09 10:36:49",67,55,101.692154,6.7583094,69,4,114,14,1,3
1594291069,"2020-07-09 10:37:49",80,49,3,2,80,4,3,4,1,3
1594291129,"2020-07-09 10:38:49",88,44,3,2,86,4,3,4,1,3
1594291189,"2020-07-09 10:39:49",104,36,10.773014,2,98,3,11,4,1,3
1594291249,"2020-07-09 10:40:49",110,32,3,2,102,3,3,4,1,3
1594291309,"2020-07-09 10:41:49",116,30,3,2,104,2,3,4,1,3
1594291429,"2020-07-09 10:43:49",128,27,3,2,110,2,3,4,1,3
1594291489,"2020-07-09 10:44:49",131,26,3,2,111,2,3,4,1,3
1594291549,"2020-07-09 10:45:49",128,25,36.3636,2.7526379,110,2,36,6,1,3
1594291609,"2020-07-09 10:46:49",131,25,25.287928,2,112,2,25,4,1,3
1594291669,"2020-07-09 10:47:49",131,25,4.5307484,2,111,2,5,4,1,3
1594291729,"2020-07-09 10:48:49",129,25,115.84582,8.963343,111,2,122,18,1,3
1594291789,"2020-07-09 10:49:49",135,23,30.746208,2.3531275,114,2,31,5,1,3
1594291849,"2020-07-09 10:50:49",141,23,4.0394125,2,117,2,4,4,1,3
1594291909,"2020-07-09 10:51:49",129,23,3,2,111,2,3,4,1,3
1594292029,"2020-07-09 10:53:49",136,23,3,2,114,2,3,4,1,3
1594292089,"2020-07-09 10:54:49",115,23,3,2,104,2,3,4,1,3
1594292149,"2020-07-09 10:55:49",103,23,12.16179,2,98,2,12,4,1,3
1594292209,"2020-07-09 10:56:49",91,22,3,2,88,2,3,4,1,3
1594292269,"2020-07-09 10:57:49",122,22,3,2,108,2,3,4,1,3
1594292329,"2020-07-09 10:58:49",132,21,18.957434,2,112,2,19,4,1,3
1594292389,"2020-07-09 10:59:49",134,25,3,2,113,2,3,4,1,3
1594292449,"2020-07-09 11:00:49",110,33,15.208686,2,102,3,15,4,1,3
1594292509,"2020-07-09 11:01:49",119,36,10.440539,2,106,3,10,4,1,3
1594292629,"2020-07-09 11:03:49",110,44,3,2,102,4,3,4,1,3
1594292689,"2020-07-09 11:04:49",120,41,3,2,107,3,3,4,1,3
1594292749,"2020-07-09 11:05:49",116,43,35.56878,2.858595,104,3,36,6,1,3
1594292809,"2020-07-09 11:06:49",67,55,3,2,69,4,3,4,1,3
1594292869,"2020-07-09 11:07:49",57,74,59.185085,4.32092,61,6,65,9,1,3
1594292929,"2020-07-09 11:08:49",59,65,10.319148,2,63,5,10,4,1,3
1594292989,"2020-07-09 11:09:49",84,44,86.46412,6.718364,83,4,104,13,1,3
1594293049,"2020-07-09 11:10:49",102,35,62.098705,3.428872,97,3,70,7,1,3
1594293109,"2020-07-09 11:11:49",116,32,3,2,105,3,3,4,1,3
1594293169,"2020-07-09 11:12:49",119,29,5.0349617,2,106,2,5,4,1,3
1594293229,"2020-07-09 11:13:49",124,27,13.14842,2,108,2,13,4,1,3
1594293289,"2020-07-09 11:14:49",129,27,3,2,110,2,3,4,1,3
1594293349,"2020-07-09 11:15:49",132,27,28.316174,2,112,2,28,4,1,3
1594293409,"2020-07-09 11:16:49",129,27,3,2,111,2,3,4,1,3
1594293469,"2020-07-09 11:17:49",129,30,77.973045,4.3028955,111,2,97,9,1,3
1594293529,"2020-07-09 11:18:49",124,27,3,2,108,2,3,4,1,3
1594293589,"2020-07-09 11:19:49",125,26,50.482803,2.3976574,109,2,51,5,1,3
1594293649,"2020-07-09 11:20:49",130,25,3,2,111,2,3,4,1,3
1594293709,"2020-07-09 11:21:49",116,25,46.03906,3.824071,104,2,46,8,1,3
1594293769,"2020-07-09 11:22:49",123,24,68.85084,5.468899,108,2,81,11,1,3
1594293829,"2020-07-09 11:23:49",126,24,3,2,109,2,3,4,1,3
1594293889,"2020-07-09 11:24:49",125,23,5.506036,2,109,2,6,4,1,3
1594293949,"2020-07-09 11:25:49",134,23,11.60823,2,113,2,12,4,1,3
1594294009,"2020-07-09 11:26:49",136,23,24.887764,2,114,2,25,4,1,3
1594294069,"2020-07-09 11:27:49",132,23,44.385414,2.4437447,112,2,44,5,1,3
1594294129,"2020-07-09 11:28:49",136,23,94.2367,6.341979,114,2,109,13,1,3
1594294189,"2020-07-09 11:29:49",142,24,8.508186,2,117,2,9,4,1,3
1594294249,"2020-07-09 11:30:49",140,26,21.900597,2.3429556,116,2,22,5,1,3
1594294309,"2020-07-09 11:31:49",125,34,8.119497,2,109,3,8,4,1,3
1594294369,"2020-07-09 11:32:49",115,41,3,2,104,3,3,4,1,3
1594294429,"2020-07-09 11:33:49",122,44,3,2,108,4,3,4,1,3
1594294489,"2020-07-09 11:34:49",144,40,23.548183,2,118,3,24,4,1,3
1594294549,"2020-07-09 11:35:49",136,42,3,2,114,3,3,4,1,3
1594294609,"2020-07-09 11:36:49",106,54,39.279526,2.1889315,100,4,39,4,1,3
1594294669,"2020-07-09 11:37:49",144,40,3,2,118,3,3,4,1,3
1594294729,"2020-07-09 11:38:49",133,45,23.89903,2,113,4,24,4,1,3
1594294789,"2020-07-09 11:39:49",83,66,22.448723,2,82,5,22,4,1,3
1594294849,"2020-07-09 11:40:49",114,47,3,2,104,4,3,4,1,3
1594294909,"2020-07-09 11:41:49",119,38,6.819388,2,106,3,7,4,1,3
1594294969,"2020-07-09 11:42:49",122,34,5.3137217,2,108,3,5,4,1,3
1594295029,"2020-07-09 11:43:49",127,32,36.508297,3.2426872,110,3,37,6,1,3
1594295089,"2020-07-09 11:44:49",125,30,3,2,109,2,3,4,1,3
1594295149,"2020-07-09 11:45:49",127,28,44.012016,3.752365,110,2,44,8,1,3
1594295209,"2020-07-09 11:46:49",126,27,3,2,109,2,3,4,1,3
1594295269,"2020-07-09 11:47:49",134,26,3,2,113,2,3,4,1,3
1594295329,"2020-07-09 11:48:49",138,24,7.238113,2,115,2,7,4,1,3
1594295389,"2020-07-09 11:49:49",134,23,3,2,113,2,3,4,1,3
1594295449,"2020-07-09 11:50:49",138,23,3,2,115,2,3,4,1,3
1594295509,"2020-07-09 11:51:49",140,23,45.612232,2.807231,116,2,46,6,1,3
1594295569,"2020-07-09 11:52:49",137,22,21.090168,2.6728125,114,2,21,5,1,3
1594295629,"2020-07-09 11:53:49",135,23,90.00968,5.1131496,113,2,106,10,1,3
1594295689,"2020-07-09 11:54:49",127,23,3,2,110,2,3,4,1,3
1594295749,"2020-07-09 11:55:49",133,23,9.76934,2,112,2,10,4,1,3
1594295809,"2020-07-09 11:56:49",0,23,16.76582,2.171215,0,2,17,4,1,3
1594295929,"2020-07-09 11:58:49",93,50,18.052328,2,90,4,18,4,1,3
1594295989,"2020-07-09 11:59:49",58,71,3,2,62,6,3,4,1,3
1594296049,"2020-07-09 12:00:49",74,71,129.23026,9.334175,75,6,131,19,1,3
1594296109,"2020-07-09 12:01:49",38,103,3,2,44,8,3,4,1,3
1594296169,"2020-07-09 12:02:49",17,120,3,2,16,10,3,4,1,3
1594296229,"2020-07-09 12:03:49",0,133,3,2,0,11,3,4,1,3
1594296289,"2020-07-09 12:04:49",0,139,3,2,0,11,3,4,1,3
1594296409,"2020-07-09 12:06:49",0,153,3,2,0,12,3,4,1,3
1594296469,"2020-07-09 12:07:49",0,159,5.0361576,2,0,13,5,4,1,3
1594296529,"2020-07-09 12:08:49",0,156,7.2458043,2,0,12,7,4,1,3
1594296589,"2020-07-09 12:09:49",0,165,11.0923815,2.7806787,0,13,11,6,1,3
1594296649,"2020-07-09 12:10:49",0,0,27.970766,3.2995949,0,0,28,7,1,3
1594296709,"2020-07-09 12:11:49",0,170,3,2,0,14,3,4,1,3
1594296769,"2020-07-09 12:12:49",0,174,3,2,0,14,3,4,1,3
1594296829,"2020-07-09 12:13:49",0,175,5.979326,2,0,14,6,4,1,3
1594296889,"2020-07-09 12:14:49",0,182,3,2,0,15,3,4,1,3
1594296949,"2020-07-09 12:15:49",0,180,3,2,0,14,3,4,1,3
1594297009,"2020-07-09 12:16:49",0,185,3,2,0,15,3,4,1,3
1594297069,"2020-07-09 12:17:49",0,186,12.0352125,2,0,15,12,4,1,3
1594297129,"2020-07-09 12:18:49",0,186,3,2,0,15,3,4,1,3
1594297189,"2020-07-09 12:19:49",0,188,14.26582,2,0,15,14,4,1,3
1594297249,"2020-07-09 12:20:49",0,196,51.641853,4.799858,0,16,53,10,1,3
1594297309,"2020-07-09 12:21:49",0,198,3,2,0,16,3,4,1,3
1594297369,"2020-07-09 12:22:49",0,196,3,2,0,16,3,4,1,3
1594297429,"2020-07-09 12:23:49",0,195,5.6232786,2,0,16,6,4,1,3
1594297489,"2020-07-09 12:24:49",0,198,3,2,0,16,3,4,1,3
1594297549,"2020-07-09 12:25:49",0,201,3,2,0,16,3,4,1,3
1594297609,"2020-07-09 12:26:49",0,204,3.1484113,2,0,16,3,4,1,3
1594297669,"2020-07-09 12:27:49",0,204,12.662019,2.0372486,0,16,13,4,1,3
1594297729,"2020-07-09 12:28:49",0,206,38.834877,3.022584,0,16,39,6,1,3
1594297789,"2020-07-09 12:29:49",0,209,3,2,0,17,3,4,1,3
1594297849,"2020-07-09 12:30:49",0,211,3,2,0,17,3,4,1,3
1594297909,"2020-07-09 12:31:49",0,211,3,2,0,17,3,4,1,3
1594297969,"2020-07-09 12:32:49",0,218,3,2,0,17,3,4,1,3
1594298029,"2020-07-09 12:33:49",0,228,3,2,0,18,3,4,1,3
1594298089,"2020-07-09 12:34:49",0,233,9.938025,2,0,19,10,4,1,3
1594298149,"2020-07-09 12:35:49",0,241,18.196177,2.464346,0,19,18,5,1,3
1594298209,"2020-07-09 12:36:49",0,244,3,2,0,20,3,4,1,3
1594298269,"2020-07-09 12:37:49",0,249,3,2,0,20,3,4,1,3
1594298329,"2020-07-09 12:38:49",0,243,3,2,0,19,3,4,1,3
1594298389,"2020-07-09 12:39:49",0,248,14.384142,3.3553634,0,20,14,7,1,3
1594298449,"2020-07-09 12:40:49",0,250,6.515895,2.192645,0,20,7,4,1,3
1594298509,"2020-07-09 12:41:49",0,249,3,2,0,20,3,4,1,3
1594298569,"2020-07-09 12:42:49",0,253,15.725282,3.051116,0,20,16,6,1,3
1594298629,"2020-07-09 12:43:49",0,259,3,2,0,21,3,4,1,3
1594298689,"2020-07-09 12:44:49",0,251,3,2,0,20,3,4,1,3
1594298749,"2020-07-09 12:45:49",0,250,3.9648194,2,0,20,4,4,1,3
1594298809,"2020-07-09 12:46:49",0,256,3,2,0,20,3,4,1,3
1594298869,"2020-07-09 12:47:49",0,259,3,2,0,21,3,4,1,3
1594298929,"2020-07-09 12:48:49",0,258,3,2,0,21,3,4,1,3
1594298989,"2020-07-09 12:49:49",0,258,8.162693,3.3589463,0,21,8,7,1,4
1594299049,"2020-07-09 12:50:49",0,258,3,2,0,21,3,4,1,3
1594299109,"2020-07-09 12:51:49",0,262,3.0738983,2.0738983,0,21,3,4,1,3
1594299169,"2020-07-09 12:52:49",0,255,3,2,0,20,3,4,1,3
1594299229,"2020-07-09 12:53:49",0,253,3,2,0,20,3,4,1,3
1594299289,"2020-07-09 12:54:49",0,255,3,2,0,20,3,4,1,3
1594299349,"2020-07-09 12:55:49",0,256,3,2,0,20,3,4,1,3
1594299409,"2020-07-09 12:56:49",0,258,3,2,0,21,3,4,1,3
1594299469,"2020-07-09 12:57:49",0,260,3,2,0,21,3,4,1,3
1594299529,"2020-07-09 12:58:49",0,240,3,2,0,19,3,4,1,3
1594299589,"2020-07-09 12:59:49",0,259,7.98694,2,0,21,8,4,1,3
1594299649,"2020-07-09 13:00:49",0,266,3,2,0,21,3,4,1,3
1594299709,"2020-07-09 13:01:49",0,275,34.18627,2.5684385,0,22,34,5,1,3
1594299769,"2020-07-09 13:02:49",0,285,3,2,0,23,3,4,1,3
1594299829,"2020-07-09 13:03:49",0,296,3,2,0,23,3,4,1,3
1594299889,"2020-07-09 13:04:49",0,306,12.578546,2.7615547,0,24,13,6,1,3
1594299949,"2020-07-09 13:05:49",0,309,16.407494,2.265913,0,24,16,5,1,3
1594300009,"2020-07-09 13:06:49",0,306,3,2,0,24,3,4,1,3
1594300069,"2020-07-09 13:07:49",1,311,3,2,1,24,3,4,1,3
1594300129,"2020-07-09 13:08:49",1,308,24.012478,4.759488,1,24,24,10,2,4
1594300189,"2020-07-09 13:09:49",1,310,3,2,1,24,3,4,1,3
1594300249,"2020-07-09 13:10:49",1,314,6.5457473,2.3910446,1,25,7,5,1,3
1594300309,"2020-07-09 13:11:49",1,317,3,2,1,25,3,4,1,3
1594300369,"2020-07-09 13:12:49",0,320,3,2,0,25,3,4,1,3
1594300429,"2020-07-09 13:13:49",1,325,3,2,1,25,3,4,1,3
1594300489,"2020-07-09 13:14:49",0,324,3,2,0,25,3,4,1,3
1594300549,"2020-07-09 13:15:49",0,333,15.085964,3.4853768,0,26,15,7,1,3
1594300609,"2020-07-09 13:16:49",0,333,3.3296843,2.3296843,0,26,3,5,1,3
1594300669,"2020-07-09 13:17:49",0,333,4.2131233,3.2131233,0,26,4,6,1,3
1594300729,"2020-07-09 13:18:49",0,330,4.7882013,2.6765373,0,26,5,5,1,3
1594300789,"2020-07-09 13:19:49",0,338,9.467634,3.5774875,0,26,9,7,1,3
1594300849,"2020-07-09 13:20:49",0,338,3.1673632,2,0,26,3,4,1,3
1594300909,"2020-07-09 13:21:49",0,341,3,2,0,27,3,4,1,3
1594300969,"2020-07-09 13:22:49",0,339,6.0662355,2.7190979,0,27,6,5,1,3
1594301029,"2020-07-09 13:23:49",0,344,5.8037415,2,0,27,6,4,1,3
1594301089,"2020-07-09 13:24:49",0,350,3,2,0,27,3,4,1,3
1594301149,"2020-07-09 13:25:49",0,348,4.6864367,2,0,27,5,4,1,3
1594301209,"2020-07-09 13:26:49",0,352,3,2,0,27,3,4,1,3
1594301269,"2020-07-09 13:27:49",0,350,3,2,0,27,3,4,1,3
1594301329,"2020-07-09 13:28:49",0,351,4.7595253,2,0,27,5,4,1,3
1594301389,"2020-07-09 13:29:49",0,345,5.1034594,2.2794685,0,27,5,5,1,3
1594301449,"2020-07-09 13:30:49",0,352,3,2,0,27,3,4,1,3
1594301509,"2020-07-09 13:31:49",0,348,3,2,0,27,3,4,1,3
1594301569,"2020-07-09 13:32:49",0,344,3,2,0,27,3,4,1,3
1594301629,"2020-07-09 13:33:49",0,340,3,2,0,27,3,4,1,3
1594301689,"2020-07-09 13:34:49",0,342,3,2,0,27,3,4,1,3
1594301749,"2020-07-09 13:35:49",0,335,3,2,0,26,3,4,1,3
1594301809,"2020-07-09 13:36:49",0,332,3,2,0,26,3,4,1,3
1594301869,"2020-07-09 13:37:49",0,332,3,2,0,26,3,4,1,3
1594301929,"2020-07-09 13:38:49",0,330,9.809301,2,0,26,10,4,1,3
1594301989,"2020-07-09 13:39:49",0,334,3,2,0,26,3,4,1,3
1594302049,"2020-07-09 13:40:49",0,337,5.982615,2.5006924,0,26,6,5,1,3
1594302109,"2020-07-09 13:41:49",1,344,3,2,1,27,3,4,1,3
1594302169,"2020-07-09 13:42:49",0,340,3,2,0,27,3,4,1,3
1594302229,"2020-07-09 13:43:49",1,338,3,2,1,26,3,4,1,3
1594302289,"2020-07-09 13:44:49",1,339,3.703243,2,1,27,4,4,1,3
1594302349,"2020-07-09 13:45:49",1,342,3,2,1,27,3,4,1,3
1594302409,"2020-07-09 13:46:49",1,349,3,2,1,27,3,4,1,3
1594302469,"2020-07-09 13:47:49",1,352,4.6656065,2.423355,1,27,5,5,1,3
1594302529,"2020-07-09 13:48:49",0,360,3.0384378,2.0384378,0,28,3,4,1,3
1594302589,"2020-07-09 13:49:49",0,365,3,2,0,28,3,4,1,3
1594302649,"2020-07-09 13:50:49",0,361,7.88953,2,0,28,8,4,1,3
1594302709,"2020-07-09 13:51:49",0,369,5.268258,2,0,29,5,4,1,3
1594302769,"2020-07-09 13:52:49",0,376,3,2,0,29,3,4,1,3
1594302829,"2020-07-09 13:53:49",0,391,3,2,0,30,3,4,1,3
1594302889,"2020-07-09 13:54:49",0,396,3,2,0,31,3,4,1,3
1594302949,"2020-07-09 13:55:49",0,406,3,2,0,31,3,4,1,3
1594303009,"2020-07-09 13:56:49",0,402,3,2,0,31,3,4,1,3
1594303069,"2020-07-09 13:57:49",0,401,3,2,0,31,3,4,1,3
1594303129,"2020-07-09 13:58:49",0,403,3,2,0,31,3,4,1,3
1594303189,"2020-07-09 13:59:49",0,404,3,2,0,31,3,4,1,3
1594303249,"2020-07-09 14:00:49",0,402,3,2,0,31,3,4,1,3
1594303309,"2020-07-09 14:01:49",0,401,3,2,0,31,3,4,1,3
1594303369,"2020-07-09 14:02:49",0,410,3,2,0,32,3,4,1,3
1594303429,"2020-07-09 14:03:49",0,403,3.0421643,2,0,31,3,4,1,3
1594303489,"2020-07-09 14:04:49",0,399,3,2,0,31,3,4,1,3
1594303549,"2020-07-09 14:05:49",0,405,3,2,0,31,3,4,1,3
1594303609,"2020-07-09 14:06:49",0,401,64.17413,4.9968166,0,31,74,10,1,3
1594303669,"2020-07-09 14:07:49",0,400,3,2,0,31,3,4,1,3
1594303729,"2020-07-09 14:08:49",0,392,3,2,0,30,3,4,1,3
1594303789,"2020-07-09 14:09:49",0,390,3,2,0,30,3,4,1,3
1594303849,"2020-07-09 14:10:49",1,389,4.600495,2,1,30,5,4,1,3
1594303909,"2020-07-09 14:11:49",1,392,3,2,1,30,3,4,1,3
1594303969,"2020-07-09 14:12:49",1,398,7.1457853,2.3044558,1,31,7,5,1,3
1594304029,"2020-07-09 14:13:49",1,393,3,2,1,30,3,4,1,3
1594304089,"2020-07-09 14:14:49",1,406,3,2,1,31,3,4,1,3
1594304149,"2020-07-09 14:15:49",1,407,3,2,0,31,3,4,1,3
1594304209,"2020-07-09 14:16:49",0,418,3,2,0,32,3,4,1,3
1594304269,"2020-07-09 14:17:49",1,418,3,2,1,32,3,4,1,3
1594304329,"2020-07-09 14:18:49",1,423,3,2,1,33,3,4,1,3
1594304389,"2020-07-09 14:19:49",1,416,3,2,0,32,3,4,1,3
1594304449,"2020-07-09 14:20:49",1,413,3,2,0,32,3,4,1,3
1594304509,"2020-07-09 14:21:49",1,413,3,2,1,32,3,4,1,3
1594304569,"2020-07-09 14:22:49",1,415,18.636791,4.0646644,1,32,19,8,2,4
1594304629,"2020-07-09 14:23:49",1,412,3,2,1,32,3,4,1,3
1594304689,"2020-07-09 14:24:49",1,416,3,2,1,32,3,4,1,3
1594304749,"2020-07-09 14:25:49",1,415,11.839893,3.6133897,1,32,12,7,1,3
1594304809,"2020-07-09 14:26:49",0,417,3,2,0,32,3,4,1,3
1594304929,"2020-07-09 14:28:49",1,398,3,2,1,31,3,4,1,3
1594304989,"2020-07-09 14:29:49",1,370,3,2,1,29,3,4,1,3
1594305049,"2020-07-09 14:30:49",1,326,3,2,1,26,3,4,1,3
1594305109,"2020-07-09 14:31:49",0,315,3,2,0,25,3,4,1,3
1594305169,"2020-07-09 14:32:49",0,0,3,2,0,0,3,4,1,3
1594305229,"2020-07-09 14:33:49",0,296,3,2,0,23,3,4,1,3
1594305289,"2020-07-09 14:34:49",0,287,3,2,0,23,3,4,1,3
1594305349,"2020-07-09 14:35:49",0,273,3,2,0,22,3,4,1,3
1594305409,"2020-07-09 14:36:49",0,287,110.21544,8.626713,0,23,119,17,1,3
1594305469,"2020-07-09 14:37:49",0,355,3,2,0,28,3,4,1,3
1594305529,"2020-07-09 14:38:49",0,379,9.675352,3.360425,0,29,10,7,1,3
1594305589,"2020-07-09 14:39:49",0,401,3,2,0,31,3,4,1,3
1594305649,"2020-07-09 14:40:49",0,408,3,2,0,32,3,4,1,3
1594305709,"2020-07-09 14:41:49",0,425,3,2,0,33,3,4,1,3
1594305769,"2020-07-09 14:42:49",0,434,3,2,0,33,3,4,1,3
1594305829,"2020-07-09 14:43:49",0,440,3.1443954,2,0,34,3,4,1,3
1594305889,"2020-07-09 14:44:49",0,451,3,2,0,35,3,4,1,3
1594305949,"2020-07-09 14:45:49",0,442,3,2,0,34,3,4,1,3
1594306009,"2020-07-09 14:46:49",0,449,3,2,0,35,3,4,1,3
1594306069,"2020-07-09 14:47:49",0,447,11.196451,2.8605604,0,34,11,6,1,3
1594306129,"2020-07-09 14:48:49",0,440,14.992692,2.415206,0,34,15,5,1,3
1594306189,"2020-07-09 14:49:49",0,423,3,2,0,33,3,4,1,3
1594306249,"2020-07-09 14:50:49",0,418,10.4493885,3.4908118,0,32,10,7,1,3
1594306309,"2020-07-09 14:51:49",0,408,3,2,0,32,3,4,1,3
1594306369,"2020-07-09 14:52:49",0,398,3.1142302,2.1142302,0,31,3,4,1,3
1594306429,"2020-07-09 14:53:49",0,401,3,2,0,31,3,4,1,3
1594306489,"2020-07-09 14:54:49",0,402,3,2,0,31,3,4,1,3
1594306549,"2020-07-09 14:55:49",0,386,3.549506,2,0,30,4,4,1,3
1594306609,"2020-07-09 14:56:49",0,399,10.257332,2.2917318,0,31,10,5,1,3
1594306669,"2020-07-09 14:57:49",0,411,5.22248,2,0,32,5,4,1,3
1594306729,"2020-07-09 14:58:49",0,408,3,2,0,32,3,4,1,3
1594306789,"2020-07-09 14:59:49",0,415,66.87546,5.9720078,0,32,78,12,1,3
1594306849,"2020-07-09 15:00:49",1,409,35.63529,2.5289354,1,32,36,5,1,3
1594306909,"2020-07-09 15:01:49",0,368,3,2,0,29,3,4,1,3
1594306969,"2020-07-09 15:02:49",0,327,3,2,0,26,3,4,1,3
1594307029,"2020-07-09 15:03:49",0,309,19.62207,2.2575693,0,24,20,5,1,3
1594307089,"2020-07-09 15:04:49",0,345,3,2,0,27,3,4,1,3
1594307149,"2020-07-09 15:05:49",0,419,10.769722,3.035196,0,32,11,6,1,3
1594307209,"2020-07-09 15:06:49",0,501,3,2,0,38,3,4,1,3
1594307269,"2020-07-09 15:07:49",0,562,3,2,0,43,3,4,1,3
1594307329,"2020-07-09 15:08:49",0,611,3,2,0,46,3,4,1,3
1594307389,"2020-07-09 15:09:49",0,650,3,2,0,49,3,4,1,3
1594307449,"2020-07-09 15:10:49",0,668,3,2,0,50,3,4,1,3
1594307509,"2020-07-09 15:11:49",0,659,3,2,0,50,3,4,1,3
1594307569,"2020-07-09 15:12:49",0,670,13.995201,3.0328956,0,50,14,6,1,3
1594307629,"2020-07-09 15:13:49",0,677,19.0998,4.12243,0,51,19,8,1,4
1594307689,"2020-07-09 15:14:49",0,688,3,2,0,51,3,4,1,3
1594307749,"2020-07-09 15:15:49",0,706,3.4470005,2.4470005,0,52,3,5,1,3
1594307809,"2020-07-09 15:16:49",0,717,3,2,0,52,3,4,1,3
1594307869,"2020-07-09 15:17:49",0,712,14.115624,2.2882814,0,52,14,5,1,3
1594307929,"2020-07-09 15:18:49",0,701,3,2,0,51,3,4,1,3
1594307989,"2020-07-09 15:19:49",0,703,3,2,0,51,3,4,1,3
1594308049,"2020-07-09 15:20:49",0,707,28.868914,3.10248,0,52,29,6,1,3
1594308109,"2020-07-09 15:21:49",0,710,3,2,0,52,3,4,1,3
1594308169,"2020-07-09 15:22:49",0,719,39.050713,3.4847193,0,52,39,7,1,3
1594308229,"2020-07-09 15:23:49",0,708,3,2,0,52,3,4,1,3
1594308289,"2020-07-09 15:24:49",0,717,30.071972,8.082373,0,52,30,16,3,8
1594308349,"2020-07-09 15:25:49",0,737,4.604278,2.1285353,0,53,5,4,1,3
1594308409,"2020-07-09 15:26:49",0,735,77.208786,7.158372,0,53,95,14,1,3
1594308469,"2020-07-09 15:27:49",0,757,3,2,0,53,3,4,1,3
1594308529,"2020-07-09 15:28:49",0,742,3,2,0,53,3,4,1,3
1594308589,"2020-07-09 15:29:49",0,751,3,2,0,53,3,4,1,3
1594308649,"2020-07-09 15:30:49",0,743,88.13386,8.130327,0,53,105,16,1,3
1594308709,"2020-07-09 15:31:49",0,741,3,2,0,53,3,4,1,3
1594308769,"2020-07-09 15:32:49",0,743,9.805056,3.156621,0,53,10,6,1,3
1594308829,"2020-07-09 15:33:49",0,750,3,2,0,53,3,4,1,3
1594308889,"2020-07-09 15:34:49",0,764,12.486828,3.4874156,0,54,12,7,1,3
1594308949,"2020-07-09 15:35:49",0,756,3,2,0,53,3,4,1,3
1594309009,"2020-07-09 15:36:49",0,753,16.79259,5.148667,0,53,17,10,2,5
1594309069,"2020-07-09 15:37:49",0,760,3,2,0,53,3,4,1,3
1594309129,"2020-07-09 15:38:49",0,772,4.552501,2,0,54,5,4,1,3
1594309189,"2020-07-09 15:39:49",0,778,3,2,0,54,3,4,1,3
1594309249,"2020-07-09 15:40:49",1,763,3,2,1,54,3,4,1,3
1594309309,"2020-07-09 15:41:49",0,777,3,2,0,54,3,4,1,3
1594309369,"2020-07-09 15:42:49",0,779,3,2,0,54,3,4,1,3
1594309429,"2020-07-09 15:43:49",0,781,6.981451,3.1633148,0,54,7,6,1,3
1594309489,"2020-07-09 15:44:49",0,781,3.1194954,2,0,54,3,4,1,3
1594309549,"2020-07-09 15:45:49",0,784,3,2,0,54,3,4,1,3
1594309609,"2020-07-09 15:46:49",0,788,8.52823,3.123489,0,54,9,6,1,3
1594309669,"2020-07-09 15:47:49",0,802,8.0168,2,0,55,8,4,1,3
1594309729,"2020-07-09 15:48:49",0,813,10.7814045,3.665182,0,55,11,7,1,3
1594309789,"2020-07-09 15:49:49",0,830,3,2,0,56,3,4,1,3
1594309849,"2020-07-09 15:50:49",0,845,3,2,0,56,3,4,1,3
1594309909,"2020-07-09 15:51:49",0,869,8.677238,3.2070813,0,57,9,6,1,3
1594309969,"2020-07-09 15:52:49",0,884,9.523701,2.8665552,0,58,10,6,1,3
1594310029,"2020-07-09 15:53:49",0,896,5.4888673,2.7200203,0,58,5,5,1,3
1594310089,"2020-07-09 15:54:49",0,930,5.843445,2.041604,0,59,6,4,1,3
1594310149,"2020-07-09 15:55:49",0,930,3,2,0,59,3,4,1,3
1594310209,"2020-07-09 15:56:49",4,831,3,2,4,56,3,4,1,3
1594310269,"2020-07-09 15:57:49",6,622,13.313499,2,6,47,13,4,1,3
1594310329,"2020-07-09 15:58:49",6,535,26.84102,2,6,41,27,4,1,3
1594310389,"2020-07-09 15:59:49",7,495,8.48569,2,7,38,8,4,1,3
1594310449,"2020-07-09 16:00:49",6,470,177.09915,15.077391,6,36,161,30,2,5
1594310509,"2020-07-09 16:01:49",4,436,80.40607,5.275593,4,34,100,11,1,3
1594310569,"2020-07-09 16:02:49",4,446,12.368884,2,4,34,12,4,1,3
1594310629,"2020-07-09 16:03:49",2,564,43.159985,6.427472,2,43,43,13,1,4
1594310689,"2020-07-09 16:04:49",1,624,31.69982,3.9997668,1,47,32,8,1,3
1594310749,"2020-07-09 16:05:49",1,671,20.856674,4.275932,1,50,21,9,1,4
1594310809,"2020-07-09 16:06:49",0,667,9.365406,2,0,50,9,4,1,3
1594310869,"2020-07-09 16:07:49",0,689,3,2,0,51,3,4,1,3
1594310929,"2020-07-09 16:08:49",0,694,4.673595,2.5913687,0,51,5,5,1,3
1594310989,"2020-07-09 16:09:49",0,705,3,2,0,52,3,4,1,3
1594311049,"2020-07-09 16:10:49",3,647,33.41838,2.4340267,2,49,33,5,1,3
1594311109,"2020-07-09 16:11:49",1,500,3,2,1,38,3,4,1,3
1594311169,"2020-07-09 16:12:49",2,444,3,2,2,34,3,4,1,3
1594311229,"2020-07-09 16:13:49",2,510,21.134148,3.1243448,2,39,21,6,1,3
1594311289,"2020-07-09 16:14:49",1,534,3,2,1,41,3,4,1,3
1594311349,"2020-07-09 16:15:49",0,534,3,2,0,41,3,4,1,3
1594311409,"2020-07-09 16:16:49",0,541,3.412518,2,0,41,3,4,1,3
1594311469,"2020-07-09 16:17:49",0,549,3,2,0,42,3,4,1,3
1594311529,"2020-07-09 16:18:49",0,536,3,2,0,41,3,4,1,3
1594311589,"2020-07-09 16:19:49",1,533,3,2,1,41,3,4,1,3
1594311649,"2020-07-09 16:20:49",2,531,3,2,2,41,3,4,1,3
1594311709,"2020-07-09 16:21:49",2,527,12.164013,3.6292171,2,40,12,7,1,3
1594311769,"2020-07-09 16:22:49",3,524,3,2,3,40,3,4,1,3
1594311891,"2020-07-09 16:24:51",3,522,3,2,3,40,3,4,1,3
1594311951,"2020-07-09 16:25:51",3,531,5.839991,2.182207,3,41,6,4,1,3
1594312011,"2020-07-09 16:26:51",3,529,3,2,3,40,3,4,1,3
1594312071,"2020-07-09 16:27:51",3,521,5.325363,2.9573402,3,40,5,6,1,3
1594312131,"2020-07-09 16:28:51",3,534,10.780851,3.118936,3,41,11,6,1,3
1594312191,"2020-07-09 16:29:51",4,526,3,2,3,40,3,4,1,3
1594312251,"2020-07-09 16:30:51",3,523,4.9758334,2,3,40,5,4,1,3
1594312311,"2020-07-09 16:31:51",5,517,9.901648,2.736733,4,40,10,5,1,3
1594312371,"2020-07-09 16:32:51",4,518,14.436835,5.5606833,3,40,14,11,2,5
1594312431,"2020-07-09 16:33:51",4,518,7.74917,2.52627,3,40,8,5,1,3
1594312491,"2020-07-09 16:34:51",4,511,3,2,3,39,3,4,1,3
1594312551,"2020-07-09 16:35:51",6,481,25.501938,3.0844507,6,37,26,6,1,3
1594312611,"2020-07-09 16:36:51",6,411,18.818178,3.450257,6,32,19,7,1,3
1594312671,"2020-07-09 16:37:51",0,366,12.057866,2,0,28,12,4,1,3
1594312731,"2020-07-09 16:38:51",6,336,36.858395,3.34756,6,26,37,7,1,3
1594312791,"2020-07-09 16:39:51",6,316,42.249207,3.884801,6,25,42,8,1,3
1594312851,"2020-07-09 16:40:51",6,292,7.13168,2.3585424,6,23,7,5,1,3
1594312911,"2020-07-09 16:41:51",5,303,37.572105,3.066637,5,24,38,6,1,3
1594312971,"2020-07-09 16:42:51",4,312,3,2,4,25,3,4,1,3
1594313031,"2020-07-09 16:43:51",4,311,3,2,4,24,3,4,1,3
1594313091,"2020-07-09 16:44:51",3,302,14.550307,2,2,24,15,4,1,3
1594313151,"2020-07-09 16:45:51",6,275,3,2,6,22,3,4,1,3
1594313211,"2020-07-09 16:46:51",8,267,3,2,7,21,3,4,1,3
1594313271,"2020-07-09 16:47:51",0,256,15.013253,2.3179073,0,20,15,5,1,3
1594313331,"2020-07-09 16:48:51",12,250,3,2,11,20,3,4,1,3
1594313451,"2020-07-09 16:50:51",14,238,9.090008,2,13,19,9,4,1,3
1594313511,"2020-07-09 16:51:51",16,234,19.708538,2.6256962,15,19,20,5,1,3
1594313571,"2020-07-09 16:52:51",17,231,15.269167,2,16,18,15,4,1,3
1594313631,"2020-07-09 16:53:51",17,0,3,2,16,0,3,4,1,3
1594313751,"2020-07-09 16:55:51",19,233,3,2,18,19,3,4,1,3
1594313811,"2020-07-09 16:56:51",20,228,3,2,19,18,3,4,1,3
1594313871,"2020-07-09 16:57:51",0,222,26.775076,2,0,18,27,4,1,3
1594313931,"2020-07-09 16:58:51",21,217,3,2,20,17,3,4,1,3
1594314051,"2020-07-09 17:00:51",23,212,37.16877,3.831087,22,17,37,8,1,3
1594314111,"2020-07-09 17:01:51",24,213,59.2191,5.0338335,23,17,65,10,1,3
1594314171,"2020-07-09 17:02:51",24,208,45.090706,3.8305655,23,17,45,8,1,3
1594314231,"2020-07-09 17:03:51",24,204,119.5826,10.380331,25,16,125,21,1,3
1594314291,"2020-07-09 17:04:51",24,205,61.653336,5.573637,25,16,69,11,1,3
1594314351,"2020-07-09 17:05:51",24,206,50.55127,3.458765,25,16,51,7,1,3
1594314411,"2020-07-09 17:06:51",0,200,4.30751,2,0,16,4,4,1,3
1594314469,"2020-07-09 17:07:49",25,203,40.62175,2.8919811,25,16,41,6,1,3
1594314529,"2020-07-09 17:08:49",0,202,22.712502,2,0,16,23,4,1,3
1594314589,"2020-07-09 17:09:49",0,199,11.035012,2,0,16,11,4,1,3
1594314649,"2020-07-09 17:10:49",25,202,22.198612,2.107215,26,16,22,4,1,3
1594314709,"2020-07-09 17:11:49",25,203,56.258606,3.1130238,25,16,60,6,1,3
1594314769,"2020-07-09 17:12:49",25,202,12.879121,2,26,16,13,4,1,3
1594314889,"2020-07-09 17:14:49",25,195,140.90674,12.117699,25,16,138,24,1,3
1594315011,"2020-07-09 17:16:51",25,196,3,2,25,16,3,4,1,3
1594315071,"2020-07-09 17:17:51",25,194,60.097523,5.118271,25,16,67,10,1,3
1594315131,"2020-07-09 17:18:51",25,194,24.928852,2,25,16,25,4,1,3
1594315191,"2020-07-09 17:19:51",0,191,9.962484,2,0,15,10,4,1,3
1594315251,"2020-07-09 17:20:51",26,192,28.108997,2.649272,26,15,28,5,1,3
1594315311,"2020-07-09 17:21:51",26,191,64.45849,5.220652,27,15,74,10,2,4
1594315430,"2020-07-09 17:23:50",25,185,18.604473,2.619935,25,15,19,5,1,3
1594315490,"2020-07-09 17:24:50",26,186,56.97339,5.516514,26,15,62,11,1,3
1594315550,"2020-07-09 17:25:50",26,187,70.45285,5.361146,26,15,84,11,1,3
1594315610,"2020-07-09 17:26:50",26,182,78.565,6.2180033,26,15,98,12,1,3
1594315670,"2020-07-09 17:27:50",26,181,70.499695,4.6780367,26,14,84,9,1,3
1594315730,"2020-07-09 17:28:50",26,185,3,2,26,15,3,4,1,3
1594315790,"2020-07-09 17:29:50",26,182,4.964598,2,27,15,5,4,1,3
1594315850,"2020-07-09 17:30:50",26,179,6.750277,2,27,14,7,4,1,3
1594315910,"2020-07-09 17:31:50",26,178,24.841908,2.1452932,27,14,25,4,1,3
1594315970,"2020-07-09 17:32:50",26,180,50.625725,2.3252773,27,14,51,5,1,3
1594316030,"2020-07-09 17:33:50",26,176,3,2,27,14,3,4,1,3
1594316090,"2020-07-09 17:34:50",26,179,28.999067,2,27,14,29,4,1,3
1594316150,"2020-07-09 17:35:50",27,175,47.065308,3.594122,29,14,47,7,1,3
1594316210,"2020-07-09 17:36:50",26,174,5.912443,2,27,14,6,4,1,3
1594316270,"2020-07-09 17:37:50",26,177,110.522385,9.151365,27,14,119,18,1,3
1594316330,"2020-07-09 17:38:50",26,178,31.108974,2.9388304,27,14,31,6,1,3
1594316390,"2020-07-09 17:39:50",26,172,33.672268,2.7016163,27,14,34,5,1,3
1594316450,"2020-07-09 17:40:50",26,173,68.977615,4.9579506,27,14,82,10,1,3
1594316510,"2020-07-09 17:41:50",26,173,74.97698,6.2743406,26,14,92,13,1,3
1594316570,"2020-07-09 17:42:50",26,173,26.773508,2,27,14,27,4,1,3
1594316630,"2020-07-09 17:43:50",26,171,3,2,27,14,3,4,1,3
1594316690,"2020-07-09 17:44:50",26,167,17.822323,2,27,13,18,4,1,3
1594316750,"2020-07-09 17:45:50",26,165,60.838165,5.179865,27,13,68,10,1,3
1594316810,"2020-07-09 17:46:50",26,164,3,2,27,13,3,4,1,3
1594316870,"2020-07-09 17:47:50",26,164,26.943151,2,27,13,27,4,1,3
1594316930,"2020-07-09 17:48:50",27,164,3,2,29,13,3,4,1,3
1594316990,"2020-07-09 17:49:50",26,165,3,2,27,13,3,4,1,3
1594317050,"2020-07-09 17:50:50",26,162,3,2,27,13,3,4,1,3
1594317110,"2020-07-09 17:51:50",26,163,70.32171,4.5382013,27,13,84,9,1,3
1594317170,"2020-07-09 17:52:50",26,165,93.77887,5.968279,27,13,109,12,1,3
1594317230,"2020-07-09 17:53:50",26,164,3,2,27,13,3,4,1,3
1594317290,"2020-07-09 17:54:50",26,163,29.026787,2,27,13,29,4,1,3
1594317350,"2020-07-09 17:55:50",26,165,31.579231,2,27,13,32,4,1,3
1594317411,"2020-07-09 17:56:51",26,165,3,2,27,13,3,4,1,3
1594317471,"2020-07-09 17:57:51",26,168,10.026252,2,26,13,10,4,1,3
1594317531,"2020-07-09 17:58:51",26,163,13.588313,2,26,13,14,4,1,3
1594317591,"2020-07-09 17:59:51",26,167,3,2,26,13,3,4,1,3
1594317651,"2020-07-09 18:00:51",26,162,30.980938,2.0100212,27,13,31,4,1,3
1594317711,"2020-07-09 18:01:51",26,163,38.639374,2.411356,27,13,39,5,1,3
1594317771,"2020-07-09 18:02:51",26,162,3.6133423,2,27,13,4,4,1,3
1594317831,"2020-07-09 18:03:51",26,161,41.778214,2,27,13,42,4,1,3
1594317891,"2020-07-09 18:04:51",26,162,38.3472,2.3652544,26,13,38,5,1,3
1594318010,"2020-07-09 18:06:50",26,163,51.708344,2.5149937,26,13,53,5,1,3
1594318070,"2020-07-09 18:07:50",26,164,19.558912,2,26,13,20,4,1,3
1594318130,"2020-07-09 18:08:50",26,162,6.066772,2,26,13,6,4,1,3
1594318190,"2020-07-09 18:09:50",25,160,52.684322,2.861599,26,13,54,6,1,3
1594318250,"2020-07-09 18:10:50",26,163,19.003496,2,26,13,19,4,1,3
1594318310,"2020-07-09 18:11:50",26,161,3,2,26,13,3,4,1,3
1594318430,"2020-07-09 18:13:50",25,161,131.41151,10.279788,26,13,132,21,1,3
1594318490,"2020-07-09 18:14:50",25,160,17.459919,2,26,13,17,4,1,3
1594318850,"2020-07-09 18:20:50",25,160,25.755703,2,26,13,26,4,1,3
1594318911,"2020-07-09 18:21:51",25,158,3,2,26,13,3,4,1,3
1594319031,"2020-07-09 18:23:51",25,161,20.805155,2,26,13,21,4,1,3
1594319091,"2020-07-09 18:24:51",26,163,54.88527,3.71488,27,13,58,7,1,3
1594319151,"2020-07-09 18:25:51",25,161,13.882626,2,26,13,14,4,1,3
1594319211,"2020-07-09 18:26:51",25,161,46.237736,2.5772867,25,13,46,5,1,3
1594319271,"2020-07-09 18:27:51",25,162,23.203806,2,26,13,23,4,1,3
1594319331,"2020-07-09 18:28:51",25,162,18.606682,2,26,13,19,4,1,3
1594319391,"2020-07-09 18:29:51",26,160,39.097664,5.2106686,27,13,39,10,1,3
1594319451,"2020-07-09 18:30:51",25,163,3,2,26,13,3,4,1,3
1594319511,"2020-07-09 18:31:51",25,160,3,2,26,13,3,4,1,3
1594319571,"2020-07-09 18:32:51",25,161,82.52502,6.0644636,26,13,102,12,1,3
1594319629,"2020-07-09 18:33:49",0,163,3,2,0,13,3,4,1,3
1594319689,"2020-07-09 18:34:49",26,161,3,2,27,13,3,4,1,3
1594319749,"2020-07-09 18:35:49",0,161,36.993347,3.4771404,0,13,37,7,1,3
1594319809,"2020-07-09 18:36:49",25,156,3,2,26,12,3,4,1,3
1594319869,"2020-07-09 18:37:49",25,159,33.87245,3.291051,26,13,34,7,1,3
1594319929,"2020-07-09 18:38:49",26,159,39.643078,2.367488,27,13,40,5,1,3
1594319989,"2020-07-09 18:39:49",26,158,9.00107,2,27,13,9,4,1,3
1594320049,"2020-07-09 18:40:49",25,159,11.242742,2,26,13,11,4,1,3
1594320109,"2020-07-09 18:41:49",25,156,25.783745,2,26,12,26,4,1,3
1594320169,"2020-07-09 18:42:49",26,159,120.78495,7.8506346,27,13,125,16,1,3
1594320229,"2020-07-09 18:43:49",25,157,130.36624,10.6856785,26,13,131,21,1,4
1594320289,"2020-07-09 18:44:49",25,159,123.01685,9.854399,26,13,127,20,1,3
1594320349,"2020-07-09 18:45:49",26,161,27.602034,3.1002598,26,13,28,6,1,3
1594320409,"2020-07-09 18:46:49",26,158,105.66995,12.775982,27,13,116,26,5,13
1594320469,"2020-07-09 18:47:49",26,158,61.18579,4.4757223,26,13,69,9,1,3
1594320529,"2020-07-09 18:48:49",27,158,81.62906,8.083331,28,13,101,16,2,5
1594320589,"2020-07-09 18:49:49",26,159,49.287624,3.3001137,27,13,49,7,1,3
1594320649,"2020-07-09 18:50:49",26,159,72.90318,5.7809734,27,13,88,12,1,4
1594320709,"2020-07-09 18:51:49",26,159,54.362286,4.8059583,27,13,57,10,1,4
1594320769,"2020-07-09 18:52:49",26,157,21.460587,3.0052958,27,13,21,6,1,3
1594320829,"2020-07-09 18:53:49",27,155,63.27021,5.068115,28,12,72,10,1,3
1594320889,"2020-07-09 18:54:49",27,156,69.98967,6.0001464,28,12,83,12,1,3
1594320949,"2020-07-09 18:55:49",27,154,43.26056,3.318058,28,12,43,7,1,3
1594321009,"2020-07-09 18:56:49",26,154,53.510693,4.0587606,27,12,56,8,1,3
1594321069,"2020-07-09 18:57:49",26,155,55.083347,3.8612595,26,12,58,8,1,3
1594321129,"2020-07-09 18:58:49",26,156,34.38201,3.9857674,27,12,34,8,1,3
1594321189,"2020-07-09 18:59:49",26,159,44.604816,4.06713,27,13,45,8,1,3
1594321249,"2020-07-09 19:00:49",26,156,40.260975,3.0296488,27,12,40,6,1,3
1594321309,"2020-07-09 19:01:49",26,156,52.54942,4.6652603,27,12,54,9,1,3
1594321369,"2020-07-09 19:02:49",0,162,50.368084,4.2047625,0,13,51,8,1,3
1594321429,"2020-07-09 19:03:49",26,162,48.562717,3.5273123,27,13,49,7,1,3
1594321489,"2020-07-09 19:04:49",26,159,66.321846,5.135968,27,13,77,10,1,3
1594321549,"2020-07-09 19:05:49",26,160,58.78638,4.11137,27,13,65,8,1,3
1594321609,"2020-07-09 19:06:49",26,160,80.99298,6.779668,27,13,101,14,1,3
1594321669,"2020-07-09 19:07:49",26,159,56.341583,3.9883823,27,13,61,8,1,3
1594321729,"2020-07-09 19:08:49",27,157,45.5438,2.8489866,28,13,46,6,1,3
1594321789,"2020-07-09 19:09:49",26,159,38.421097,2.9754696,27,13,38,6,1,3
1594321849,"2020-07-09 19:10:49",27,157,79.26324,5.0753,28,13,99,10,1,3
1594321969,"2020-07-09 19:12:49",0,158,75.01297,6.8504305,0,13,92,14,1,3
1594322029,"2020-07-09 19:13:49",27,158,69.367004,5.800608,28,13,82,12,1,3
1594322089,"2020-07-09 19:14:49",27,160,69.466644,6.9240932,28,13,82,14,2,6
1594322149,"2020-07-09 19:15:49",27,0,105.54056,9.124578,28,0,116,18,1,3
1594322209,"2020-07-09 19:16:49",27,157,52.903877,4.810602,28,13,55,10,1,3
1594322269,"2020-07-09 19:17:49",27,158,46.586483,2.9791174,28,13,47,6,1,3
1594322329,"2020-07-09 19:18:49",27,160,52.861664,3.263053,28,13,55,7,1,3
1594322389,"2020-07-09 19:19:49",26,159,75.26991,6.229103,27,13,92,12,1,4
1594322449,"2020-07-09 19:20:49",27,158,89.2147,7.348219,28,13,106,15,1,3
1594322509,"2020-07-09 19:21:49",26,158,114.04181,8.778973,27,13,121,18,1,3
1594322569,"2020-07-09 19:22:49",0,161,141.92183,15.84093,0,13,139,32,5,12
1594322691,"2020-07-09 19:24:51",26,159,97.215164,7.4701242,27,13,111,15,1,3
1594322751,"2020-07-09 19:25:51",26,161,76.15593,5.75128,27,13,94,12,1,3
1594322811,"2020-07-09 19:26:51",26,164,119.25183,9.897172,27,13,125,20,1,3
1594322871,"2020-07-09 19:27:51",26,165,83.03176,6.3466625,27,13,102,13,1,3
1594322931,"2020-07-09 19:28:51",26,155,82.42679,6.5404024,27,12,102,13,1,3
1594322991,"2020-07-09 19:29:51",26,160,64.92776,5.364953,26,13,75,11,1,3
1594323051,"2020-07-09 19:30:51",0,159,60.1115,6.820218,0,13,67,14,3,9
1594323111,"2020-07-09 19:31:51",26,158,97.91774,7.6806,27,13,111,15,1,3
1594323171,"2020-07-09 19:32:51",26,159,88.68106,7.082302,27,13,105,14,1,3
1594323231,"2020-07-09 19:33:51",27,160,108.04269,7.2478456,28,13,118,14,1,3
1594323291,"2020-07-09 19:34:51",26,161,78.304405,6.704279,27,13,97,13,1,3
1594323351,"2020-07-09 19:35:51",27,158,110.87094,8.589269,28,13,119,17,1,3
1594323411,"2020-07-09 19:36:51",26,157,113.03074,8.462764,27,13,121,17,1,3
1594323471,"2020-07-09 19:37:51",26,159,122.57959,8.394005,27,13,127,17,1,3
1594323531,"2020-07-09 19:38:51",27,158,144.28906,12.882457,28,13,140,26,2,5
1594323591,"2020-07-09 19:39:51",26,164,129.09668,10.913823,26,13,131,22,1,4
1594323651,"2020-07-09 19:40:51",26,169,127.31058,11.317308,27,14,130,23,2,4
1594323711,"2020-07-09 19:41:51",26,186,114.37282,11.140607,26,15,121,22,2,4
1594323771,"2020-07-09 19:42:51",26,183,144.89072,11.935393,27,15,141,24,2,4
1594323831,"2020-07-09 19:43:51",26,173,122.85802,9.955753,27,14,127,20,2,4
1594323891,"2020-07-09 19:44:51",26,172,135.14127,11.832132,27,14,134,24,2,5
1594323951,"2020-07-09 19:45:51",26,168,136.91493,11.090873,27,13,136,22,1,3
1594324011,"2020-07-09 19:46:51",26,166,129.8038,11.393556,27,13,131,23,2,4
1594324071,"2020-07-09 19:47:51",26,165,95.33902,6.998191,27,13,110,14,1,3
1594324191,"2020-07-09 19:49:51",26,162,129.3649,10.406166,27,13,131,21,1,3
1594324251,"2020-07-09 19:50:51",26,168,124.03487,12.47396,27,13,128,25,3,6
1594324311,"2020-07-09 19:51:51",27,163,3,2,28,13,3,4,1,3
1594324371,"2020-07-09 19:52:51",27,164,134.7794,10.55533,28,13,134,21,1,3
1594324431,"2020-07-09 19:53:51",27,166,117.72635,10.396143,28,13,124,21,2,4
1594324491,"2020-07-09 19:54:51",27,164,129.2935,10.667784,28,13,131,21,1,3
1594324551,"2020-07-09 19:55:51",27,164,145.67378,12.551879,28,13,141,25,2,4
1594324611,"2020-07-09 19:56:51",27,161,143.85556,14.733813,28,13,140,29,2,5
1594324671,"2020-07-09 19:57:51",26,164,127.579636,11.725247,27,13,130,23,2,5
1594324731,"2020-07-09 19:58:51",26,162,109.38079,10.517166,27,13,118,21,3,7
1594324791,"2020-07-09 19:59:51",27,163,127.863525,11.542045,28,13,130,23,2,5
1594324851,"2020-07-09 20:00:51",26,163,125.209724,12.230392,27,13,128,24,2,6
1594324911,"2020-07-09 20:01:51",26,163,128.62946,12.290097,27,13,130,25,2,5
1594324971,"2020-07-09 20:02:51",27,159,125.67763,12.04703,28,13,129,24,2,5
1594325031,"2020-07-09 20:03:51",27,160,125.989265,12.844111,28,13,129,26,2,6
1594325091,"2020-07-09 20:04:51",26,162,118.48751,15.370184,27,13,124,31,6,14
1594325151,"2020-07-09 20:05:51",27,163,124.982155,14.94828,28,13,128,30,3,8
1594325211,"2020-07-09 20:06:51",26,162,127.832375,13.523039,27,13,130,27,2,6
1594325271,"2020-07-09 20:07:51",26,161,136.22101,14.083298,27,13,135,28,3,6
1594325331,"2020-07-09 20:08:51",26,160,122.34463,12.231506,27,13,126,24,3,7
1594325391,"2020-07-09 20:09:51",26,163,136.00235,13.241301,27,13,135,26,2,6
1594325451,"2020-07-09 20:10:51",26,162,146.17242,14.730856,27,13,141,29,2,5
1594325511,"2020-07-09 20:11:51",26,161,128.11401,12.358386,27,13,130,25,2,6
1594325571,"2020-07-09 20:12:51",27,162,140.37798,12.366374,28,13,138,25,2,6
1594325631,"2020-07-09 20:13:51",26,159,149.2528,13.348408,27,13,143,27,2,5
1594325691,"2020-07-09 20:14:51",26,162,150.73648,12.009127,27,13,144,24,1,3
1594325751,"2020-07-09 20:15:51",26,158,71.406166,6.59538,27,13,86,13,1,3
1594325811,"2020-07-09 20:16:51",27,160,57.674072,3.7991123,28,13,63,8,1,3
1594325871,"2020-07-09 20:17:51",26,161,3.3439798,2,27,13,3,4,1,3
1594325931,"2020-07-09 20:18:51",26,158,133.52956,11.509784,27,13,133,23,1,3
1594325991,"2020-07-09 20:19:51",27,160,102.95949,8.050444,28,13,114,16,1,3
1594326051,"2020-07-09 20:20:51",27,159,111.72709,7.8542624,28,13,120,16,1,3
1594326111,"2020-07-09 20:21:51",27,160,22.913542,3.9654498,28,13,23,8,3,6
1594326171,"2020-07-09 20:22:51",27,158,7.103951,2,28,13,7,4,1,3
1594326231,"2020-07-09 20:23:51",27,158,38.67725,2.5087156,28,13,39,5,1,3
1594326291,"2020-07-09 20:24:51",27,159,21.394764,2,29,13,21,4,1,3
1594326351,"2020-07-09 20:25:51",27,156,77.80951,5.619364,29,12,96,11,1,3
1594326411,"2020-07-09 20:26:51",27,156,23.464668,2.2553988,29,12,23,5,1,3
1594326471,"2020-07-09 20:27:51",26,158,14.378764,2,27,13,14,4,1,3
1594326531,"2020-07-09 20:28:51",27,159,15.975653,2,29,13,16,4,1,3
1594326591,"2020-07-09 20:29:51",27,159,71.59765,4.9016294,29,13,86,10,1,3
1594326651,"2020-07-09 20:30:51",27,157,38.0613,2.1325035,29,13,38,4,1,3
1594326711,"2020-07-09 20:31:51",26,158,8.609598,2,27,13,9,4,1,3
1594326771,"2020-07-09 20:32:51",0,157,107.03902,8.488762,0,13,117,17,1,3
1594326831,"2020-07-09 20:33:51",27,158,3,2,29,13,3,4,1,3
1594326891,"2020-07-09 20:34:51",28,157,25.186798,2,30,13,25,4,1,3
1594326951,"2020-07-09 20:35:51",26,157,33.071568,2,27,13,33,4,1,3
1594327011,"2020-07-09 20:36:51",27,156,76.05027,5.868102,29,12,93,12,1,3
1594327071,"2020-07-09 20:37:51",28,157,119.36181,9.695935,30,13,125,19,2,4
1594327131,"2020-07-09 20:38:51",27,159,152.93549,16.735647,29,13,146,33,4,9
1594327191,"2020-07-09 20:39:51",27,156,145.42227,14.903604,29,12,141,30,2,5
1594327251,"2020-07-09 20:40:51",27,157,8.880648,2,29,13,9,4,1,3
1594327311,"2020-07-09 20:41:51",28,156,110.98334,8.174862,30,12,119,16,1,3
1594327371,"2020-07-09 20:42:51",27,156,101.382935,17.97111,29,12,113,36,7,19
1594327431,"2020-07-09 20:43:51",28,156,58.621742,5.514803,30,12,64,11,1,3
1594327491,"2020-07-09 20:44:51",28,158,79.298355,5.760355,30,13,99,12,1,3
1594327551,"2020-07-09 20:45:51",28,157,151.43726,14.648294,30,13,145,29,2,5
1594327611,"2020-07-09 20:46:51",28,155,10.303557,2,30,12,10,4,1,3
1594327671,"2020-07-09 20:47:51",28,156,120.32545,8.8852005,30,12,125,18,1,3
1594327731,"2020-07-09 20:48:51",28,153,58.375767,5.0709763,30,12,64,10,1,3
1594327791,"2020-07-09 20:49:51",29,152,24.950027,2.097498,31,12,25,4,1,3
1594327851,"2020-07-09 20:50:51",28,153,13.031674,2,30,12,13,4,1,3
1594327911,"2020-07-09 20:51:51",28,153,81.59877,5.211981,30,12,101,10,1,3
1594327971,"2020-07-09 20:52:51",28,153,40.879875,4.971552,30,12,41,10,1,3
1594328031,"2020-07-09 20:53:51",28,154,43.9807,3.5459318,30,12,44,7,1,3
1594328091,"2020-07-09 20:54:51",28,151,34.602776,2.6922894,30,12,35,5,1,3
1594328151,"2020-07-09 20:55:51",28,154,65.73394,4.7172556,30,12,76,9,1,3
1594328211,"2020-07-09 20:56:51",28,153,24.459309,2.3717318,30,12,24,5,1,3
1594328271,"2020-07-09 20:57:51",28,156,3,2,30,12,3,4,1,3
1594328331,"2020-07-09 20:58:51",28,153,10.10126,2,30,12,10,4,1,3
1594328391,"2020-07-09 20:59:51",28,150,3,2,30,12,3,4,1,3
1594328451,"2020-07-09 21:00:51",29,151,53.22418,3.5270233,31,12,55,7,1,3
1594328511,"2020-07-09 21:01:51",28,155,3,2,30,12,3,4,1,3
1594328571,"2020-07-09 21:02:51",29,151,18.174883,2,31,12,18,4,1,3
1594328631,"2020-07-09 21:03:51",27,155,13.481833,2,29,12,13,4,1,3
1594328691,"2020-07-09 21:04:51",28,153,6.9542046,2,30,12,7,4,1,3
1594328751,"2020-07-09 21:05:51",28,152,3,2,30,12,3,4,1,3
1594328811,"2020-07-09 21:06:51",28,153,3,2,30,12,3,4,1,3
1594328871,"2020-07-09 21:07:51",28,154,11.575034,2,30,12,12,4,1,3
1594328931,"2020-07-09 21:08:51",28,154,11.823091,2,30,12,12,4,1,3
1594328991,"2020-07-09 21:09:51",28,154,3,2,30,12,3,4,1,3
1594329051,"2020-07-09 21:10:51",28,153,47.84363,2.9540138,30,12,48,6,1,3
1594329111,"2020-07-09 21:11:51",28,153,3,2,30,12,3,4,1,3
1594329171,"2020-07-09 21:12:51",28,152,3,2,30,12,3,4,1,3
1594329231,"2020-07-09 21:13:51",28,153,3,2,30,12,3,4,1,3
1594329291,"2020-07-09 21:14:51",28,152,3,2,30,12,3,4,1,3
1594329351,"2020-07-09 21:15:51",29,152,18.083233,2,31,12,18,4,1,3
1594329411,"2020-07-09 21:16:51",29,153,60.88288,5.279482,31,12,68,11,1,3
1594329471,"2020-07-09 21:17:51",28,151,16.86827,2,30,12,17,4,1,3
1594329591,"2020-07-09 21:19:51",29,150,3,2,31,12,3,4,1,3
1594329651,"2020-07-09 21:20:51",29,151,3,2,31,12,3,4,1,3
1594329711,"2020-07-09 21:21:51",30,148,7.8144965,2,32,12,8,4,1,3
1594329771,"2020-07-09 21:22:51",0,149,87.48698,6.8090277,0,12,105,14,1,3
1594329831,"2020-07-09 21:23:51",29,149,3,2,31,12,3,4,1,3
1594329891,"2020-07-09 21:24:51",29,148,14.93201,2,31,12,15,4,1,3
1594329951,"2020-07-09 21:25:51",29,148,3,2,31,12,3,4,1,3
1594330011,"2020-07-09 21:26:51",29,145,53.69896,3.0699663,31,12,56,6,1,3
1594330071,"2020-07-09 21:27:51",30,146,50.304157,3.9333115,32,12,51,8,1,3
1594330131,"2020-07-09 21:28:51",29,147,3,2,31,12,3,4,1,3
1594330191,"2020-07-09 21:29:51",29,145,3,2,31,12,3,4,1,3
1594330251,"2020-07-09 21:30:51",29,147,7.250066,2,31,12,7,4,1,3
1594330311,"2020-07-09 21:31:51",29,150,35.244144,3.0109978,31,12,35,6,1,3
1594330431,"2020-07-09 21:33:51",28,149,3,2,30,12,3,4,1,3
1594330491,"2020-07-09 21:34:51",28,150,23.199211,2,30,12,23,4,1,3
1594330551,"2020-07-09 21:35:51",28,149,29.099297,2,30,12,29,4,1,3
1594330611,"2020-07-09 21:36:51",27,150,62.905827,4.08012,29,12,72,8,1,3
1594330671,"2020-07-09 21:37:51",29,0,3,2,31,0,3,4,1,3
1594330731,"2020-07-09 21:38:51",28,150,28.62284,2.2418985,30,12,29,4,1,3
1594330791,"2020-07-09 21:39:51",28,150,3,2,30,12,3,4,1,3
1594330851,"2020-07-09 21:40:51",29,148,3,2,31,12,3,4,1,3
1594330911,"2020-07-09 21:41:51",28,151,3,2,30,12,3,4,1,3
1594330971,"2020-07-09 21:42:51",0,151,19.638504,2,0,12,20,4,1,3
1594331031,"2020-07-09 21:43:51",28,149,3,2,30,12,3,4,1,3
1594331091,"2020-07-09 21:44:51",28,148,3,2,30,12,3,4,1,3
1594331151,"2020-07-09 21:45:51",28,150,37.597343,3.1382942,30,12,38,6,1,3
1594331211,"2020-07-09 21:46:51",28,151,21.3981,2,30,12,21,4,1,3
1594331271,"2020-07-09 21:47:51",28,148,3,2,30,12,3,4,1,3
1594331331,"2020-07-09 21:48:51",28,151,3,2,30,12,3,4,1,3
1594331391,"2020-07-09 21:49:51",27,149,3,2,29,12,3,4,1,3
1594331451,"2020-07-09 21:50:51",28,154,3,2,30,12,3,4,1,3
1594331511,"2020-07-09 21:51:51",0,151,3,2,0,12,3,4,1,3
1594331571,"2020-07-09 21:52:51",28,152,24.439053,2,30,12,24,4,1,3
1594331631,"2020-07-09 21:53:51",28,152,14.246244,2,30,12,14,4,1,3
1594331691,"2020-07-09 21:54:51",28,150,41.105465,2.6173925,30,12,41,5,1,3
1594331751,"2020-07-09 21:55:51",28,152,3,2,30,12,3,4,1,3
1594331811,"2020-07-09 21:56:51",28,149,19.194653,2,30,12,19,4,1,3
1594331871,"2020-07-09 21:57:51",28,149,3,2,30,12,3,4,1,3
1594331931,"2020-07-09 21:58:51",28,150,6.458123,2,30,12,6,4,1,3
1594331991,"2020-07-09 21:59:51",28,154,3,2,30,12,3,4,1,3
1594332051,"2020-07-09 22:00:51",27,152,18.910442,2.2842236,29,12,19,5,1,3
1594332111,"2020-07-09 22:01:51",28,153,3,2,30,12,3,4,1,3
1594332171,"2020-07-09 22:02:51",28,153,3,2,30,12,3,4,1,3
1594332231,"2020-07-09 22:03:51",27,154,3,2,29,12,3,4,1,3
1594332291,"2020-07-09 22:04:51",27,154,5.550599,2,29,12,6,4,1,3
1594332351,"2020-07-09 22:05:51",27,156,39.451702,2.492608,29,12,39,5,1,3
1594332411,"2020-07-09 22:06:51",27,154,42.293045,3.5430899,29,12,42,7,1,3
1594332471,"2020-07-09 22:07:51",27,153,3,2,29,12,3,4,1,3
1594332531,"2020-07-09 22:08:51",28,153,3,2,30,12,3,4,1,3
1594332591,"2020-07-09 22:09:51",27,153,3,2,29,12,3,4,1,3
1594332651,"2020-07-09 22:10:51",27,154,13.957414,2,29,12,14,4,1,3
1594332711,"2020-07-09 22:11:51",27,155,27.86607,2.5479946,29,12,28,5,1,3
1594332771,"2020-07-09 22:12:51",27,154,4.296036,2,29,12,4,4,1,3
1594332831,"2020-07-09 22:13:51",28,155,3,2,30,12,3,4,1,3
1594332891,"2020-07-09 22:14:51",27,155,3,2,29,12,3,4,1,3
1594332951,"2020-07-09 22:15:51",27,153,3,2,29,12,3,4,1,3
1594333011,"2020-07-09 22:16:51",28,151,50.944717,3.3923912,30,12,52,7,1,3
1594333071,"2020-07-09 22:17:51",28,151,3,2,30,12,3,4,1,3
1594333131,"2020-07-09 22:18:51",28,152,3,2,30,12,3,4,1,3
1594333191,"2020-07-09 22:19:51",28,152,21.258026,2,30,12,21,4,1,3
1594333251,"2020-07-09 22:20:51",28,155,3,2,30,12,3,4,1,3
1594333311,"2020-07-09 22:21:51",28,152,3,2,30,12,3,4,1,3
1594333371,"2020-07-09 22:22:51",28,149,3,2,30,12,3,4,1,3
1594333431,"2020-07-09 22:23:51",28,153,63.15308,4.2674675,30,12,72,9,1,3
1594333491,"2020-07-09 22:24:51",28,149,46.563538,3.685359,30,12,47,7,1,3
1594333551,"2020-07-09 22:25:51",28,150,3,2,30,12,3,4,1,3
1594333611,"2020-07-09 22:26:51",29,150,3,2,31,12,3,4,1,3
1594333671,"2020-07-09 22:27:51",29,151,3,2,31,12,3,4,1,3
1594333731,"2020-07-09 22:28:51",30,150,30.843603,2,32,12,31,4,1,3
1594333791,"2020-07-09 22:29:51",29,150,13.288996,2,31,12,13,4,1,3
1594333851,"2020-07-09 22:30:51",29,150,9.038074,2,31,12,9,4,1,3
1594333911,"2020-07-09 22:31:51",30,150,3,2,33,12,3,4,1,3
1594333971,"2020-07-09 22:32:51",28,151,3,2,30,12,3,4,1,3
1594334031,"2020-07-09 22:33:51",29,150,3,2,31,12,3,4,1,3
1594334091,"2020-07-09 22:34:51",29,148,16.65075,2,31,12,17,4,1,3
1594334151,"2020-07-09 22:35:51",29,151,3,2,31,12,3,4,1,3
1594334211,"2020-07-09 22:36:51",28,151,12.695102,2,30,12,13,4,1,3
1594334271,"2020-07-09 22:37:51",28,153,3,2,30,12,3,4,1,3
1594334331,"2020-07-09 22:38:51",28,152,24.672318,2,30,12,25,4,1,3
1594334391,"2020-07-09 22:39:51",28,152,3,2,30,12,3,4,1,3
1594334451,"2020-07-09 22:40:51",29,152,3,2,31,12,3,4,1,3
1594334511,"2020-07-09 22:41:51",28,153,3,2,30,12,3,4,1,3
1594334571,"2020-07-09 22:42:51",28,154,3,2,30,12,3,4,1,3
1594334631,"2020-07-09 22:43:51",28,153,3,2,30,12,3,4,1,3
1594334691,"2020-07-09 22:44:51",28,152,14.213483,2,30,12,14,4,1,3
1594334811,"2020-07-09 22:46:51",28,152,19.588087,2,30,12,20,4,1,3
1594334871,"2020-07-09 22:47:51",28,154,3,2,30,12,3,4,1,3
1594334931,"2020-07-09 22:48:51",28,153,3,2,30,12,3,4,1,3
1594334991,"2020-07-09 22:49:51",28,155,3,2,30,12,3,4,1,3
1594335051,"2020-07-09 22:50:51",28,153,23.881289,2,30,12,24,4,1,3
1594335111,"2020-07-09 22:51:51",29,151,3,2,31,12,3,4,1,3
1594335171,"2020-07-09 22:52:51",28,155,3,2,30,12,3,4,1,3
1594335231,"2020-07-09 22:53:51",28,155,3,2,30,12,3,4,1,3
1594335291,"2020-07-09 22:54:51",28,152,12.908546,2,30,12,13,4,1,3
1594335351,"2020-07-09 22:55:51",28,156,7.6089764,2,30,12,8,4,1,3
1594335411,"2020-07-09 22:56:51",28,152,7.4338136,2,30,12,7,4,1,3
1594335471,"2020-07-09 22:57:51",28,153,3,2,30,12,3,4,1,3
1594335531,"2020-07-09 22:58:51",28,155,3,2,30,12,3,4,1,3
1594335591,"2020-07-09 22:59:51",28,154,3,2,30,12,3,4,1,3
1594335651,"2020-07-09 23:00:51",28,156,3,2,29,12,3,4,1,3
1594335711,"2020-07-09 23:01:51",28,156,5.609161,2,30,12,6,4,1,3
1594335771,"2020-07-09 23:02:51",29,155,3,2,31,12,3,4,1,3
1594335831,"2020-07-09 23:03:51",29,155,3,2,31,12,3,4,1,3
1594335891,"2020-07-09 23:04:51",29,160,11.648098,2,31,13,12,4,1,3
1594335951,"2020-07-09 23:05:51",28,158,3,2,30,13,3,4,1,3
1594336011,"2020-07-09 23:06:51",28,159,3,2,30,13,3,4,1,3
1594336071,"2020-07-09 23:07:51",29,157,3,2,31,13,3,4,1,3
1594336131,"2020-07-09 23:08:51",29,155,3,2,31,12,3,4,1,3
1594336191,"2020-07-09 23:09:51",29,158,3,2,31,13,3,4,1,3
1594336251,"2020-07-09 23:10:51",29,157,3,2,31,13,3,4,1,3
1594336311,"2020-07-09 23:11:51",28,155,3,2,30,12,3,4,1,3
1594336371,"2020-07-09 23:12:51",30,156,3,2,32,12,3,4,1,3
1594336431,"2020-07-09 23:13:51",29,156,3,2,31,12,3,4,1,3
1594336491,"2020-07-09 23:14:51",30,153,7.521801,2,33,12,8,4,1,3
1594336551,"2020-07-09 23:15:51",29,156,3,2,31,12,3,4,1,3
1594336611,"2020-07-09 23:16:51",29,153,3,2,31,12,3,4,1,3
1594336671,"2020-07-09 23:17:51",30,155,3,2,33,12,3,4,1,3
1594336731,"2020-07-09 23:18:51",29,152,3,2,31,12,3,4,1,3
1594336791,"2020-07-09 23:19:51",29,153,41.627556,3.2068844,31,12,42,6,1,3
1594336911,"2020-07-09 23:21:51",30,153,4.311639,2,33,12,4,4,1,3
1594336971,"2020-07-09 23:22:51",31,155,5.9622684,2,33,12,6,4,1,3
1594337031,"2020-07-09 23:23:51",30,152,3,2,33,12,3,4,1,3
1594337091,"2020-07-09 23:24:51",30,155,3,2,33,12,3,4,1,3
1594337151,"2020-07-09 23:25:51",31,152,7.6664934,2,34,12,8,4,1,3
1594337211,"2020-07-09 23:26:51",29,154,3,2,31,12,3,4,1,3
1594337271,"2020-07-09 23:27:51",30,153,3.2132735,2,33,12,3,4,1,3
1594337331,"2020-07-09 23:28:51",30,154,3,2,33,12,3,4,1,3
1594337391,"2020-07-09 23:29:51",31,154,3,2,34,12,3,4,1,3
