1593419111,"2020-06-29 08:25:11",0,931,3,2,0,59,3,4,1,3
1593419171,"2020-06-29 08:26:11",0,779,3,2,0,54,3,4,1,3
1593419231,"2020-06-29 08:27:11",2,700,3,2,2,51,3,4,1,3
1593419291,"2020-06-29 08:28:11",3,657,3,2,3,50,3,4,1,3
1593419351,"2020-06-29 08:29:11",5,629,3,2,5,48,3,4,1,3
1593419411,"2020-06-29 08:30:11",6,599,3,2,6,46,3,4,1,3
1593419471,"2020-06-29 08:31:11",8,577,3,2,8,44,3,4,1,3
1593419531,"2020-06-29 08:32:11",8,562,21.978561,2,8,43,22,4,1,3
1593419591,"2020-06-29 08:33:11",10,544,3,2,9,42,3,4,1,3
1593419651,"2020-06-29 08:34:11",10,534,3,2,9,41,3,4,1,3
1593419711,"2020-06-29 08:35:11",12,525,3,2,11,40,3,4,1,3
1593419771,"2020-06-29 08:36:11",13,518,3,2,13,40,3,4,1,3
1593419831,"2020-06-29 08:37:11",13,501,3,2,13,38,3,4,1,3
1593419891,"2020-06-29 08:38:11",14,492,3,2,13,38,3,4,1,3
1593419951,"2020-06-29 08:39:11",15,487,3,2,14,37,3,4,1,3
1593420011,"2020-06-29 08:40:11",15,485,3,2,14,37,3,4,1,3
1593420071,"2020-06-29 08:41:11",15,475,3,2,14,36,3,4,1,3
1593420131,"2020-06-29 08:42:11",15,469,3,2,14,36,3,4,1,3
1593420191,"2020-06-29 08:43:11",16,462,3,2,15,36,3,4,1,3
1593420251,"2020-06-29 08:44:11",17,468,3,2,16,36,3,4,1,3
1593420311,"2020-06-29 08:45:11",19,456,3,2,18,35,3,4,1,3
1593420371,"2020-06-29 08:46:11",19,445,3,2,18,34,3,4,1,3
1593420431,"2020-06-29 08:47:11",19,443,3,2,18,34,3,4,1,3
1593420491,"2020-06-29 08:48:11",20,453,3,2,18,35,3,4,1,3
1593420551,"2020-06-29 08:49:11",20,434,4.0922594,2,19,33,4,4,1,3
1593420611,"2020-06-29 08:50:11",20,432,3,2,18,33,3,4,1,3
1593420671,"2020-06-29 08:51:11",20,425,3,2,19,33,3,4,1,3
1593420731,"2020-06-29 08:52:11",20,423,3,2,19,33,3,4,1,3
1593420791,"2020-06-29 08:53:11",21,423,3,2,20,33,3,4,1,3
1593420851,"2020-06-29 08:54:11",21,419,3,2,19,32,3,4,1,3
1593420911,"2020-06-29 08:55:11",23,405,3,2,22,31,3,4,1,3
1593420971,"2020-06-29 08:56:11",22,406,9.698488,2.0025148,21,31,10,4,1,3
1593421031,"2020-06-29 08:57:11",22,410,3,2,21,32,3,4,1,3
1593421091,"2020-06-29 08:58:11",22,405,3,2,21,31,3,4,1,3
1593421151,"2020-06-29 08:59:11",22,403,3,2,21,31,3,4,1,3
1593421211,"2020-06-29 09:00:11",22,410,3,2,21,32,3,4,1,3
1593421271,"2020-06-29 09:01:11",22,413,3,2,21,32,3,4,1,3
1593421331,"2020-06-29 09:02:11",22,408,3,2,21,32,3,4,1,3
1593421391,"2020-06-29 09:03:11",22,405,3,2,21,31,3,4,1,3
1593421451,"2020-06-29 09:04:11",23,404,3,2,23,31,3,4,1,3
1593421511,"2020-06-29 09:05:11",22,404,9.943294,2,21,31,10,4,1,3
1593421571,"2020-06-29 09:06:11",22,399,3,2,21,31,3,4,1,3
1593421631,"2020-06-29 09:07:11",22,398,3,2,21,31,3,4,1,3
1593421691,"2020-06-29 09:08:11",23,401,3,2,23,31,3,4,1,3
1593421751,"2020-06-29 09:09:11",22,400,3,2,21,31,3,4,1,3
1593421811,"2020-06-29 09:10:11",22,400,3,2,21,31,3,4,1,3
1593421871,"2020-06-29 09:11:11",22,398,3,2,21,31,3,4,1,3
1593421931,"2020-06-29 09:12:11",23,402,3,2,23,31,3,4,1,3
1593421991,"2020-06-29 09:13:11",23,400,3,2,23,31,3,4,1,3
1593422051,"2020-06-29 09:14:11",22,396,3,2,21,31,3,4,1,3
1593422111,"2020-06-29 09:15:11",22,404,3,2,21,31,3,4,1,3
1593422171,"2020-06-29 09:16:11",22,396,3,2,21,31,3,4,1,3
1593422231,"2020-06-29 09:17:11",22,390,3,2,21,30,3,4,1,3
1593422291,"2020-06-29 09:18:11",22,392,3,2,21,30,3,4,1,3
1593422351,"2020-06-29 09:19:11",22,390,3,2,21,30,3,4,1,3
1593422411,"2020-06-29 09:20:11",22,387,10.087911,2,21,30,10,4,1,3
1593422471,"2020-06-29 09:21:11",22,387,3,2,21,30,3,4,1,3
1593422531,"2020-06-29 09:22:11",23,392,3,2,22,30,3,4,1,3
1593422591,"2020-06-29 09:23:11",22,387,3,2,21,30,3,4,1,3
1593422651,"2020-06-29 09:24:11",22,384,3,2,21,30,3,4,1,3
1593422711,"2020-06-29 09:25:11",0,394,3,2,0,31,3,4,1,3
1593422771,"2020-06-29 09:26:11",22,389,3,2,21,30,3,4,1,3
1593422831,"2020-06-29 09:27:11",22,380,3,2,21,30,3,4,1,3
1593422891,"2020-06-29 09:28:11",22,387,3,2,21,30,3,4,1,3
1593423011,"2020-06-29 09:30:11",23,381,3,2,22,30,3,4,1,3
1593423071,"2020-06-29 09:31:11",23,390,3,2,22,30,3,4,1,3
1593423131,"2020-06-29 09:32:11",22,384,3,2,21,30,3,4,1,3
1593423191,"2020-06-29 09:33:11",22,386,3,2,21,30,3,4,1,3
1593423251,"2020-06-29 09:34:11",22,0,3,2,21,0,3,4,1,3
1593423311,"2020-06-29 09:35:11",0,384,3,2,0,30,3,4,1,3
1593423371,"2020-06-29 09:36:11",22,382,3,2,21,30,3,4,1,3
1593423431,"2020-06-29 09:37:11",22,382,6.594809,2,21,30,7,4,1,3
1593423491,"2020-06-29 09:38:11",22,384,3,2,21,30,3,4,1,3
1593423551,"2020-06-29 09:39:11",22,386,3,2,21,30,3,4,1,3
1593423611,"2020-06-29 09:40:11",22,385,3,2,21,30,3,4,1,3
1593423671,"2020-06-29 09:41:11",22,382,3,2,21,30,3,4,1,3
1593423731,"2020-06-29 09:42:11",22,390,9.281673,2,21,30,9,4,1,3
1593423791,"2020-06-29 09:43:11",22,381,3,2,21,30,3,4,1,3
1593423851,"2020-06-29 09:44:11",22,385,3,2,21,30,3,4,1,3
1593423911,"2020-06-29 09:45:11",0,386,3,2,0,30,3,4,1,3
1593423971,"2020-06-29 09:46:11",22,383,3,2,21,30,3,4,1,3
1593424031,"2020-06-29 09:47:11",22,385,3,2,21,30,3,4,1,3
1593424091,"2020-06-29 09:48:11",0,387,3,2,0,30,3,4,1,3
1593424151,"2020-06-29 09:49:11",22,379,3,2,21,29,3,4,1,3
1593424211,"2020-06-29 09:50:11",22,378,3,2,21,29,3,4,1,3
1593424271,"2020-06-29 09:51:11",22,386,3,2,21,30,3,4,1,3
1593424331,"2020-06-29 09:52:11",21,402,3,2,20,31,3,4,1,3
1593424391,"2020-06-29 09:53:11",19,398,4.521691,2,17,31,5,4,1,3
1593424451,"2020-06-29 09:54:11",18,389,3,2,17,30,3,4,1,3
1593424511,"2020-06-29 09:55:11",13,386,3,2,13,30,3,4,1,3
1593424571,"2020-06-29 09:56:11",13,386,3,2,13,30,3,4,1,3
1593424631,"2020-06-29 09:57:11",13,394,3,2,13,31,3,4,1,3
1593424691,"2020-06-29 09:58:11",13,391,3,2,13,30,3,4,1,3
1593424751,"2020-06-29 09:59:11",14,390,3,2,13,30,3,4,1,3
1593424811,"2020-06-29 10:00:11",14,388,13.445666,2,13,30,13,4,1,3
1593424871,"2020-06-29 10:01:11",14,388,3,2,13,30,3,4,1,3
1593424931,"2020-06-29 10:02:11",14,389,3,2,13,30,3,4,1,3
1593424991,"2020-06-29 10:03:11",14,383,15.468551,2,13,30,15,4,1,3
1593425051,"2020-06-29 10:04:11",15,387,16.151136,2,14,30,16,4,1,3
1593425111,"2020-06-29 10:05:11",10,385,12.605655,2,9,30,13,4,1,3
1593425171,"2020-06-29 10:06:11",10,384,3,2,9,30,3,4,1,3
1593425231,"2020-06-29 10:07:11",10,381,3,2,9,30,3,4,1,3
1593425291,"2020-06-29 10:08:11",9,387,3,2,9,30,3,4,1,3
1593425351,"2020-06-29 10:09:11",10,386,3,2,9,30,3,4,1,3
1593425411,"2020-06-29 10:10:11",10,388,3,2,9,30,3,4,1,3
1593425471,"2020-06-29 10:11:11",10,383,3,2,9,30,3,4,1,3
1593425531,"2020-06-29 10:12:11",10,385,3,2,9,30,3,4,1,3
1593425591,"2020-06-29 10:13:11",10,381,8.86009,2,9,30,9,4,1,3
1593425651,"2020-06-29 10:14:11",10,382,3,2,9,30,3,4,1,3
1593425711,"2020-06-29 10:15:11",5,383,3,2,4,30,3,4,1,3
1593425771,"2020-06-29 10:16:11",5,383,3,2,4,30,3,4,1,3
1593425831,"2020-06-29 10:17:11",5,388,3,2,4,30,3,4,1,3
1593425891,"2020-06-29 10:18:11",5,382,7.923714,2,4,30,8,4,1,3
1593425951,"2020-06-29 10:19:11",5,381,3,2,4,30,3,4,1,3
1593426011,"2020-06-29 10:20:11",5,375,3,2,4,29,3,4,1,3
1593426071,"2020-06-29 10:21:11",6,377,3,2,5,29,3,4,1,3
1593426131,"2020-06-29 10:22:11",6,380,9.974356,2,5,30,10,4,1,3
1593426191,"2020-06-29 10:23:11",5,377,3.0177803,2,4,29,3,4,1,3
1593426251,"2020-06-29 10:24:11",6,377,3,2,5,29,3,4,1,3
1593426311,"2020-06-29 10:25:11",5,379,3,2,4,29,3,4,1,3
1593426371,"2020-06-29 10:26:11",6,378,3,2,5,29,3,4,1,3
1593426431,"2020-06-29 10:27:11",5,374,3,2,4,29,3,4,1,3
1593426491,"2020-06-29 10:28:11",5,381,3,2,4,30,3,4,1,3
1593426551,"2020-06-29 10:29:11",5,378,3,2,4,29,3,4,1,3
1593426611,"2020-06-29 10:30:11",5,372,3,2,4,29,3,4,1,3
1593426671,"2020-06-29 10:31:11",5,383,3,2,4,30,3,4,1,3
1593426731,"2020-06-29 10:32:11",5,377,9.577528,2,4,29,10,4,1,3
1593426791,"2020-06-29 10:33:11",6,366,7.4435134,2,5,28,7,4,1,3
1593426851,"2020-06-29 10:34:11",6,395,22.12926,2,5,31,22,4,1,3
1593426911,"2020-06-29 10:35:11",1,379,3,2,1,29,3,4,1,3
1593426971,"2020-06-29 10:36:11",3,377,3,2,3,29,3,4,1,3
1593427031,"2020-06-29 10:37:11",3,378,3,2,3,29,3,4,1,3
1593427091,"2020-06-29 10:38:11",3,378,7.6064463,2,3,29,8,4,1,3
1593427151,"2020-06-29 10:39:11",3,379,3,2,3,29,3,4,1,3
1593427211,"2020-06-29 10:40:11",4,377,28.10602,2,4,29,28,4,1,3
1593427271,"2020-06-29 10:41:11",4,380,11.388756,2,4,30,11,4,1,3
1593427331,"2020-06-29 10:42:11",4,371,20.202354,2,4,29,20,4,1,3
1593427391,"2020-06-29 10:43:11",4,379,34.645992,3.5751305,4,29,35,7,1,3
1593427451,"2020-06-29 10:44:11",4,373,3.4255407,2,4,29,3,4,1,3
1593427511,"2020-06-29 10:45:11",5,378,3,2,4,29,3,4,1,3
1593427571,"2020-06-29 10:46:11",5,371,3,2,4,29,3,4,1,3
1593427631,"2020-06-29 10:47:11",4,379,3,2,4,29,3,4,1,3
1593427691,"2020-06-29 10:48:11",5,377,38.31611,2.63311,4,29,38,5,1,3
1593427751,"2020-06-29 10:49:11",3,377,3,2,3,29,3,4,1,3
1593427811,"2020-06-29 10:50:11",4,376,3,2,4,29,3,4,1,3
1593427871,"2020-06-29 10:51:11",4,375,6.51294,2,4,29,7,4,1,3
1593427931,"2020-06-29 10:52:11",4,382,65.2402,4.729518,4,30,75,9,1,3
1593427991,"2020-06-29 10:53:11",4,376,3,2,4,29,3,4,1,3
1593428051,"2020-06-29 10:54:11",4,378,5.191613,2,4,29,5,4,1,3
1593428111,"2020-06-29 10:55:11",4,374,47.846382,3.351386,4,29,48,7,1,3
1593428171,"2020-06-29 10:56:11",5,377,3,2,4,29,3,4,1,3
1593428231,"2020-06-29 10:57:11",5,371,17.715668,2,4,29,18,4,1,3
1593428291,"2020-06-29 10:58:11",5,374,5.122521,2,4,29,5,4,1,3
1593428351,"2020-06-29 10:59:11",5,374,3,2,4,29,3,4,1,3
1593428411,"2020-06-29 11:00:11",4,376,41.433308,3.4347906,4,29,41,7,1,3
1593428471,"2020-06-29 11:01:11",4,376,19.929846,2,4,29,20,4,1,3
1593428531,"2020-06-29 11:02:11",4,375,3,2,4,29,3,4,1,3
1593428591,"2020-06-29 11:03:11",4,377,13.213106,2,4,29,13,4,1,3
1593428651,"2020-06-29 11:04:11",5,371,22.626497,2,4,29,23,4,1,3
1593428711,"2020-06-29 11:05:11",6,375,30.996586,2.0052004,5,29,31,4,1,3
1593428771,"2020-06-29 11:06:11",5,371,36.282413,3.356762,4,29,36,7,1,3
1593428831,"2020-06-29 11:07:11",5,372,42.24231,3.5976648,4,29,42,7,1,3
1593428891,"2020-06-29 11:08:11",5,374,26.333885,2.5168333,4,29,26,5,1,3
1593428951,"2020-06-29 11:09:11",5,374,19.616707,2,4,29,20,4,1,3
1593429011,"2020-06-29 11:10:11",5,370,18.024733,2,4,29,18,4,1,3
1593429071,"2020-06-29 11:11:11",5,366,3,2,4,28,3,4,1,3
1593429131,"2020-06-29 11:12:11",5,370,57.56066,4.3110304,4,29,63,9,1,3
1593429191,"2020-06-29 11:13:11",4,370,31.994732,2.7246609,4,29,32,5,1,3
1593429251,"2020-06-29 11:14:11",5,366,66.68415,4.321867,4,28,78,9,1,3
1593429311,"2020-06-29 11:15:11",5,361,32.313797,2.5318213,4,28,32,5,1,3
1593429371,"2020-06-29 11:16:11",6,362,3,2,5,28,3,4,1,3
1593429431,"2020-06-29 11:17:11",6,357,3,2,5,28,3,4,1,3
1593429491,"2020-06-29 11:18:11",6,351,3,2,5,27,3,4,1,3
1593429551,"2020-06-29 11:19:11",5,355,3,2,4,28,3,4,1,3
1593429611,"2020-06-29 11:20:11",6,351,3.6944625,2,5,27,4,4,1,3
1593429671,"2020-06-29 11:21:11",5,357,51.21456,5.1508026,4,28,52,10,1,3
1593429731,"2020-06-29 11:22:11",6,349,53.99717,3.5808992,5,27,57,7,1,3
1593429791,"2020-06-29 11:23:11",5,353,17.804668,2,4,28,18,4,1,3
1593429851,"2020-06-29 11:24:11",5,348,3,2,4,27,3,4,1,3
1593429911,"2020-06-29 11:25:11",5,355,3,2,4,28,3,4,1,3
1593429971,"2020-06-29 11:26:11",5,351,3,2,4,27,3,4,1,3
1593430031,"2020-06-29 11:27:11",5,356,3,2,4,28,3,4,1,3
1593430091,"2020-06-29 11:28:11",5,356,8.576239,2,4,28,9,4,1,3
1593430151,"2020-06-29 11:29:11",5,356,3,2,4,28,3,4,1,3
1593430211,"2020-06-29 11:30:11",6,357,9.027077,2,5,28,9,4,1,3
1593430271,"2020-06-29 11:31:11",6,356,3,2,5,28,3,4,1,3
1593430331,"2020-06-29 11:32:11",6,355,30.150393,2,5,28,30,4,1,3
1593430391,"2020-06-29 11:33:11",5,353,3,2,4,28,3,4,1,3
1593430451,"2020-06-29 11:34:11",6,356,3.2827494,2,5,28,3,4,1,3
1593430511,"2020-06-29 11:35:11",5,355,3,2,5,28,3,4,1,3
1593430571,"2020-06-29 11:36:11",5,359,10.545005,2,4,28,11,4,1,3
1593430631,"2020-06-29 11:37:11",6,354,4.8390408,2,5,28,5,4,1,3
1593430691,"2020-06-29 11:38:11",5,354,23.54753,2,4,28,24,4,1,3
1593430751,"2020-06-29 11:39:11",6,349,3,2,5,27,3,4,1,3
1593430811,"2020-06-29 11:40:11",6,354,3,2,5,28,3,4,1,3
1593430871,"2020-06-29 11:41:11",6,360,17.037197,2,5,28,17,4,1,3
1593430931,"2020-06-29 11:42:11",6,356,3,2,5,28,3,4,1,3
1593430991,"2020-06-29 11:43:11",5,356,7.2102547,2,4,28,7,4,1,3
1593431051,"2020-06-29 11:44:11",5,347,5.0278997,2,4,27,5,4,1,3
1593431111,"2020-06-29 11:45:11",0,351,3,2,0,27,3,4,1,3
1593431171,"2020-06-29 11:46:11",5,351,4.299466,2,4,27,4,4,1,3
1593431231,"2020-06-29 11:47:11",5,352,12.758121,2,4,27,13,4,1,3
1593431291,"2020-06-29 11:48:11",5,352,3,2,4,27,3,4,1,3
1593431351,"2020-06-29 11:49:11",5,349,3,2,4,27,3,4,1,3
1593431411,"2020-06-29 11:50:11",5,348,3,2,4,27,3,4,1,3
1593431531,"2020-06-29 11:52:11",5,354,3,2,4,28,3,4,1,3
1593431591,"2020-06-29 11:53:11",5,354,3,2,4,28,3,4,1,3
1593431651,"2020-06-29 11:54:11",5,350,3,2,4,27,3,4,1,3
1593431711,"2020-06-29 11:55:11",0,354,3,2,0,28,3,4,1,3
1593431771,"2020-06-29 11:56:11",4,0,17.49219,2,4,0,17,4,1,3
1593431831,"2020-06-29 11:57:11",5,353,3,2,4,28,3,4,1,3
1593431891,"2020-06-29 11:58:11",5,353,3,2,4,28,3,4,1,3
1593431951,"2020-06-29 11:59:11",5,348,3,2,4,27,3,4,1,3
1593432011,"2020-06-29 12:00:11",4,351,3,2,4,27,3,4,1,3
1593432071,"2020-06-29 12:01:11",5,351,3,2,4,27,3,4,1,3
1593432131,"2020-06-29 12:02:11",5,352,3,2,4,27,3,4,1,3
1593432191,"2020-06-29 12:03:11",5,350,13.176311,2,4,27,13,4,1,3
1593432251,"2020-06-29 12:04:11",5,355,3,2,4,28,3,4,1,3
1593432311,"2020-06-29 12:05:11",0,352,10.901259,2,0,27,11,4,1,3
1593432371,"2020-06-29 12:06:11",5,348,3,2,4,27,3,4,1,3
1593432431,"2020-06-29 12:07:11",5,350,3,2,4,27,3,4,1,3
1593432491,"2020-06-29 12:08:11",4,353,14.916066,2,4,28,15,4,1,3
1593432551,"2020-06-29 12:09:11",5,356,3,2,4,28,3,4,1,3
1593432611,"2020-06-29 12:10:11",0,352,3,2,0,27,3,4,1,3
1593432671,"2020-06-29 12:11:11",5,350,3,2,4,27,3,4,1,3
1593432731,"2020-06-29 12:12:11",5,351,3,2,4,27,3,4,1,3
1593432791,"2020-06-29 12:13:11",5,353,3,2,4,28,3,4,1,3
1593432851,"2020-06-29 12:14:11",5,354,21.425814,2,4,28,21,4,1,3
1593432911,"2020-06-29 12:15:11",5,345,3,2,4,27,3,4,1,3
1593432971,"2020-06-29 12:16:11",5,350,3,2,4,27,3,4,1,3
1593433031,"2020-06-29 12:17:11",5,350,3,2,4,27,3,4,1,3
1593433091,"2020-06-29 12:18:11",6,349,3,2,5,27,3,4,1,3
1593433151,"2020-06-29 12:19:11",5,349,3,2,4,27,3,4,1,3
1593433211,"2020-06-29 12:20:11",5,345,3,2,4,27,3,4,1,3
1593433271,"2020-06-29 12:21:11",5,348,3,2,4,27,3,4,1,3
1593433331,"2020-06-29 12:22:11",5,343,3,2,4,27,3,4,1,3
1593433391,"2020-06-29 12:23:11",5,342,3,2,4,27,3,4,1,3
1593433451,"2020-06-29 12:24:11",6,346,3,2,5,27,3,4,1,3
1593433511,"2020-06-29 12:25:11",5,342,3,2,4,27,3,4,1,3
1593433571,"2020-06-29 12:26:11",5,344,3,2,4,27,3,4,1,3
1593433631,"2020-06-29 12:27:11",5,345,7.9876804,2.1953335,4,27,8,4,1,3
1593433691,"2020-06-29 12:28:11",5,345,3,2,4,27,3,4,1,3
1593433751,"2020-06-29 12:29:11",5,337,3,2,4,26,3,4,1,3
1593433811,"2020-06-29 12:30:11",6,339,3,2,5,27,3,4,1,3
1593433871,"2020-06-29 12:31:11",5,345,3,2,4,27,3,4,1,3
1593433931,"2020-06-29 12:32:11",5,347,3,2,4,27,3,4,1,3
1593433991,"2020-06-29 12:33:11",5,344,3,2,4,27,3,4,1,3
1593434051,"2020-06-29 12:34:11",6,344,7.517477,2,5,27,8,4,1,3
1593434111,"2020-06-29 12:35:11",6,343,15.780141,2,5,27,16,4,1,3
1593434171,"2020-06-29 12:36:11",5,350,3,2,4,27,3,4,1,3
1593434231,"2020-06-29 12:37:11",5,347,3,2,4,27,3,4,1,3
1593434291,"2020-06-29 12:38:11",6,336,3,2,5,26,3,4,1,3
1593434351,"2020-06-29 12:39:11",6,333,3,2,5,26,3,4,1,3
1593434411,"2020-06-29 12:40:11",6,330,3,2,5,26,3,4,1,3
1593434471,"2020-06-29 12:41:11",7,327,3,2,6,26,3,4,1,3
1593434531,"2020-06-29 12:42:11",7,322,3,2,6,25,3,4,1,3
1593434591,"2020-06-29 12:43:11",7,324,3,2,6,25,3,4,1,3
1593434651,"2020-06-29 12:44:11",7,319,3,2,6,25,3,4,1,3
1593434711,"2020-06-29 12:45:11",7,316,3,2,6,25,3,4,1,3
1593434771,"2020-06-29 12:46:11",7,315,3,2,6,25,3,4,1,3
1593434831,"2020-06-29 12:47:11",7,313,3,2,6,25,3,4,1,3
1593434891,"2020-06-29 12:48:11",7,307,3,2,6,24,3,4,1,3
1593434951,"2020-06-29 12:49:11",7,313,3,2,6,25,3,4,1,3
1593435011,"2020-06-29 12:50:11",8,310,3,2,7,24,3,4,1,3
1593435071,"2020-06-29 12:51:11",7,314,3,2,6,25,3,4,1,3
1593435131,"2020-06-29 12:52:11",7,311,3,2,6,24,3,4,1,3
1593435191,"2020-06-29 12:53:11",7,311,3,2,6,24,3,4,1,3
1593435251,"2020-06-29 12:54:11",7,307,3,2,6,24,3,4,1,3
1593435311,"2020-06-29 12:55:11",7,312,3,2,6,25,3,4,1,3
1593435371,"2020-06-29 12:56:11",7,318,3,2,6,25,3,4,1,3
1593435431,"2020-06-29 12:57:11",7,313,3,2,6,25,3,4,1,3
1593435491,"2020-06-29 12:58:11",7,316,3,2,6,25,3,4,1,3
1593435551,"2020-06-29 12:59:11",7,312,3,2,6,25,3,4,1,3
1593435611,"2020-06-29 13:00:11",7,315,3,2,6,25,3,4,1,3
1593435671,"2020-06-29 13:01:11",7,313,3,2,6,25,3,4,1,3
1593435731,"2020-06-29 13:02:11",6,318,3,2,5,25,3,4,1,3
1593435791,"2020-06-29 13:03:11",7,316,3,2,6,25,3,4,1,3
1593435851,"2020-06-29 13:04:11",7,319,3,2,6,25,3,4,1,3
1593435911,"2020-06-29 13:05:11",6,322,3,2,5,25,3,4,1,3
1593435971,"2020-06-29 13:06:11",7,313,3,2,6,25,3,4,1,3
1593436031,"2020-06-29 13:07:11",7,320,3,2,6,25,3,4,1,3
1593436091,"2020-06-29 13:08:11",6,318,3,2,5,25,3,4,1,3
1593436151,"2020-06-29 13:09:11",7,318,9.387625,2,6,25,9,4,1,3
1593436211,"2020-06-29 13:10:11",7,316,3,2,6,25,3,4,1,3
1593436271,"2020-06-29 13:11:11",8,316,3,2,7,25,3,4,1,3
1593436331,"2020-06-29 13:12:11",7,313,3,2,6,25,3,4,1,3
1593436391,"2020-06-29 13:13:11",7,317,3,2,6,25,3,4,1,3
1593436451,"2020-06-29 13:14:11",8,317,9.945119,2,7,25,10,4,1,3
1593436511,"2020-06-29 13:15:11",6,317,15.534004,2,6,25,16,4,1,3
1593436571,"2020-06-29 13:16:11",7,316,3,2,6,25,3,4,1,3
1593436631,"2020-06-29 13:17:11",7,307,3,2,6,24,3,4,1,3
1593436691,"2020-06-29 13:18:11",7,310,3,2,6,24,3,4,1,3
1593436751,"2020-06-29 13:19:11",8,303,3,2,7,24,3,4,1,3
1593436811,"2020-06-29 13:20:11",8,311,3,2,7,24,3,4,1,3
1593436871,"2020-06-29 13:21:11",8,312,3,2,7,25,3,4,1,3
1593436931,"2020-06-29 13:22:11",8,306,3,2,7,24,3,4,1,3
1593436991,"2020-06-29 13:23:11",8,307,3,2,7,24,3,4,1,3
1593437051,"2020-06-29 13:24:11",7,300,3,2,6,24,3,4,1,3
1593437111,"2020-06-29 13:25:11",6,312,3,2,6,25,3,4,1,3
1593437171,"2020-06-29 13:26:11",7,307,3,2,6,24,3,4,1,3
1593437231,"2020-06-29 13:27:11",7,309,3,2,6,24,3,4,1,3
1593437291,"2020-06-29 13:28:11",7,303,3,2,6,24,3,4,1,3
1593437351,"2020-06-29 13:29:11",6,302,3,2,5,24,3,4,1,3
1593437411,"2020-06-29 13:30:11",7,300,3.60324,2,6,24,4,4,1,3
1593437471,"2020-06-29 13:31:11",7,300,8.681202,2,6,24,9,4,1,3
1593437531,"2020-06-29 13:32:11",7,304,6.939136,2,6,24,7,4,1,3
1593437591,"2020-06-29 13:33:11",7,307,3,2,6,24,3,4,1,3
1593437651,"2020-06-29 13:34:11",8,311,6.4666076,2,7,24,6,4,1,3
1593437711,"2020-06-29 13:35:11",6,310,3,2,6,24,3,4,1,3
1593437771,"2020-06-29 13:36:11",7,304,3,2,6,24,3,4,1,3
1593437831,"2020-06-29 13:37:11",7,303,3,2,6,24,3,4,1,3
1593437891,"2020-06-29 13:38:11",7,306,3,2,6,24,3,4,1,3
1593437951,"2020-06-29 13:39:11",6,309,3,2,5,24,3,4,1,3
1593438011,"2020-06-29 13:40:11",7,305,3,2,6,24,3,4,1,3
1593438071,"2020-06-29 13:41:11",7,302,3,2,6,24,3,4,1,3
1593438131,"2020-06-29 13:42:11",7,301,3,2,6,24,3,4,1,3
1593438191,"2020-06-29 13:43:11",7,303,3,2,6,24,3,4,1,3
1593438251,"2020-06-29 13:44:11",7,302,3,2,6,24,3,4,1,3
1593438311,"2020-06-29 13:45:11",6,303,3,2,6,24,3,4,1,3
1593438371,"2020-06-29 13:46:11",7,302,3,2,6,24,3,4,1,3
1593438431,"2020-06-29 13:47:11",7,299,3,2,6,24,3,4,1,3
1593438491,"2020-06-29 13:48:11",7,300,4.955962,2,6,24,5,4,1,3
1593438551,"2020-06-29 13:49:11",7,303,3,2,6,24,3,4,1,3
1593438611,"2020-06-29 13:50:11",7,307,3,2,6,24,3,4,1,3
1593438671,"2020-06-29 13:51:11",6,304,3,2,6,24,3,4,1,3
1593438731,"2020-06-29 13:52:11",7,295,3,2,6,23,3,4,1,3
1593438791,"2020-06-29 13:53:11",7,299,3,2,6,24,3,4,1,3
1593438851,"2020-06-29 13:54:11",7,299,3,2,6,24,3,4,1,3
1593438911,"2020-06-29 13:55:11",6,297,3,2,6,23,3,4,1,3
1593438971,"2020-06-29 13:56:11",7,299,3,2,6,24,3,4,1,3
1593439031,"2020-06-29 13:57:11",7,300,3,2,6,24,3,4,1,3
1593439091,"2020-06-29 13:58:11",7,294,3,2,6,23,3,4,1,3
1593439151,"2020-06-29 13:59:11",7,301,3,2,6,24,3,4,1,3
1593439211,"2020-06-29 14:00:11",7,299,3,2,6,24,3,4,1,3
1593439271,"2020-06-29 14:01:11",7,304,3,2,6,24,3,4,1,3
1593439331,"2020-06-29 14:02:11",6,305,3,2,6,24,3,4,1,3
1593439391,"2020-06-29 14:03:11",7,304,3,2,6,24,3,4,1,3
1593439451,"2020-06-29 14:04:11",7,302,3,2,6,24,3,4,1,3
1593439511,"2020-06-29 14:05:11",0,297,6.1296453,2,0,23,6,4,1,3
1593439571,"2020-06-29 14:06:11",7,304,3,2,6,24,3,4,1,3
1593439631,"2020-06-29 14:07:11",7,293,3,2,6,23,3,4,1,3
1593439691,"2020-06-29 14:08:11",7,299,3,2,6,24,3,4,1,3
1593439751,"2020-06-29 14:09:11",7,298,3,2,6,24,3,4,1,3
1593439811,"2020-06-29 14:10:11",8,300,3,2,7,24,3,4,1,3
1593439871,"2020-06-29 14:11:11",7,297,3,2,6,23,3,4,1,3
1593439931,"2020-06-29 14:12:11",7,296,3,2,6,23,3,4,1,3
1593440051,"2020-06-29 14:14:11",6,305,3,2,6,24,3,4,1,3
1593440111,"2020-06-29 14:15:11",0,304,3,2,0,24,3,4,1,3
1593440171,"2020-06-29 14:16:11",7,298,3,2,6,24,3,4,1,3
1593440231,"2020-06-29 14:17:11",7,293,3,2,6,23,3,4,1,3
1593440291,"2020-06-29 14:18:11",8,0,3,2,7,0,3,4,1,3
1593440351,"2020-06-29 14:19:11",7,291,3,2,6,23,3,4,1,3
1593440411,"2020-06-29 14:20:11",8,296,3,2,7,23,3,4,1,3
1593440471,"2020-06-29 14:21:11",7,297,3,2,6,23,3,4,1,3
1593440531,"2020-06-29 14:22:11",7,296,3,2,6,23,3,4,1,3
1593440591,"2020-06-29 14:23:11",7,291,3,2,6,23,3,4,1,3
1593440651,"2020-06-29 14:24:11",7,297,3,2,6,23,3,4,1,3
1593440711,"2020-06-29 14:25:11",0,298,3,2,0,24,3,4,1,3
1593440771,"2020-06-29 14:26:11",7,296,3,2,6,23,3,4,1,3
1593440831,"2020-06-29 14:27:11",8,294,3,2,7,23,3,4,1,3
1593440891,"2020-06-29 14:28:11",7,291,3,2,6,23,3,4,1,3
1593440951,"2020-06-29 14:29:11",8,292,3,2,8,23,3,4,1,3
1593441011,"2020-06-29 14:30:11",8,288,8.271402,2,7,23,8,4,1,3
1593441071,"2020-06-29 14:31:11",7,287,3,2,6,23,3,4,1,3
1593441131,"2020-06-29 14:32:11",0,291,3.2572324,2,0,23,3,4,1,3
1593441191,"2020-06-29 14:33:11",8,294,3,2,7,23,3,4,1,3
1593441251,"2020-06-29 14:34:11",7,289,3,2,6,23,3,4,1,3
1593441311,"2020-06-29 14:35:11",8,289,3,2,7,23,3,4,1,3
1593441371,"2020-06-29 14:36:11",8,292,3,2,7,23,3,4,1,3
1593441431,"2020-06-29 14:37:11",7,292,3,2,6,23,3,4,1,3
1593441491,"2020-06-29 14:38:11",7,295,3,2,6,23,3,4,1,3
1593441551,"2020-06-29 14:39:11",7,295,3,2,6,23,3,4,1,3
1593441611,"2020-06-29 14:40:11",8,287,3,2,7,23,3,4,1,3
1593441671,"2020-06-29 14:41:11",8,289,3,2,7,23,3,4,1,3
1593441731,"2020-06-29 14:42:11",8,291,3,2,7,23,3,4,1,3
1593441791,"2020-06-29 14:43:11",7,295,3,2,6,23,3,4,1,3
1593441851,"2020-06-29 14:44:11",8,290,3,2,7,23,3,4,1,3
1593441911,"2020-06-29 14:45:11",8,288,3,2,7,23,3,4,1,3
1593441971,"2020-06-29 14:46:11",7,296,3,2,6,23,3,4,1,3
1593442031,"2020-06-29 14:47:11",7,294,3,2,6,23,3,4,1,3
1593442091,"2020-06-29 14:48:11",7,296,3,2,6,23,3,4,1,3
1593442151,"2020-06-29 14:49:11",7,301,3,2,6,24,3,4,1,3
1593442211,"2020-06-29 14:50:11",7,299,3,2,6,24,3,4,1,3
1593442271,"2020-06-29 14:51:11",7,300,3,2,6,24,3,4,1,3
1593442331,"2020-06-29 14:52:11",6,294,3,2,6,23,3,4,1,3
1593442391,"2020-06-29 14:53:11",8,293,3,2,7,23,3,4,1,3
1593442451,"2020-06-29 14:54:11",7,287,3,2,6,23,3,4,1,3
1593442511,"2020-06-29 14:55:11",6,294,3,2,6,23,3,4,1,3
1593442571,"2020-06-29 14:56:11",6,297,3,2,6,23,3,4,1,3
1593442631,"2020-06-29 14:57:11",5,296,3,2,5,23,3,4,1,3
1593442691,"2020-06-29 14:58:11",6,303,9.214621,2,6,24,9,4,1,3
1593442751,"2020-06-29 14:59:11",5,301,3,2,5,24,3,4,1,3
1593442811,"2020-06-29 15:00:11",6,297,3,2,6,23,3,4,1,3
1593442871,"2020-06-29 15:01:11",6,299,3,2,6,24,3,4,1,3
1593442931,"2020-06-29 15:02:11",5,299,3,2,5,24,3,4,1,3
1593442991,"2020-06-29 15:03:11",6,295,3,2,6,23,3,4,1,3
1593443051,"2020-06-29 15:04:11",6,291,3,2,6,23,3,4,1,3
1593443111,"2020-06-29 15:05:11",5,295,3,2,5,23,3,4,1,3
1593443171,"2020-06-29 15:06:11",5,290,3,2,5,23,3,4,1,3
1593443231,"2020-06-29 15:07:11",5,293,3,2,5,23,3,4,1,3
1593443291,"2020-06-29 15:08:11",5,300,3,2,5,24,3,4,1,3
1593443351,"2020-06-29 15:09:11",5,300,3,2,5,24,3,4,1,3
1593443411,"2020-06-29 15:10:11",5,295,3,2,5,23,3,4,1,3
1593443471,"2020-06-29 15:11:11",5,302,3,2,5,24,3,4,1,3
1593443531,"2020-06-29 15:12:11",4,300,3,2,4,24,3,4,1,3
1593443591,"2020-06-29 15:13:11",5,293,3,2,5,23,3,4,1,3
1593443651,"2020-06-29 15:14:11",5,293,3,2,5,23,3,4,1,3
1593443711,"2020-06-29 15:15:11",4,292,3,2,4,23,3,4,1,3
1593443771,"2020-06-29 15:16:11",5,297,3.8056505,2,5,23,4,4,1,3
1593443831,"2020-06-29 15:17:11",4,291,3,2,4,23,3,4,1,3
1593443891,"2020-06-29 15:18:11",5,292,3,2,5,23,3,4,1,3
1593443951,"2020-06-29 15:19:11",4,294,3,2,4,23,3,4,1,3
1593444011,"2020-06-29 15:20:11",4,294,3,2,4,23,3,4,1,3
1593444071,"2020-06-29 15:21:11",4,290,3,2,4,23,3,4,1,3
1593444131,"2020-06-29 15:22:11",4,295,3,2,4,23,3,4,1,3
1593444191,"2020-06-29 15:23:11",4,296,3,2,4,23,3,4,1,3
1593444251,"2020-06-29 15:24:11",4,293,7.8099165,3.0515258,4,23,8,6,1,3
1593444311,"2020-06-29 15:25:11",5,287,3,2,5,23,3,4,1,3
1593444371,"2020-06-29 15:26:11",5,287,3,2,5,23,3,4,1,3
1593444431,"2020-06-29 15:27:11",4,285,3,2,4,23,3,4,1,3
1593444491,"2020-06-29 15:28:11",5,293,3,2,5,23,3,4,1,3
1593444551,"2020-06-29 15:29:11",5,289,3,2,5,23,3,4,1,3
1593444611,"2020-06-29 15:30:11",5,290,3,2,5,23,3,4,1,3
1593444671,"2020-06-29 15:31:11",5,292,3,2,5,23,3,4,1,3
1593444731,"2020-06-29 15:32:11",4,293,3,2,4,23,3,4,1,3
1593444791,"2020-06-29 15:33:11",5,285,3,2,5,23,3,4,1,3
1593444851,"2020-06-29 15:34:11",5,287,3,2,5,23,3,4,1,3
1593444911,"2020-06-29 15:35:11",5,291,3,2,5,23,3,4,1,3
1593444971,"2020-06-29 15:36:11",5,287,3,2,5,23,3,4,1,3
1593445031,"2020-06-29 15:37:11",5,284,3,2,5,22,3,4,1,3
1593445091,"2020-06-29 15:38:11",6,287,3,2,6,23,3,4,1,3
1593445151,"2020-06-29 15:39:11",5,287,5.7478104,2,5,23,6,4,1,3
1593445211,"2020-06-29 15:40:11",5,290,3,2,5,23,3,4,1,3
1593445271,"2020-06-29 15:41:11",5,288,3,2,5,23,3,4,1,3
1593445331,"2020-06-29 15:42:11",5,286,3,2,5,23,3,4,1,3
1593445391,"2020-06-29 15:43:11",4,284,3,2,4,22,3,4,1,3
1593445451,"2020-06-29 15:44:11",5,286,3,2,5,23,3,4,1,3
1593445511,"2020-06-29 15:45:11",5,290,3,2,5,23,3,4,1,3
1593445571,"2020-06-29 15:46:11",5,288,3,2,5,23,3,4,1,3
1593445631,"2020-06-29 15:47:11",5,287,3,2,5,23,3,4,1,3
1593445691,"2020-06-29 15:48:11",5,288,3,2,5,23,3,4,1,3
1593445751,"2020-06-29 15:49:11",5,284,3,2,5,22,3,4,1,3
1593445811,"2020-06-29 15:50:11",6,279,3,2,6,22,3,4,1,3
1593445871,"2020-06-29 15:51:11",6,286,3.2001097,2.085763,6,23,3,4,1,3
1593445931,"2020-06-29 15:52:11",5,284,3,2,5,22,3,4,1,3
1593445991,"2020-06-29 15:53:11",5,284,3,2,5,22,3,4,1,3
1593446051,"2020-06-29 15:54:11",5,287,3,2,5,23,3,4,1,3
1593446111,"2020-06-29 15:55:11",5,291,3,2,5,23,3,4,1,3
1593446171,"2020-06-29 15:56:11",4,290,3,2,4,23,3,4,1,3
1593446231,"2020-06-29 15:57:11",5,287,3,2,5,23,3,4,1,3
1593446291,"2020-06-29 15:58:11",5,288,3,2,5,23,3,4,1,3
1593446351,"2020-06-29 15:59:11",5,293,3,2,5,23,3,4,1,3
1593446411,"2020-06-29 16:00:11",5,286,3,2,5,23,3,4,1,3
1593446471,"2020-06-29 16:01:11",5,282,3.4989128,2,5,22,3,4,1,3
1593446531,"2020-06-29 16:02:11",5,275,3,2,5,22,3,4,1,3
1593446591,"2020-06-29 16:03:11",6,282,3,2,6,22,3,4,1,3
1593446651,"2020-06-29 16:04:11",6,285,3,2,6,23,3,4,1,3
1593446711,"2020-06-29 16:05:11",6,284,3,2,6,22,3,4,1,3
1593446771,"2020-06-29 16:06:11",6,278,3,2,6,22,3,4,1,3
1593446831,"2020-06-29 16:07:11",6,278,3,2,6,22,3,4,1,3
1593446891,"2020-06-29 16:08:11",6,276,3,2,6,22,3,4,1,3
1593446951,"2020-06-29 16:09:11",6,285,3,2,6,23,3,4,1,3
1593447011,"2020-06-29 16:10:11",6,286,3,2,6,23,3,4,1,3
1593447071,"2020-06-29 16:11:11",6,281,3,2,6,22,3,4,1,3
1593447131,"2020-06-29 16:12:11",6,280,3,2,6,22,3,4,1,3
1593447191,"2020-06-29 16:13:11",7,283,11.7685585,2.244357,6,22,12,4,1,3
1593447251,"2020-06-29 16:14:11",7,276,3,2,6,22,3,4,1,3
1593447311,"2020-06-29 16:15:11",7,278,3,2,6,22,3,4,1,3
1593447371,"2020-06-29 16:16:11",7,274,3,2,6,22,3,4,1,3
1593447431,"2020-06-29 16:17:11",7,282,3,2,6,22,3,4,1,3
1593447491,"2020-06-29 16:18:11",7,275,3,2,6,22,3,4,1,3
1593447551,"2020-06-29 16:19:11",7,280,3,2,6,22,3,4,1,3
1593447611,"2020-06-29 16:20:11",7,279,3,2,6,22,3,4,1,3
1593447671,"2020-06-29 16:21:11",8,280,3,2,7,22,3,4,1,3
1593447731,"2020-06-29 16:22:11",7,277,3,2,6,22,3,4,1,3
1593447791,"2020-06-29 16:23:11",7,278,3,2,6,22,3,4,1,3
1593447851,"2020-06-29 16:24:11",7,273,10.386931,2,6,22,10,4,1,3
1593447911,"2020-06-29 16:25:11",0,271,3,2,0,22,3,4,1,3
1593447971,"2020-06-29 16:26:11",7,275,7.3397083,2,6,22,7,4,1,3
1593448031,"2020-06-29 16:27:11",7,273,3,2,6,22,3,4,1,3
1593448091,"2020-06-29 16:28:11",7,272,3,2,6,22,3,4,1,3
1593448151,"2020-06-29 16:29:11",7,272,3,2,6,22,3,4,1,3
1593448211,"2020-06-29 16:30:11",7,273,3,2,6,22,3,4,1,3
1593448271,"2020-06-29 16:31:11",8,274,3,2,7,22,3,4,1,3
1593448331,"2020-06-29 16:32:11",7,275,3,2,6,22,3,4,1,3
1593448391,"2020-06-29 16:33:11",7,278,3,2,6,22,3,4,1,3
1593448451,"2020-06-29 16:34:11",7,268,3,2,6,21,3,4,1,3
1593448571,"2020-06-29 16:36:11",8,271,3,2,7,22,3,4,1,3
1593448631,"2020-06-29 16:37:11",7,275,3,2,6,22,3,4,1,3
1593448691,"2020-06-29 16:38:11",8,269,3,2,7,21,3,4,1,3
1593448751,"2020-06-29 16:39:11",7,0,3,2,6,0,3,4,1,3
1593448811,"2020-06-29 16:40:11",8,272,3,2,7,22,3,4,1,3
1593448871,"2020-06-29 16:41:11",8,275,3,2,7,22,3,4,1,3
1593448931,"2020-06-29 16:42:11",8,267,3,2,7,21,3,4,1,3
1593448991,"2020-06-29 16:43:11",8,274,3,2,7,22,3,4,1,3
1593449051,"2020-06-29 16:44:11",8,275,3,2,7,22,3,4,1,3
1593449111,"2020-06-29 16:45:11",0,272,3,2,0,22,3,4,1,3
1593449171,"2020-06-29 16:46:11",8,269,3,2,7,21,3,4,1,3
1593449231,"2020-06-29 16:47:11",8,270,3,2,7,21,3,4,1,3
1593449291,"2020-06-29 16:48:11",9,268,3,2,8,21,3,4,1,3
1593449351,"2020-06-29 16:49:11",8,266,3,2,7,21,3,4,1,3
1593449411,"2020-06-29 16:50:11",8,270,3,2,7,21,3,4,1,3
1593449471,"2020-06-29 16:51:11",8,271,10.721917,2,7,22,11,4,1,3
1593449531,"2020-06-29 16:52:11",9,271,3,2,8,22,3,4,1,3
1593449591,"2020-06-29 16:53:11",8,269,3,2,7,21,3,4,1,3
1593449651,"2020-06-29 16:54:11",0,274,3,2,0,22,3,4,1,3
1593449711,"2020-06-29 16:55:11",9,276,3,2,8,22,3,4,1,3
1593449771,"2020-06-29 16:56:11",8,274,3,2,7,22,3,4,1,3
1593449831,"2020-06-29 16:57:11",8,270,3,2,7,21,3,4,1,3
1593449891,"2020-06-29 16:58:11",8,271,3,2,7,22,3,4,1,3
1593449951,"2020-06-29 16:59:11",8,266,3,2,7,21,3,4,1,3
1593450011,"2020-06-29 17:00:11",9,266,3,2,8,21,3,4,1,3
1593450071,"2020-06-29 17:01:11",9,271,3,2,8,22,3,4,1,3
1593450131,"2020-06-29 17:02:11",9,271,3,2,8,22,3,4,1,3
1593450191,"2020-06-29 17:03:11",9,270,12.281475,2,8,21,12,4,1,3
1593450251,"2020-06-29 17:04:11",9,270,3,2,8,21,3,4,1,3
1593450311,"2020-06-29 17:05:11",9,266,5.7656612,2,8,21,6,4,1,3
1593450371,"2020-06-29 17:06:11",9,270,3,2,8,21,3,4,1,3
1593450431,"2020-06-29 17:07:11",8,273,3,2,7,22,3,4,1,3
1593450491,"2020-06-29 17:08:11",9,272,3,2,8,22,3,4,1,3
1593450551,"2020-06-29 17:09:11",8,274,20.353264,2.130251,7,22,20,4,1,3
1593450611,"2020-06-29 17:10:11",9,264,3,2,8,21,3,4,1,3
1593450671,"2020-06-29 17:11:11",9,265,3,2,8,21,3,4,1,3
1593450731,"2020-06-29 17:12:11",9,268,3,2,8,21,3,4,1,3
1593450791,"2020-06-29 17:13:11",9,269,3,2,9,21,3,4,1,3
1593450851,"2020-06-29 17:14:11",9,267,3,2,8,21,3,4,1,3
1593450911,"2020-06-29 17:15:11",9,268,3,2,8,21,3,4,1,3
1593450971,"2020-06-29 17:16:11",9,265,3,2,8,21,3,4,1,3
1593451031,"2020-06-29 17:17:11",9,275,3,2,8,22,3,4,1,3
1593451091,"2020-06-29 17:18:11",9,272,3,2,8,22,3,4,1,3
1593451151,"2020-06-29 17:19:11",9,269,3,2,8,21,3,4,1,3
1593451211,"2020-06-29 17:20:11",9,275,3,2,8,22,3,4,1,3
1593451271,"2020-06-29 17:21:11",9,272,6.578513,2,9,22,7,4,1,3
1593451331,"2020-06-29 17:22:11",9,271,3,2,9,22,3,4,1,3
1593451391,"2020-06-29 17:23:11",9,265,3,2,8,21,3,4,1,3
1593451451,"2020-06-29 17:24:11",9,266,3,2,8,21,3,4,1,3
1593451511,"2020-06-29 17:25:11",9,261,12.80556,2,9,21,13,4,1,3
1593451571,"2020-06-29 17:26:11",9,267,3,2,8,21,3,4,1,3
1593451631,"2020-06-29 17:27:11",8,268,3,2,7,21,3,4,1,3
1593451691,"2020-06-29 17:28:11",9,268,3,2,8,21,3,4,1,3
1593451751,"2020-06-29 17:29:11",9,274,3,2,8,22,3,4,1,3
1593451811,"2020-06-29 17:30:11",8,269,3,2,7,21,3,4,1,3
1593451871,"2020-06-29 17:31:11",9,270,3,2,8,21,3,4,1,3
1593451931,"2020-06-29 17:32:11",9,262,3,2,8,21,3,4,1,3
1593451991,"2020-06-29 17:33:11",9,260,3,2,8,21,3,4,1,3
1593452051,"2020-06-29 17:34:11",9,262,3,2,9,21,3,4,1,3
1593452111,"2020-06-29 17:35:11",9,261,3,2,8,21,3,4,1,3
1593452171,"2020-06-29 17:36:11",9,264,3,2,9,21,3,4,1,3
1593452231,"2020-06-29 17:37:11",9,266,3,2,8,21,3,4,1,3
1593452291,"2020-06-29 17:38:11",9,266,3,2,9,21,3,4,1,3
1593452351,"2020-06-29 17:39:11",9,257,3,2,8,21,3,4,1,3
1593452411,"2020-06-29 17:40:11",9,259,3,2,9,21,3,4,1,3
1593452471,"2020-06-29 17:41:11",9,261,3,2,9,21,3,4,1,3
1593452531,"2020-06-29 17:42:11",10,255,3,2,10,20,3,4,1,3
1593452591,"2020-06-29 17:43:11",11,256,3,2,11,20,3,4,1,3
1593452651,"2020-06-29 17:44:11",10,253,3,2,10,20,3,4,1,3
1593452711,"2020-06-29 17:45:11",10,254,3,2,10,20,3,4,1,3
1593452771,"2020-06-29 17:46:11",10,249,3,2,10,20,3,4,1,3
1593452831,"2020-06-29 17:47:11",11,251,3,2,11,20,3,4,1,3
1593452891,"2020-06-29 17:48:11",11,249,3,2,11,20,3,4,1,3
1593452951,"2020-06-29 17:49:11",10,250,3,2,10,20,3,4,1,3
1593453011,"2020-06-29 17:50:11",12,249,3,2,11,20,3,4,1,3
1593453071,"2020-06-29 17:51:11",10,251,3,2,10,20,3,4,1,3
1593453131,"2020-06-29 17:52:11",11,250,3,2,11,20,3,4,1,3
1593453191,"2020-06-29 17:53:11",10,245,3,2,10,20,3,4,1,3
1593453251,"2020-06-29 17:54:11",12,246,3,2,11,20,3,4,1,3
1593453311,"2020-06-29 17:55:11",12,246,3,2,11,20,3,4,1,3
1593453371,"2020-06-29 17:56:11",11,245,3,2,11,20,3,4,1,3
1593453431,"2020-06-29 17:57:11",11,239,3,2,11,19,3,4,1,3
1593453491,"2020-06-29 17:58:11",10,246,3,2,10,20,3,4,1,3
1593453551,"2020-06-29 17:59:11",12,241,3.3727887,2,11,19,3,4,1,3
1593453611,"2020-06-29 18:00:11",11,244,3,2,11,20,3,4,1,3
1593453671,"2020-06-29 18:01:11",10,244,3,2,10,20,3,4,1,3
1593453731,"2020-06-29 18:02:11",11,246,3,2,11,20,3,4,1,3
1593453791,"2020-06-29 18:03:11",12,248,3,2,11,20,3,4,1,3
1593453851,"2020-06-29 18:04:11",12,238,3,2,11,19,3,4,1,3
1593453911,"2020-06-29 18:05:11",12,242,3,2,11,19,3,4,1,3
1593453971,"2020-06-29 18:06:11",12,237,3,2,11,19,3,4,1,3
1593454031,"2020-06-29 18:07:11",12,241,3,2,12,19,3,4,1,3
1593454091,"2020-06-29 18:08:11",12,244,3,2,11,20,3,4,1,3
1593454151,"2020-06-29 18:09:11",11,242,3,2,11,19,3,4,1,3
1593454211,"2020-06-29 18:10:11",12,244,3,2,12,20,3,4,1,3
1593454271,"2020-06-29 18:11:11",12,242,3,2,12,19,3,4,1,3
1593454331,"2020-06-29 18:12:11",13,241,3,2,12,19,3,4,1,3
1593454391,"2020-06-29 18:13:11",12,233,3,2,12,19,3,4,1,3
1593454451,"2020-06-29 18:14:11",12,239,3,2,12,19,3,4,1,3
1593454511,"2020-06-29 18:15:11",12,240,8.155079,2,12,19,8,4,1,3
1593454571,"2020-06-29 18:16:11",12,240,3,2,12,19,3,4,1,3
1593454631,"2020-06-29 18:17:11",12,244,3,2,12,20,3,4,1,3
1593454691,"2020-06-29 18:18:11",12,238,3,2,12,19,3,4,1,3
1593454751,"2020-06-29 18:19:11",12,241,3,2,12,19,3,4,1,3
1593454811,"2020-06-29 18:20:11",12,239,3,2,12,19,3,4,1,3
1593454871,"2020-06-29 18:21:11",13,233,3,2,12,19,3,4,1,3
1593454931,"2020-06-29 18:22:11",12,234,3,2,12,19,3,4,1,3
1593454991,"2020-06-29 18:23:11",13,236,5.1865964,2,12,19,5,4,1,3
1593455051,"2020-06-29 18:24:11",12,236,3,2,12,19,3,4,1,3
1593455111,"2020-06-29 18:25:11",12,234,3,2,12,19,3,4,1,3
1593455171,"2020-06-29 18:26:11",12,239,24.527878,2,12,19,25,4,1,3
1593455231,"2020-06-29 18:27:11",12,239,3,2,12,19,3,4,1,3
1593455291,"2020-06-29 18:28:11",12,233,3,2,12,19,3,4,1,3
1593455351,"2020-06-29 18:29:11",12,236,3,2,12,19,3,4,1,3
1593455411,"2020-06-29 18:30:11",12,234,3,2,12,19,3,4,1,3
1593455471,"2020-06-29 18:31:11",13,235,3,2,12,19,3,4,1,3
1593455531,"2020-06-29 18:32:11",13,235,3,2,12,19,3,4,1,3
1593455591,"2020-06-29 18:33:11",12,236,3,2,12,19,3,4,1,3
1593455651,"2020-06-29 18:34:11",13,238,3,2,12,19,3,4,1,3
1593455711,"2020-06-29 18:35:11",13,238,3,2,12,19,3,4,1,3
1593455771,"2020-06-29 18:36:11",12,235,3,2,12,19,3,4,1,3
1593455831,"2020-06-29 18:37:11",13,234,3,2,12,19,3,4,1,3
1593455891,"2020-06-29 18:38:11",13,238,3,2,12,19,3,4,1,3
1593455951,"2020-06-29 18:39:11",14,235,3,2,13,19,3,4,1,3
1593456011,"2020-06-29 18:40:11",12,236,3,2,12,19,3,4,1,3
1593456071,"2020-06-29 18:41:11",12,234,3,2,12,19,3,4,1,3
1593456131,"2020-06-29 18:42:11",12,236,3,2,12,19,3,4,1,3
1593456191,"2020-06-29 18:43:11",12,239,5.124957,2,12,19,5,4,1,3
1593456251,"2020-06-29 18:44:11",11,241,3,2,11,19,3,4,1,3
1593456311,"2020-06-29 18:45:11",0,237,3,2,0,19,3,4,1,3
1593456371,"2020-06-29 18:46:11",12,240,3,2,12,19,3,4,1,3
1593456431,"2020-06-29 18:47:11",10,243,3,2,10,19,3,4,1,3
1593456491,"2020-06-29 18:48:11",11,241,3,2,11,19,3,4,1,3
1593456551,"2020-06-29 18:49:11",11,240,3,2,10,19,3,4,1,3
1593456611,"2020-06-29 18:50:11",11,243,3,2,11,19,3,4,1,3
1593456671,"2020-06-29 18:51:11",12,237,8.550232,2,12,19,9,4,1,3
1593456731,"2020-06-29 18:52:11",12,242,3,2,12,19,3,4,1,3
1593456791,"2020-06-29 18:53:11",12,246,3,2,12,20,3,4,1,3
1593456851,"2020-06-29 18:54:11",12,243,3,2,12,19,3,4,1,3
1593456911,"2020-06-29 18:55:11",0,245,3,2,0,20,3,4,1,3
1593456971,"2020-06-29 18:56:11",12,244,3,2,11,20,3,4,1,3
1593457091,"2020-06-29 18:58:11",12,243,3,2,11,19,3,4,1,3
1593457151,"2020-06-29 18:59:11",12,242,3,2,12,19,3,4,1,3
1593457211,"2020-06-29 19:00:11",12,238,3,2,12,19,3,4,1,3
1593457271,"2020-06-29 19:01:11",11,0,3,2,11,0,3,4,1,3
1593457331,"2020-06-29 19:02:11",12,241,5.618684,2,12,19,6,4,1,3
1593457391,"2020-06-29 19:03:11",12,243,3,2,12,19,3,4,1,3
1593457451,"2020-06-29 19:04:11",12,239,3.6725082,2,11,19,4,4,1,3
1593457511,"2020-06-29 19:05:11",0,243,3,2,0,19,3,4,1,3
1593457571,"2020-06-29 19:06:11",13,242,3,2,12,19,3,4,1,3
1593457631,"2020-06-29 19:07:11",13,237,3,2,12,19,3,4,1,3
1593457691,"2020-06-29 19:08:11",13,243,3,2,12,19,3,4,1,3
1593457751,"2020-06-29 19:09:11",13,237,3,2,12,19,3,4,1,3
1593457811,"2020-06-29 19:10:11",13,234,3,2,12,19,3,4,1,3
1593457871,"2020-06-29 19:11:11",13,238,5.8250475,2,12,19,6,4,1,3
1593457931,"2020-06-29 19:12:11",12,240,3,2,12,19,3,4,1,3
1593457991,"2020-06-29 19:13:11",12,241,3,2,12,19,3,4,1,3
1593458051,"2020-06-29 19:14:11",12,244,3,2,12,20,3,4,1,3
1593458111,"2020-06-29 19:15:11",0,235,3,2,0,19,3,4,1,3
1593458171,"2020-06-29 19:16:11",13,235,3,2,12,19,3,4,1,3
1593458231,"2020-06-29 19:17:11",13,235,8.998854,2,12,19,9,4,1,3
1593458291,"2020-06-29 19:18:11",13,237,3,2,12,19,3,4,1,3
1593458351,"2020-06-29 19:19:11",13,238,3,2,12,19,3,4,1,3
1593458411,"2020-06-29 19:20:11",13,237,3,2,12,19,3,4,1,3
1593458471,"2020-06-29 19:21:11",12,236,3,2,12,19,3,4,1,3
1593458531,"2020-06-29 19:22:11",13,236,3,2,12,19,3,4,1,3
1593458591,"2020-06-29 19:23:11",13,235,3,2,12,19,3,4,1,3
1593458651,"2020-06-29 19:24:11",13,233,3,2,12,19,3,4,1,3
1593458711,"2020-06-29 19:25:11",14,235,3,2,13,19,3,4,1,3
1593458771,"2020-06-29 19:26:11",14,231,3,2,13,18,3,4,1,3
1593458831,"2020-06-29 19:27:11",14,240,3,2,13,19,3,4,1,3
1593458891,"2020-06-29 19:28:11",13,234,3,2,12,19,3,4,1,3
1593458951,"2020-06-29 19:29:11",13,233,3,2,12,19,3,4,1,3
1593459011,"2020-06-29 19:30:11",13,235,3,2,12,19,3,4,1,3
1593459071,"2020-06-29 19:31:11",14,238,3,2,13,19,3,4,1,3
1593459131,"2020-06-29 19:32:11",14,237,3,2,13,19,3,4,1,3
1593459191,"2020-06-29 19:33:11",14,230,3,2,13,18,3,4,1,3
1593459251,"2020-06-29 19:34:11",14,232,3,2,13,19,3,4,1,3
1593459311,"2020-06-29 19:35:11",14,232,3,2,13,19,3,4,1,3
1593459371,"2020-06-29 19:36:11",14,234,3,2,13,19,3,4,1,3
1593459431,"2020-06-29 19:37:11",14,233,3,2,13,19,3,4,1,3
1593459491,"2020-06-29 19:38:11",14,237,3,2,13,19,3,4,1,3
1593459551,"2020-06-29 19:39:11",14,237,3,2,13,19,3,4,1,3
1593459611,"2020-06-29 19:40:11",14,235,3,2,13,19,3,4,1,3
1593459671,"2020-06-29 19:41:11",14,229,3,2,13,18,3,4,1,3
1593459731,"2020-06-29 19:42:11",14,229,3,2,13,18,3,4,1,3
1593459791,"2020-06-29 19:43:11",14,232,3,2,13,19,3,4,1,3
1593459851,"2020-06-29 19:44:11",14,232,3,2,13,19,3,4,1,3
1593459911,"2020-06-29 19:45:11",15,227,3,2,14,18,3,4,1,3
1593459971,"2020-06-29 19:46:11",15,230,3,2,14,18,3,4,1,3
1593460031,"2020-06-29 19:47:11",14,230,3,2,13,18,3,4,1,3
1593460091,"2020-06-29 19:48:11",14,232,3,2,13,19,3,4,1,3
1593460151,"2020-06-29 19:49:11",14,229,3,2,13,18,3,4,1,3
1593460211,"2020-06-29 19:50:11",15,231,3,2,14,18,3,4,1,3
1593460271,"2020-06-29 19:51:11",15,230,3,2,14,18,3,4,1,3
1593460331,"2020-06-29 19:52:11",15,231,3,2,14,18,3,4,1,3
1593460391,"2020-06-29 19:53:11",14,230,3,2,13,18,3,4,1,3
1593460451,"2020-06-29 19:54:11",14,231,3,2,13,18,3,4,1,3
1593460511,"2020-06-29 19:55:11",14,233,3,2,13,19,3,4,1,3
1593460571,"2020-06-29 19:56:11",15,231,3,2,14,18,3,4,1,3
1593460631,"2020-06-29 19:57:11",14,234,3,2,13,19,3,4,1,3
1593460691,"2020-06-29 19:58:11",14,231,16.320732,2.8899784,13,18,16,6,1,3
1593460751,"2020-06-29 19:59:11",14,228,3,2,13,18,3,4,1,3
1593460811,"2020-06-29 20:00:11",14,229,3,2,13,18,3,4,1,3
1593460871,"2020-06-29 20:01:11",14,230,3,2,13,18,3,4,1,3
1593460931,"2020-06-29 20:02:11",15,229,3,2,14,18,3,4,1,3
1593460991,"2020-06-29 20:03:11",14,226,3,2,13,18,3,4,1,3
1593461051,"2020-06-29 20:04:11",14,228,3,2,13,18,3,4,1,3
1593461111,"2020-06-29 20:05:11",15,228,3,2,14,18,3,4,1,3
1593461171,"2020-06-29 20:06:11",14,227,19.765938,3.0358338,13,18,20,6,1,3
1593461231,"2020-06-29 20:07:11",16,229,3,2,15,18,3,4,1,3
1593461291,"2020-06-29 20:08:11",14,227,3,2,13,18,3,4,1,3
1593461351,"2020-06-29 20:09:11",16,230,3,2,15,18,3,4,1,3
1593461411,"2020-06-29 20:10:11",15,228,3,2,14,18,3,4,1,3
1593461471,"2020-06-29 20:11:11",15,226,3,2,14,18,3,4,1,3
1593461531,"2020-06-29 20:12:11",15,227,3,2,14,18,3,4,1,3
1593461591,"2020-06-29 20:13:11",15,228,3,2,14,18,3,4,1,3
1593461651,"2020-06-29 20:14:11",14,232,3,2,13,19,3,4,1,3
1593461711,"2020-06-29 20:15:11",15,232,3,2,14,19,3,4,1,3
1593461771,"2020-06-29 20:16:11",14,233,3,2,13,19,3,4,1,3
1593461831,"2020-06-29 20:17:11",16,230,3,2,15,18,3,4,1,3
1593461891,"2020-06-29 20:18:11",14,227,3,2,13,18,3,4,1,3
1593461951,"2020-06-29 20:19:11",16,226,3,2,15,18,3,4,1,3
1593462011,"2020-06-29 20:20:11",15,227,3,2,14,18,3,4,1,3
1593462071,"2020-06-29 20:21:11",14,227,13.262272,2.0105438,13,18,13,4,1,3
1593462131,"2020-06-29 20:22:11",15,230,3,2,14,18,3,4,1,3
1593462191,"2020-06-29 20:23:11",15,231,3,2,14,18,3,4,1,3
1593462251,"2020-06-29 20:24:11",14,232,5.810747,2,13,19,6,4,1,3
1593462311,"2020-06-29 20:25:11",15,231,3,2,14,18,3,4,1,3
1593462371,"2020-06-29 20:26:11",14,229,3,2,13,18,3,4,1,3
1593462431,"2020-06-29 20:27:11",15,227,3,2,14,18,3,4,1,3
1593462491,"2020-06-29 20:28:11",15,226,3,2,14,18,3,4,1,3
1593462551,"2020-06-29 20:29:11",15,225,3,2,14,18,3,4,1,3
1593462611,"2020-06-29 20:30:11",15,227,3,2,14,18,3,4,1,3
1593462671,"2020-06-29 20:31:11",15,226,3,2,14,18,3,4,1,3
1593462731,"2020-06-29 20:32:11",15,225,3,2,14,18,3,4,1,3
1593462791,"2020-06-29 20:33:11",15,227,4.3680353,2,14,18,4,4,1,3
1593462851,"2020-06-29 20:34:11",15,235,3,2,14,19,3,4,1,3
1593462911,"2020-06-29 20:35:11",15,230,3,2,14,18,3,4,1,3
1593462971,"2020-06-29 20:36:11",15,228,3,2,14,18,3,4,1,3
1593463031,"2020-06-29 20:37:11",16,226,3,2,15,18,3,4,1,3
1593463091,"2020-06-29 20:38:11",15,223,3,2,14,18,3,4,1,3
1593463151,"2020-06-29 20:39:11",15,227,14.764431,2,14,18,15,4,1,3
1593463211,"2020-06-29 20:40:11",16,229,14.482348,2,15,18,14,4,1,3
1593463271,"2020-06-29 20:41:11",15,227,3,2,14,18,3,4,1,3
1593463331,"2020-06-29 20:42:11",16,228,3,2,15,18,3,4,1,3
1593463391,"2020-06-29 20:43:11",15,228,3,2,14,18,3,4,1,3
1593463451,"2020-06-29 20:44:11",15,228,3,2,14,18,3,4,1,3
1593463511,"2020-06-29 20:45:11",14,225,3,2,13,18,3,4,1,3
1593463571,"2020-06-29 20:46:11",15,224,3,2,14,18,3,4,1,3
1593463631,"2020-06-29 20:47:11",16,224,3,2,15,18,3,4,1,3
1593463691,"2020-06-29 20:48:11",16,223,3,2,15,18,3,4,1,3
1593463751,"2020-06-29 20:49:11",16,225,3,2,15,18,3,4,1,3
1593463811,"2020-06-29 20:50:11",15,226,3,2,14,18,3,4,1,3
1593463871,"2020-06-29 20:51:11",15,227,3,2,14,18,3,4,1,3
1593463931,"2020-06-29 20:52:11",16,226,3,2,15,18,3,4,1,3
1593463991,"2020-06-29 20:53:11",16,225,3,2,15,18,3,4,1,3
1593464051,"2020-06-29 20:54:11",15,225,3,2,14,18,3,4,1,3
1593464111,"2020-06-29 20:55:11",15,228,5.572182,2,14,18,6,4,1,3
1593464171,"2020-06-29 20:56:11",15,226,11.024237,2,14,18,11,4,1,3
1593464231,"2020-06-29 20:57:11",15,226,3,2,14,18,3,4,1,3
1593464291,"2020-06-29 20:58:11",16,227,3,2,15,18,3,4,1,3
1593464351,"2020-06-29 20:59:11",16,223,3,2,15,18,3,4,1,3
1593464411,"2020-06-29 21:00:11",16,220,3,2,15,18,3,4,1,3
1593464471,"2020-06-29 21:01:11",16,222,4.2672205,2,15,18,4,4,1,3
1593464531,"2020-06-29 21:02:11",16,228,3,2,15,18,3,4,1,3
1593464591,"2020-06-29 21:03:11",15,225,3,2,14,18,3,4,1,3
1593464651,"2020-06-29 21:04:11",16,225,3,2,15,18,3,4,1,3
1593464711,"2020-06-29 21:05:11",16,226,9.151333,2,15,18,9,4,1,3
1593464771,"2020-06-29 21:06:11",0,226,3,2,0,18,3,4,1,3
1593464831,"2020-06-29 21:07:11",15,227,3,2,14,18,3,4,1,3
1593464891,"2020-06-29 21:08:11",14,226,3,2,13,18,3,4,1,3
1593464951,"2020-06-29 21:09:11",13,229,3,2,12,18,3,4,1,3
1593465011,"2020-06-29 21:10:11",14,228,3,2,13,18,3,4,1,3
1593465071,"2020-06-29 21:11:11",13,231,3,2,12,18,3,4,1,3
1593465131,"2020-06-29 21:12:11",14,229,3,2,13,18,3,4,1,3
1593465191,"2020-06-29 21:13:11",13,229,32.616608,2,12,18,33,4,1,3
1593465251,"2020-06-29 21:14:11",13,232,5.6846733,2,12,19,6,4,1,3
1593465311,"2020-06-29 21:15:11",13,235,3,2,12,19,3,4,1,3
1593465371,"2020-06-29 21:16:11",0,234,3,2,0,19,3,4,1,3
1593465431,"2020-06-29 21:17:11",13,234,3,2,12,19,3,4,1,3
1593465551,"2020-06-29 21:19:11",12,237,3,2,11,19,3,4,1,3
1593465611,"2020-06-29 21:20:11",13,236,3,2,12,19,3,4,1,3
1593465671,"2020-06-29 21:21:11",12,235,3,2,11,19,3,4,1,3
1593465731,"2020-06-29 21:22:11",13,241,3,2,12,19,3,4,1,3
1593465791,"2020-06-29 21:23:11",12,0,3,2,11,0,3,4,1,3
1593465851,"2020-06-29 21:24:11",12,237,3,2,11,19,3,4,1,3
1593465911,"2020-06-29 21:25:11",13,240,3,2,12,19,3,4,1,3
1593465971,"2020-06-29 21:26:11",0,236,3,2,0,19,3,4,1,3
1593466031,"2020-06-29 21:27:11",12,241,3,2,11,19,3,4,1,3
1593466091,"2020-06-29 21:28:11",13,241,3,2,12,19,3,4,1,3
1593466151,"2020-06-29 21:29:11",12,239,3,2,11,19,3,4,1,3
1593466211,"2020-06-29 21:30:11",12,242,3,2,11,19,3,4,1,3
1593466271,"2020-06-29 21:31:11",13,242,3,2,12,19,3,4,1,3
1593466331,"2020-06-29 21:32:11",12,241,3,2,11,19,3,4,1,3
1593466391,"2020-06-29 21:33:11",13,240,3,2,12,19,3,4,1,3
1593466451,"2020-06-29 21:34:11",12,245,3,2,11,20,3,4,1,3
1593466511,"2020-06-29 21:35:11",13,241,3,2,12,19,3,4,1,3
1593466571,"2020-06-29 21:36:11",0,244,3,2,0,20,3,4,1,3
1593466631,"2020-06-29 21:37:11",12,248,3,2,11,20,3,4,1,3
1593466691,"2020-06-29 21:38:11",12,240,3,2,11,19,3,4,1,3
1593466751,"2020-06-29 21:39:11",12,242,3,2,11,19,3,4,1,3
1593466811,"2020-06-29 21:40:11",12,250,3,2,11,20,3,4,1,3
1593466871,"2020-06-29 21:41:11",12,243,3,2,11,19,3,4,1,3
1593466931,"2020-06-29 21:42:11",12,248,3,2,11,20,3,4,1,3
1593466991,"2020-06-29 21:43:11",13,244,3,2,12,20,3,4,1,3
1593467051,"2020-06-29 21:44:11",12,249,3,2,11,20,3,4,1,3
1593467111,"2020-06-29 21:45:11",12,242,3,2,11,19,3,4,1,3
1593467171,"2020-06-29 21:46:11",12,248,3,2,11,20,3,4,1,3
1593467231,"2020-06-29 21:47:11",12,251,3,2,11,20,3,4,1,3
1593467291,"2020-06-29 21:48:11",12,247,3,2,11,20,3,4,1,3
1593467351,"2020-06-29 21:49:11",12,249,3,2,11,20,3,4,1,3
1593467411,"2020-06-29 21:50:11",12,242,3,2,11,19,3,4,1,3
1593467471,"2020-06-29 21:51:11",12,249,3,2,11,20,3,4,1,3
1593467531,"2020-06-29 21:52:11",12,246,3,2,11,20,3,4,1,3
1593467591,"2020-06-29 21:53:11",12,248,3,2,11,20,3,4,1,3
1593467651,"2020-06-29 21:54:11",12,247,3,2,11,20,3,4,1,3
1593467711,"2020-06-29 21:55:11",12,247,3,2,11,20,3,4,1,3
1593467771,"2020-06-29 21:56:11",12,248,3,2,11,20,3,4,1,3
1593467831,"2020-06-29 21:57:11",12,249,3,2,11,20,3,4,1,3
1593467891,"2020-06-29 21:58:11",12,255,12.203408,2,11,20,12,4,1,3
1593467951,"2020-06-29 21:59:11",12,248,3,2,11,20,3,4,1,3
1593468011,"2020-06-29 22:00:11",12,251,3,2,11,20,3,4,1,3
1593468071,"2020-06-29 22:01:11",12,249,3,2,11,20,3,4,1,3
1593468131,"2020-06-29 22:02:11",12,246,3,2,11,20,3,4,1,3
1593468191,"2020-06-29 22:03:11",12,250,3,2,11,20,3,4,1,3
1593468251,"2020-06-29 22:04:11",12,254,3,2,11,20,3,4,1,3
1593468311,"2020-06-29 22:05:11",12,252,3,2,11,20,3,4,1,3
1593468371,"2020-06-29 22:06:11",12,250,3,2,11,20,3,4,1,3
1593468431,"2020-06-29 22:07:11",12,248,3,2,11,20,3,4,1,3
1593468491,"2020-06-29 22:08:11",12,248,3,2,11,20,3,4,1,3
1593468551,"2020-06-29 22:09:11",12,248,3,2,11,20,3,4,1,3
1593468611,"2020-06-29 22:10:11",12,248,3,2,11,20,3,4,1,3
1593468671,"2020-06-29 22:11:11",12,254,3,2,11,20,3,4,1,3
1593468731,"2020-06-29 22:12:11",12,254,3,2,11,20,3,4,1,3
1593468791,"2020-06-29 22:13:11",12,255,3,2,11,20,3,4,1,3
1593468851,"2020-06-29 22:14:11",12,255,3,2,11,20,3,4,1,3
1593468911,"2020-06-29 22:15:11",12,252,3,2,11,20,3,4,1,3
1593468971,"2020-06-29 22:16:11",12,250,3,2,11,20,3,4,1,3
1593469031,"2020-06-29 22:17:11",12,252,3,2,11,20,3,4,1,3
1593469091,"2020-06-29 22:18:11",12,254,3,2,11,20,3,4,1,3
1593469151,"2020-06-29 22:19:11",13,252,3,2,12,20,3,4,1,3
1593469211,"2020-06-29 22:20:11",12,252,3,2,11,20,3,4,1,3
1593469271,"2020-06-29 22:21:11",12,252,3,2,11,20,3,4,1,3
1593469331,"2020-06-29 22:22:11",12,253,3,2,11,20,3,4,1,3
1593469391,"2020-06-29 22:23:11",12,255,3,2,11,20,3,4,1,3
1593469451,"2020-06-29 22:24:11",12,252,3,2,11,20,3,4,1,3
1593469511,"2020-06-29 22:25:11",12,253,3,2,11,20,3,4,1,3
1593469571,"2020-06-29 22:26:11",12,252,18.81149,2,11,20,19,4,1,3
1593469631,"2020-06-29 22:27:11",12,258,3,2,11,21,3,4,1,3
1593469691,"2020-06-29 22:28:11",12,259,8.248208,2,11,21,8,4,1,3
1593469751,"2020-06-29 22:29:11",12,257,3,2,11,21,3,4,1,3
1593469811,"2020-06-29 22:30:11",11,254,45.40624,2.8972197,11,20,45,6,1,3
1593469871,"2020-06-29 22:31:11",12,253,3.319426,2,11,20,3,4,1,3
1593469931,"2020-06-29 22:32:11",11,253,3,2,11,20,3,4,1,3
1593469991,"2020-06-29 22:33:11",11,252,3,2,11,20,3,4,1,3
1593470051,"2020-06-29 22:34:11",12,258,3,2,11,21,3,4,1,3
1593470111,"2020-06-29 22:35:11",12,255,3,2,11,20,3,4,1,3
1593470171,"2020-06-29 22:36:11",12,257,3,2,11,21,3,4,1,3
1593470231,"2020-06-29 22:37:11",12,254,3,2,11,20,3,4,1,3
1593470291,"2020-06-29 22:38:11",12,251,3,2,11,20,3,4,1,3
1593470351,"2020-06-29 22:39:11",11,261,3,2,11,21,3,4,1,3
1593470411,"2020-06-29 22:40:11",10,258,3,2,10,21,3,4,1,3
1593470471,"2020-06-29 22:41:11",10,255,3,2,10,20,3,4,1,3
1593470531,"2020-06-29 22:42:11",11,258,3,2,11,21,3,4,1,3
1593470591,"2020-06-29 22:43:11",12,255,3,2,11,20,3,4,1,3
1593470651,"2020-06-29 22:44:11",12,255,3,2,11,20,3,4,1,3
1593470711,"2020-06-29 22:45:11",12,258,11.547547,2,11,21,12,4,1,3
1593470771,"2020-06-29 22:46:11",12,256,3,2,11,20,3,4,1,3
1593470831,"2020-06-29 22:47:11",13,254,3,2,12,20,3,4,1,3
1593470891,"2020-06-29 22:48:11",12,260,3,2,11,21,3,4,1,3
1593470951,"2020-06-29 22:49:11",12,254,3,2,11,20,3,4,1,3
1593471011,"2020-06-29 22:50:11",12,256,3,2,11,20,3,4,1,3
1593471071,"2020-06-29 22:51:11",11,255,3,2,11,20,3,4,1,3
1593471131,"2020-06-29 22:52:11",10,258,3,2,10,21,3,4,1,3
1593471191,"2020-06-29 22:53:11",11,258,3,2,11,21,3,4,1,3
1593471251,"2020-06-29 22:54:11",11,260,3,2,11,21,3,4,1,3
1593471311,"2020-06-29 22:55:11",11,257,3,2,11,21,3,4,1,3
1593471371,"2020-06-29 22:56:11",11,259,3,2,11,21,3,4,1,3
1593471431,"2020-06-29 22:57:11",11,259,3,2,11,21,3,4,1,3
1593471491,"2020-06-29 22:58:11",11,258,3,2,11,21,3,4,1,3
1593471551,"2020-06-29 22:59:11",11,263,3,2,11,21,3,4,1,3
1593471611,"2020-06-29 23:00:11",11,261,3,2,11,21,3,4,1,3
1593471671,"2020-06-29 23:01:11",10,260,3,2,10,21,3,4,1,3
1593471731,"2020-06-29 23:02:11",10,258,3,2,10,21,3,4,1,3
1593471791,"2020-06-29 23:03:11",10,260,3,2,10,21,3,4,1,3
1593471851,"2020-06-29 23:04:11",10,255,3,2,10,20,3,4,1,3
1593471911,"2020-06-29 23:05:11",10,260,3,2,10,21,3,4,1,3
1593471971,"2020-06-29 23:06:11",10,263,3,2,10,21,3,4,1,3
1593472031,"2020-06-29 23:07:11",11,261,3,2,11,21,3,4,1,3
1593472091,"2020-06-29 23:08:11",11,261,3,2,11,21,3,4,1,3
1593472151,"2020-06-29 23:09:11",10,259,3,2,10,21,3,4,1,3
1593472211,"2020-06-29 23:10:11",11,261,3,2,11,21,3,4,1,3
1593472271,"2020-06-29 23:11:11",12,256,3,2,11,20,3,4,1,3
1593472331,"2020-06-29 23:12:11",12,256,3,2,11,20,3,4,1,3
1593472391,"2020-06-29 23:13:11",11,261,3,2,11,21,3,4,1,3
1593472451,"2020-06-29 23:14:11",11,259,3,2,11,21,3,4,1,3
1593472511,"2020-06-29 23:15:11",11,254,3,2,11,20,3,4,1,3
1593472571,"2020-06-29 23:16:11",12,258,3,2,11,21,3,4,1,3
1593472631,"2020-06-29 23:17:11",12,261,3,2,11,21,3,4,1,3
1593472691,"2020-06-29 23:18:11",12,259,3,2,11,21,3,4,1,3
1593472751,"2020-06-29 23:19:11",12,260,3,2,11,21,3,4,1,3
1593472811,"2020-06-29 23:20:11",10,258,3,2,10,21,3,4,1,3
1593472871,"2020-06-29 23:21:11",10,259,3,2,10,21,3,4,1,3
1593472931,"2020-06-29 23:22:11",12,266,3,2,11,21,3,4,1,3
1593472991,"2020-06-29 23:23:11",10,261,3,2,10,21,3,4,1,3
1593473051,"2020-06-29 23:24:11",11,259,3,2,11,21,3,4,1,3
1593473111,"2020-06-29 23:25:11",11,263,3,2,11,21,3,4,1,3
1593473171,"2020-06-29 23:26:11",0,262,3,2,0,21,3,4,1,3
1593473231,"2020-06-29 23:27:11",10,262,3,2,10,21,3,4,1,3
1593473291,"2020-06-29 23:28:11",10,262,3,2,10,21,3,4,1,3
1593473351,"2020-06-29 23:29:11",10,260,3,2,10,21,3,4,1,3
1593473411,"2020-06-29 23:30:11",10,260,3,2,10,21,3,4,1,3
1593473471,"2020-06-29 23:31:11",10,261,3,2,10,21,3,4,1,3
1593473531,"2020-06-29 23:32:11",10,259,3,2,10,21,3,4,1,3
1593473591,"2020-06-29 23:33:11",10,257,3,2,10,21,3,4,1,3
1593473651,"2020-06-29 23:34:11",10,264,3,2,10,21,3,4,1,3
1593473711,"2020-06-29 23:35:11",10,260,3,2,10,21,3,4,1,3
1593473771,"2020-06-29 23:36:11",0,264,3,2,0,21,3,4,1,3
1593473831,"2020-06-29 23:37:11",10,264,3,2,10,21,3,4,1,3
1593473891,"2020-06-29 23:38:11",11,264,5.6167517,2,10,21,6,4,1,3
1593473951,"2020-06-29 23:39:11",10,263,3,2,10,21,3,4,1,3
1593474071,"2020-06-29 23:41:11",10,256,3,2,10,20,3,4,1,3
1593474131,"2020-06-29 23:42:11",10,254,3,2,10,20,3,4,1,3
1593474191,"2020-06-29 23:43:11",11,259,3,2,11,21,3,4,1,3
1593474251,"2020-06-29 23:44:11",11,257,3,2,11,21,3,4,1,3
1593474311,"2020-06-29 23:45:11",11,0,3,2,11,0,3,4,1,3
1593474371,"2020-06-29 23:46:11",0,255,3,2,0,20,3,4,1,3
1593474431,"2020-06-29 23:47:11",12,258,3,2,11,21,3,4,1,3
1593474491,"2020-06-29 23:48:11",12,254,3,2,11,20,3,4,1,3
1593474551,"2020-06-29 23:49:11",11,256,3,2,11,20,3,4,1,3
1593474611,"2020-06-29 23:50:11",12,256,3,2,11,20,3,4,1,3
1593474671,"2020-06-29 23:51:11",11,258,15.575128,2.406108,11,21,16,5,1,3
1593474731,"2020-06-29 23:52:11",12,257,3,2,11,21,3,4,1,3
1593474791,"2020-06-29 23:53:11",12,258,3,2,11,21,3,4,1,3
1593474851,"2020-06-29 23:54:11",12,260,3,2,11,21,3,4,1,3
1593474911,"2020-06-29 23:55:11",12,254,3,2,11,20,3,4,1,3
1593474971,"2020-06-29 23:56:11",0,252,3,2,0,20,3,4,1,3
1593475031,"2020-06-29 23:57:11",11,253,3,2,10,20,3,4,1,3
1593475091,"2020-06-29 23:58:11",11,253,3,2,10,20,3,4,1,3
1593475151,"2020-06-29 23:59:11",0,254,3,2,0,20,3,4,1,3
