1588636811,"2020-05-05 00:00:11",4,178,24.731361,2.6003618,4,14,25,5,1,3
1588636871,"2020-05-05 00:01:11",3,174,15.7469635,2,3,14,16,4,1,3
1588636931,"2020-05-05 00:02:11",4,173,23.545845,2.1112986,4,14,24,4,1,3
1588636991,"2020-05-05 00:03:11",4,175,3,2,4,14,3,4,1,3
1588637051,"2020-05-05 00:04:11",4,175,17.965946,2,4,14,18,4,1,3
1588637111,"2020-05-05 00:05:11",4,177,3,2,4,14,3,4,1,3
1588637171,"2020-05-05 00:06:11",3,173,108.24412,8.200716,3,14,118,16,1,3
1588637231,"2020-05-05 00:07:11",5,176,3,2,5,14,3,4,1,3
1588637291,"2020-05-05 00:08:11",4,177,10.831122,2,4,14,11,4,1,3
1588637351,"2020-05-05 00:09:11",5,175,25.103231,2.0269604,5,14,25,4,1,3
1588637411,"2020-05-05 00:10:11",6,174,40.99986,3.0716333,6,14,41,6,1,3
1588637471,"2020-05-05 00:11:11",4,174,3,2,4,14,3,4,1,3
1588637531,"2020-05-05 00:12:11",5,174,27.380838,2.422329,5,14,27,5,1,3
1588637591,"2020-05-05 00:13:11",4,176,9.668518,2,4,14,10,4,1,3
1588637651,"2020-05-05 00:14:11",5,175,39.419025,2.9567213,5,14,39,6,1,3
1588637711,"2020-05-05 00:15:11",4,175,3,2,4,14,3,4,1,3
1588637771,"2020-05-05 00:16:11",5,172,3,2,5,14,3,4,1,3
1588637831,"2020-05-05 00:17:11",6,171,11.674489,2,6,14,12,4,1,3
1588637891,"2020-05-05 00:18:11",5,172,3,2,5,14,3,4,1,3
1588637951,"2020-05-05 00:19:11",5,172,5.796213,2,5,14,6,4,1,3
1588638011,"2020-05-05 00:20:11",6,168,3,2,6,13,3,4,1,3
1588638071,"2020-05-05 00:21:11",4,172,9.600616,2,4,14,10,4,1,3
1588638131,"2020-05-05 00:22:11",6,172,3,2,6,14,3,4,1,3
1588638191,"2020-05-05 00:23:11",5,171,28.793724,2,5,14,29,4,1,3
1588638251,"2020-05-05 00:24:11",5,174,3,2,5,14,3,4,1,3
1588638311,"2020-05-05 00:25:11",7,173,3,2,6,14,3,4,1,3
1588638371,"2020-05-05 00:26:11",6,169,13.647907,2,6,14,14,4,1,3
1588638431,"2020-05-05 00:27:11",7,168,3,2,6,13,3,4,1,3
1588638491,"2020-05-05 00:28:11",7,171,3,2,6,14,3,4,1,3
1588638551,"2020-05-05 00:29:11",4,171,28.680433,2,4,14,29,4,1,3
1588638611,"2020-05-05 00:30:11",6,171,27.278503,2.3011446,6,14,27,5,1,3
1588638671,"2020-05-05 00:31:11",6,169,38.23836,2.4949865,6,14,38,5,1,3
1588638731,"2020-05-05 00:32:11",7,169,46.292152,2.1188087,6,14,46,4,1,3
1588638791,"2020-05-05 00:33:11",7,166,3,2,6,13,3,4,1,3
1588638851,"2020-05-05 00:34:11",6,170,11.254858,2,6,14,11,4,1,3
1588638911,"2020-05-05 00:35:11",4,170,13.41123,2,4,14,13,4,1,3
1588638971,"2020-05-05 00:36:11",6,172,19.939098,2,6,14,20,4,1,3
1588639031,"2020-05-05 00:37:11",4,172,41.205894,3.2929,4,14,41,7,1,3
1588639091,"2020-05-05 00:38:11",6,172,62.53312,4.2770414,6,14,71,9,1,3
1588639151,"2020-05-05 00:39:11",6,170,64.69868,5.202132,6,14,74,10,1,3
1588639211,"2020-05-05 00:40:11",6,171,76.40693,5.8951654,6,14,94,12,1,3
1588639271,"2020-05-05 00:41:11",6,171,3,2,6,14,3,4,1,3
1588639331,"2020-05-05 00:42:11",6,170,11.801734,2,6,14,12,4,1,3
1588639391,"2020-05-05 00:43:11",7,171,14.970461,2,6,14,15,4,1,3
1588639451,"2020-05-05 00:44:11",7,170,17.164284,2,6,14,17,4,1,3
1588639511,"2020-05-05 00:45:11",5,169,16.577156,2,5,14,17,4,1,3
1588639571,"2020-05-05 00:46:11",7,168,13.254454,2,6,13,13,4,1,3
1588639631,"2020-05-05 00:47:11",6,170,20.80654,2,6,14,21,4,1,3
1588639691,"2020-05-05 00:48:11",7,169,7.149905,2,6,14,7,4,1,3
1588639751,"2020-05-05 00:49:11",4,170,3,2,4,14,3,4,1,3
1588639811,"2020-05-05 00:50:11",7,174,67.98816,5.1394987,6,14,80,10,1,3
1588639871,"2020-05-05 00:51:11",7,170,17.964693,2,6,14,18,4,1,3
1588639931,"2020-05-05 00:52:11",7,172,36.97087,3.3008614,6,14,37,7,1,3
1588639991,"2020-05-05 00:53:11",6,168,3,2,6,13,3,4,1,3
1588640051,"2020-05-05 00:54:11",5,171,3,2,5,14,3,4,1,3
1588640111,"2020-05-05 00:55:11",5,169,3,2,5,14,3,4,1,3
1588640171,"2020-05-05 00:56:11",6,173,29.562475,2.072155,6,14,30,4,1,3
1588640231,"2020-05-05 00:57:11",7,170,22.025856,2,6,14,22,4,1,3
1588640291,"2020-05-05 00:58:11",3,171,6.7765746,2,3,14,7,4,1,3
1588640351,"2020-05-05 00:59:11",4,172,3,2,4,14,3,4,1,3
1588640411,"2020-05-05 01:00:11",5,170,48.66139,3.6544352,5,14,49,7,1,3
1588640531,"2020-05-05 01:02:11",6,168,20.330877,2,6,13,20,4,1,3
1588640591,"2020-05-05 01:03:11",6,168,6.6264753,2,6,13,7,4,1,3
1588640651,"2020-05-05 01:04:11",5,170,20.3672,2,5,14,20,4,1,3
1588640711,"2020-05-05 01:05:11",5,168,3,2,5,13,3,4,1,3
1588640771,"2020-05-05 01:06:11",5,0,49.915283,3.5726366,5,0,50,7,1,3
1588640831,"2020-05-05 01:07:11",5,169,18.992851,2,5,14,19,4,1,3
1588640891,"2020-05-05 01:08:11",6,168,34.76724,2.9063177,6,13,35,6,1,3
1588640951,"2020-05-05 01:09:11",5,169,3,2,5,14,3,4,1,3
1588641011,"2020-05-05 01:10:11",5,167,17.082289,2,5,13,17,4,1,3
1588641071,"2020-05-05 01:11:11",0,168,21.629879,2.2789316,0,13,22,5,1,3
1588641131,"2020-05-05 01:12:11",5,169,3,2,5,14,3,4,1,3
1588641191,"2020-05-05 01:13:11",6,168,10.93455,2,6,13,11,4,1,3
1588641251,"2020-05-05 01:14:11",6,166,3,2,6,13,3,4,1,3
1588641311,"2020-05-05 01:15:11",4,170,4.9915247,2,4,14,5,4,1,3
1588641371,"2020-05-05 01:16:11",6,167,3,2,6,13,3,4,1,3
1588641431,"2020-05-05 01:17:11",6,170,12.386162,2,6,14,12,4,1,3
1588641491,"2020-05-05 01:18:11",7,168,13.482469,2,7,13,13,4,1,3
1588641551,"2020-05-05 01:19:11",7,166,7.734402,2,7,13,8,4,1,3
1588641611,"2020-05-05 01:20:11",0,166,28.743748,2,0,13,29,4,1,3
1588641671,"2020-05-05 01:21:11",5,171,7.122853,2,5,14,7,4,1,3
1588641731,"2020-05-05 01:22:11",4,166,26.249273,2,4,13,26,4,1,3
1588641791,"2020-05-05 01:23:11",7,167,32.02407,2.7624798,7,13,32,6,1,3
1588641851,"2020-05-05 01:24:11",7,166,40.06912,2.9223166,7,13,40,6,1,3
1588641911,"2020-05-05 01:25:11",4,165,11.141901,2,4,13,11,4,1,3
1588641971,"2020-05-05 01:26:11",4,165,3,2,4,13,3,4,1,3
1588642031,"2020-05-05 01:27:11",7,162,3,2,7,13,3,4,1,3
1588642091,"2020-05-05 01:28:11",6,164,19.255718,2,6,13,19,4,1,3
1588642151,"2020-05-05 01:29:11",6,164,7.447013,2,6,13,7,4,1,3
1588642211,"2020-05-05 01:30:11",5,164,79.37857,5.7672577,5,13,99,12,1,3
1588642271,"2020-05-05 01:31:11",5,162,14.7189865,2.042882,5,13,15,4,1,3
1588642331,"2020-05-05 01:32:11",5,166,3.9248571,2,5,13,4,4,1,3
1588642391,"2020-05-05 01:33:11",5,161,25.77966,2,5,13,26,4,1,3
1588642451,"2020-05-05 01:34:11",5,165,17.18481,2,5,13,17,4,1,3
1588642511,"2020-05-05 01:35:11",4,161,3,2,4,13,3,4,1,3
1588642571,"2020-05-05 01:36:11",5,164,3,2,5,13,3,4,1,3
1588642631,"2020-05-05 01:37:11",6,163,14.737977,2,6,13,15,4,1,3
1588642691,"2020-05-05 01:38:11",6,163,17.352928,2,6,13,17,4,1,3
1588642751,"2020-05-05 01:39:11",4,165,4.2953305,2,4,13,4,4,1,3
1588642811,"2020-05-05 01:40:11",6,163,22.809359,2,6,13,23,4,1,3
1588642871,"2020-05-05 01:41:11",7,162,6.466079,2,7,13,6,4,1,3
1588642931,"2020-05-05 01:42:11",6,164,52.168865,4.005142,6,13,54,8,1,3
1588642991,"2020-05-05 01:43:11",8,165,114.354034,8.898106,7,13,121,18,1,3
1588643051,"2020-05-05 01:44:11",6,165,30.528625,2.2180548,6,13,31,4,1,3
1588643111,"2020-05-05 01:45:11",6,164,3,2,6,13,3,4,1,3
1588643171,"2020-05-05 01:46:11",7,164,46.00142,4.3437595,7,13,46,9,1,3
1588643231,"2020-05-05 01:47:11",6,163,65.75256,4.9438286,6,13,76,10,1,3
1588643291,"2020-05-05 01:48:11",5,163,5.2295103,2,5,13,5,4,1,3
1588643351,"2020-05-05 01:49:11",6,161,8.75375,2,6,13,9,4,1,3
1588643411,"2020-05-05 01:50:11",8,163,6.9900126,2,7,13,7,4,1,3
1588643471,"2020-05-05 01:51:11",7,162,12.969531,2,7,13,13,4,1,3
1588643531,"2020-05-05 01:52:11",5,162,26.561707,2,5,13,27,4,1,3
1588643591,"2020-05-05 01:53:11",6,161,36.492832,3.0768213,6,13,36,6,1,3
1588643651,"2020-05-05 01:54:11",6,162,3.6168103,2,6,13,4,4,1,3
1588643711,"2020-05-05 01:55:11",7,162,43.064064,2.5062962,7,13,43,5,1,3
1588643771,"2020-05-05 01:56:11",6,162,42.539295,2.727765,6,13,43,5,1,3
1588643831,"2020-05-05 01:57:11",6,162,3,2,6,13,3,4,1,3
1588643891,"2020-05-05 01:58:11",4,163,10.755591,2,4,13,11,4,1,3
1588643951,"2020-05-05 01:59:11",6,166,36.39379,2.0984554,6,13,36,4,1,3
1588644011,"2020-05-05 02:00:11",5,163,28.556095,2.024413,5,13,29,4,1,3
1588644071,"2020-05-05 02:01:11",4,165,3,2,4,13,3,4,1,3
1588644131,"2020-05-05 02:02:11",5,163,15.628645,2,5,13,16,4,1,3
1588644191,"2020-05-05 02:03:11",4,163,3,2,4,13,3,4,1,3
1588644251,"2020-05-05 02:04:11",5,163,3,2,5,13,3,4,1,3
1588644311,"2020-05-05 02:05:11",7,161,3,2,7,13,3,4,1,3
1588644371,"2020-05-05 02:06:11",7,160,22.27198,2,7,13,22,4,1,3
1588644431,"2020-05-05 02:07:11",7,160,31.803051,2.210287,7,13,32,4,1,3
1588644491,"2020-05-05 02:08:11",7,167,12.79632,2,7,13,13,4,1,3
1588644551,"2020-05-05 02:09:11",6,164,3,2,6,13,3,4,1,3
1588644611,"2020-05-05 02:10:11",4,161,3,2,4,13,3,4,1,3
1588644671,"2020-05-05 02:11:11",8,162,6.9822893,2,7,13,7,4,1,3
1588644731,"2020-05-05 02:12:11",7,163,3,2,7,13,3,4,1,3
1588644791,"2020-05-05 02:13:11",6,161,7.666147,2,6,13,8,4,1,3
1588644851,"2020-05-05 02:14:11",8,158,4.9883213,2,7,13,5,4,1,3
1588644911,"2020-05-05 02:15:11",6,161,6.01582,2,6,13,6,4,1,3
1588644971,"2020-05-05 02:16:11",6,160,3,2,6,13,3,4,1,3
1588645031,"2020-05-05 02:17:11",5,160,3,2,5,13,3,4,1,3
1588645091,"2020-05-05 02:18:11",6,163,3,2,6,13,3,4,1,3
1588645151,"2020-05-05 02:19:11",6,161,30.851364,2.3797235,6,13,31,5,1,3
1588645211,"2020-05-05 02:20:11",6,158,17.53481,2,6,13,18,4,1,3
1588645271,"2020-05-05 02:21:11",5,158,60.40436,4.5671806,5,13,67,9,1,3
1588645331,"2020-05-05 02:22:11",5,157,3,2,5,13,3,4,1,3
1588645391,"2020-05-05 02:23:11",7,160,3,2,7,13,3,4,1,3
1588645451,"2020-05-05 02:24:11",7,158,3,2,7,13,3,4,1,3
1588645511,"2020-05-05 02:25:11",8,159,85.147995,6.094002,7,13,103,12,1,3
1588645571,"2020-05-05 02:26:11",8,156,3,2,7,12,3,4,1,3
1588645631,"2020-05-05 02:27:11",6,159,26.704723,2.0553055,6,13,27,4,1,3
1588645691,"2020-05-05 02:28:11",9,157,3.8425727,2,8,13,4,4,1,3
1588645751,"2020-05-05 02:29:11",7,157,9.319263,2,7,13,9,4,1,3
1588645811,"2020-05-05 02:30:11",8,159,3,2,7,13,3,4,1,3
1588645871,"2020-05-05 02:31:11",7,157,3,2,7,13,3,4,1,3
1588645931,"2020-05-05 02:32:11",8,157,33.151787,3.089118,7,13,33,6,1,3
1588645991,"2020-05-05 02:33:11",9,156,11.609784,2,8,12,12,4,1,3
1588646051,"2020-05-05 02:34:11",7,159,34.68074,2.0710602,7,13,35,4,1,3
1588646111,"2020-05-05 02:35:11",8,161,3,2,7,13,3,4,1,3
1588646171,"2020-05-05 02:36:11",9,160,7.8591228,2,8,13,8,4,1,3
1588646231,"2020-05-05 02:37:11",7,157,3,2,7,13,3,4,1,3
1588646291,"2020-05-05 02:38:11",8,160,24.10625,2,7,13,24,4,1,3
1588646351,"2020-05-05 02:39:11",7,161,3,2,7,13,3,4,1,3
1588646411,"2020-05-05 02:40:11",7,159,3,2,7,13,3,4,1,3
1588646471,"2020-05-05 02:41:11",6,160,3,2,6,13,3,4,1,3
1588646531,"2020-05-05 02:42:11",6,160,5.5447264,2,6,13,6,4,1,3
1588646591,"2020-05-05 02:43:11",7,160,19.168934,2,7,13,19,4,1,3
1588646651,"2020-05-05 02:44:11",6,159,3,2,6,13,3,4,1,3
1588646711,"2020-05-05 02:45:11",5,160,3,2,5,13,3,4,1,3
1588646771,"2020-05-05 02:46:11",6,161,61.39653,4.220972,6,13,69,8,1,3
1588646831,"2020-05-05 02:47:11",6,164,13.965017,2,6,13,14,4,1,3
1588646891,"2020-05-05 02:48:11",7,159,84.37841,6.764823,7,13,103,14,1,3
1588646951,"2020-05-05 02:49:11",7,162,71.91589,5.537649,7,13,87,11,1,3
1588647011,"2020-05-05 02:50:11",6,160,3,2,6,13,3,4,1,3
1588647071,"2020-05-05 02:51:11",6,161,3,2,6,13,3,4,1,3
1588647131,"2020-05-05 02:52:11",6,159,6.1768646,2,6,13,6,4,1,3
1588647191,"2020-05-05 02:53:11",6,158,3,2,6,13,3,4,1,3
1588647251,"2020-05-05 02:54:11",5,159,5.636554,2,5,13,6,4,1,3
1588647311,"2020-05-05 02:55:11",7,160,16.964947,2,7,13,17,4,1,3
1588647371,"2020-05-05 02:56:11",6,158,30.179573,2,6,13,30,4,1,3
1588647431,"2020-05-05 02:57:11",4,161,82.930145,5.960801,4,13,102,12,1,3
1588647491,"2020-05-05 02:58:11",7,159,3,2,7,13,3,4,1,3
1588647551,"2020-05-05 02:59:11",6,162,18.270613,2,6,13,18,4,1,3
1588647611,"2020-05-05 03:00:11",6,161,20.484903,2,6,13,20,4,1,3
1588647671,"2020-05-05 03:01:11",5,158,21.390276,2,5,13,21,4,1,3
1588647731,"2020-05-05 03:02:11",6,158,3,2,6,13,3,4,1,3
1588647791,"2020-05-05 03:03:11",4,160,9.213261,2,4,13,9,4,1,3
1588647851,"2020-05-05 03:04:11",7,160,28.405117,2.0880117,7,13,28,4,1,3
1588647911,"2020-05-05 03:05:11",6,161,3,2,6,13,3,4,1,3
1588647971,"2020-05-05 03:06:11",4,157,3,2,3,13,3,4,1,3
1588648031,"2020-05-05 03:07:11",5,161,3,2,5,13,3,4,1,3
1588648091,"2020-05-05 03:08:11",5,156,26.707771,2.2765932,5,12,27,5,1,3
1588648151,"2020-05-05 03:09:11",4,158,64.69247,4.1698294,4,13,74,8,1,3
1588648211,"2020-05-05 03:10:11",4,158,18.147596,2,3,13,18,4,1,3
1588648271,"2020-05-05 03:11:11",7,161,35.599888,2.3606987,7,13,36,5,1,3
1588648331,"2020-05-05 03:12:11",4,156,50.107292,3.838869,4,12,50,8,1,3
1588648391,"2020-05-05 03:13:11",5,158,3,2,5,13,3,4,1,3
1588648451,"2020-05-05 03:14:11",7,159,17.219076,2,7,13,17,4,1,3
1588648511,"2020-05-05 03:15:11",6,159,3,2,6,13,3,4,1,3
1588648571,"2020-05-05 03:16:11",7,159,45.47059,3.727972,7,13,45,7,1,3
1588648631,"2020-05-05 03:17:11",7,159,3,2,7,13,3,4,1,3
1588648691,"2020-05-05 03:18:11",7,158,3,2,7,13,3,4,1,3
1588648751,"2020-05-05 03:19:11",6,159,3,2,6,13,3,4,1,3
1588648811,"2020-05-05 03:20:11",6,158,3,2,6,13,3,4,1,3
1588648871,"2020-05-05 03:21:11",5,156,72.102585,5.155118,5,12,87,10,1,3
1588648931,"2020-05-05 03:22:11",4,158,3,2,4,13,3,4,1,3
1588649051,"2020-05-05 03:24:11",5,156,3,2,5,12,3,4,1,3
1588649111,"2020-05-05 03:25:11",3,157,3,2,3,13,3,4,1,3
1588649171,"2020-05-05 03:26:11",4,156,49.705143,2.4702606,3,12,50,5,1,3
1588649231,"2020-05-05 03:27:11",6,0,14.83426,2,6,0,15,4,1,3
1588649291,"2020-05-05 03:28:11",4,155,25.862926,2,4,12,26,4,1,3
1588649351,"2020-05-05 03:29:11",4,155,3,2,4,12,3,4,1,3
1588649411,"2020-05-05 03:30:11",6,155,3,2,6,12,3,4,1,3
1588649471,"2020-05-05 03:31:11",0,154,3,2,0,12,3,4,1,3
1588649531,"2020-05-05 03:32:11",6,155,29.244171,2,6,12,29,4,1,3
1588649591,"2020-05-05 03:33:11",7,155,35.363228,2,7,12,35,4,1,3
1588649651,"2020-05-05 03:34:11",6,154,3,2,6,12,3,4,1,3
1588649711,"2020-05-05 03:35:11",7,157,79.648056,5.921857,7,13,99,12,1,3
1588649771,"2020-05-05 03:36:11",8,155,9.922919,2,7,12,10,4,1,3
1588649831,"2020-05-05 03:37:11",8,155,4.9363117,2,7,12,5,4,1,3
1588649891,"2020-05-05 03:38:11",7,154,72.893936,5.444294,7,12,88,11,1,3
1588649951,"2020-05-05 03:39:11",8,154,43.307396,2,7,12,43,4,1,3
1588650011,"2020-05-05 03:40:11",7,154,27.62842,2.8734722,7,12,28,6,1,3
1588650071,"2020-05-05 03:41:11",0,153,26.928417,2,0,12,27,4,1,3
1588650131,"2020-05-05 03:42:11",4,153,3,2,4,12,3,4,1,3
1588650191,"2020-05-05 03:43:11",6,154,23.44059,2,6,12,23,4,1,3
1588650251,"2020-05-05 03:44:11",5,153,34.082756,2.0366707,5,12,34,4,1,3
1588650311,"2020-05-05 03:45:11",5,153,25.66095,2,5,12,26,4,1,3
1588650371,"2020-05-05 03:46:11",4,154,3,2,4,12,3,4,1,3
1588650431,"2020-05-05 03:47:11",5,153,13.043709,2,5,12,13,4,1,3
1588650491,"2020-05-05 03:48:11",5,154,55.10045,3.504404,5,12,59,7,1,3
1588650551,"2020-05-05 03:49:11",6,152,12.469793,2,6,12,12,4,1,3
1588650611,"2020-05-05 03:50:11",5,153,53.011467,3.1623573,5,12,55,6,1,3
1588650671,"2020-05-05 03:51:11",8,153,39.09295,2.1968956,7,12,39,4,1,3
1588650731,"2020-05-05 03:52:11",8,152,3,2,7,12,3,4,1,3
1588650791,"2020-05-05 03:53:11",8,154,3,2,7,12,3,4,1,3
1588650851,"2020-05-05 03:54:11",7,153,3,2,7,12,3,4,1,3
1588650911,"2020-05-05 03:55:11",7,154,56.4937,3.4654016,7,12,61,7,1,3
1588650971,"2020-05-05 03:56:11",10,152,3,2,9,12,3,4,1,3
1588651031,"2020-05-05 03:57:11",10,153,20.41476,2,9,12,20,4,1,3
1588651091,"2020-05-05 03:58:11",9,153,17.900517,2.5017157,8,12,18,5,1,3
1588651151,"2020-05-05 03:59:11",8,153,3,2,7,12,3,4,1,3
1588651211,"2020-05-05 04:00:11",8,156,43.06502,2.9307795,7,12,43,6,1,3
1588651271,"2020-05-05 04:01:11",8,155,3.0747874,2,7,12,3,4,1,3
1588651331,"2020-05-05 04:02:11",7,152,39.82215,2.2185068,7,12,40,4,1,3
1588651391,"2020-05-05 04:03:11",7,152,6.766088,2,7,12,7,4,1,3
1588651451,"2020-05-05 04:04:11",7,154,3,2,7,12,3,4,1,3
1588651511,"2020-05-05 04:05:11",4,151,18.033545,2,4,12,18,4,1,3
1588651571,"2020-05-05 04:06:11",6,155,3,2,6,12,3,4,1,3
1588651631,"2020-05-05 04:07:11",7,152,3,2,7,12,3,4,1,3
1588651691,"2020-05-05 04:08:11",4,152,3,2,4,12,3,4,1,3
1588651751,"2020-05-05 04:09:11",5,154,3,2,5,12,3,4,1,3
1588651811,"2020-05-05 04:10:11",4,153,28.401283,2,4,12,28,4,1,3
1588651871,"2020-05-05 04:11:11",8,152,61.545483,3.0991716,7,12,69,6,1,3
1588651931,"2020-05-05 04:12:11",6,151,32.387978,2.510438,6,12,32,5,1,3
1588651991,"2020-05-05 04:13:11",7,154,17.237543,2,7,12,17,4,1,3
1588652051,"2020-05-05 04:14:11",6,152,8.7780075,2,6,12,9,4,1,3
1588652111,"2020-05-05 04:15:11",7,152,3,2,7,12,3,4,1,3
1588652171,"2020-05-05 04:16:11",6,152,44.164253,4.4177456,6,12,44,9,1,3
1588652231,"2020-05-05 04:17:11",7,153,49.8062,2.1921406,7,12,50,4,1,3
1588652291,"2020-05-05 04:18:11",6,150,92.625015,5.4248505,6,12,108,11,1,3
1588652351,"2020-05-05 04:19:11",8,152,17.026863,2,8,12,17,4,1,3
1588652411,"2020-05-05 04:20:11",7,152,40.69037,2.247469,7,12,41,4,1,3
1588652471,"2020-05-05 04:21:11",5,152,21.460426,2.0757275,5,12,21,4,1,3
1588652531,"2020-05-05 04:22:11",5,152,119.546585,10.1078005,4,12,125,20,1,3
1588652591,"2020-05-05 04:23:11",6,152,117.40436,8.869688,6,12,123,18,1,3
1588652651,"2020-05-05 04:24:11",6,152,58.44542,4.485572,6,12,64,9,1,3
1588652711,"2020-05-05 04:25:11",5,152,43.4318,2.904665,5,12,43,6,1,3
1588652771,"2020-05-05 04:26:11",6,150,7.84598,2,6,12,8,4,1,3
1588652831,"2020-05-05 04:27:11",6,152,61.53058,5.0901423,6,12,69,10,1,3
1588652891,"2020-05-05 04:28:11",5,152,48.5186,8.1425495,5,12,49,16,5,14
1588652951,"2020-05-05 04:29:11",5,152,59.90318,4.065895,5,12,67,8,1,3
1588653011,"2020-05-05 04:30:11",4,148,16.231684,2,3,12,16,4,1,3
1588653071,"2020-05-05 04:31:11",7,151,25.55481,2,7,12,26,4,1,3
1588653131,"2020-05-05 04:32:11",7,150,3,2,7,12,3,4,1,3
1588653191,"2020-05-05 04:33:11",5,151,29.0043,2.1106424,5,12,29,4,1,3
1588653251,"2020-05-05 04:34:11",7,150,3,2,7,12,3,4,1,3
1588653311,"2020-05-05 04:35:11",9,150,68.421196,5.219718,8,12,81,10,1,3
1588653371,"2020-05-05 04:36:11",9,148,3,2,8,12,3,4,1,3
1588653431,"2020-05-05 04:37:11",8,148,3,2,8,12,3,4,1,3
1588653491,"2020-05-05 04:38:11",7,150,3,2,7,12,3,4,1,3
1588653551,"2020-05-05 04:39:11",7,148,33.243294,2,7,12,33,4,1,3
1588653611,"2020-05-05 04:40:11",7,151,42.445915,2.0610266,7,12,42,4,1,3
1588653671,"2020-05-05 04:41:11",4,151,33.256863,2,3,12,33,4,1,3
1588653731,"2020-05-05 04:42:11",5,153,62.219727,4.2783136,4,12,70,9,1,3
1588653791,"2020-05-05 04:43:11",7,153,3,2,7,12,3,4,1,3
1588653851,"2020-05-05 04:44:11",5,149,31.14732,2,4,12,31,4,1,3
1588653911,"2020-05-05 04:45:11",5,153,26.25653,2,5,12,26,4,1,3
1588653971,"2020-05-05 04:46:11",5,151,3,2,4,12,3,4,1,3
1588654031,"2020-05-05 04:47:11",6,152,9.69002,2,6,12,10,4,1,3
1588654091,"2020-05-05 04:48:11",5,151,104.07032,6.5707035,4,12,115,13,1,3
1588654151,"2020-05-05 04:49:11",4,153,5.4694223,2,3,12,5,4,1,3
1588654211,"2020-05-05 04:50:11",5,152,38.111763,3.2246132,4,12,38,6,1,3
1588654271,"2020-05-05 04:51:11",5,153,10.116253,2,5,12,10,4,1,3
1588654331,"2020-05-05 04:52:11",3,155,3,2,3,12,3,4,1,3
1588654391,"2020-05-05 04:53:11",5,153,3,2,4,12,3,4,1,3
1588654451,"2020-05-05 04:54:11",6,152,24.633175,2,6,12,25,4,1,3
1588654511,"2020-05-05 04:55:11",5,150,92.46582,5.80237,5,12,108,12,1,3
1588654571,"2020-05-05 04:56:11",6,150,22.344591,2,6,12,22,4,1,3
1588654631,"2020-05-05 04:57:11",1,154,34.819824,2.5401878,1,12,35,5,1,3
1588654691,"2020-05-05 04:58:11",3,152,3,2,3,12,3,4,1,3
1588654751,"2020-05-05 04:59:11",1,149,3,2,1,12,3,4,1,3
1588654811,"2020-05-05 05:00:11",5,150,3,2,4,12,3,4,1,3
1588654871,"2020-05-05 05:01:11",6,147,3,2,6,12,3,4,1,3
1588654931,"2020-05-05 05:02:11",7,147,3,2,7,12,3,4,1,3
1588654991,"2020-05-05 05:03:11",8,145,3,2,8,12,3,4,1,3
1588655051,"2020-05-05 05:04:11",8,146,25.316353,2,8,12,25,4,1,3
1588655111,"2020-05-05 05:05:11",8,143,3,2,8,11,3,4,1,3
1588655171,"2020-05-05 05:06:11",7,145,3,2,7,12,3,4,1,3
1588655231,"2020-05-05 05:07:11",10,143,4.9907637,2,9,11,5,4,1,3
1588655291,"2020-05-05 05:08:11",11,142,3,2,10,11,3,4,1,3
1588655351,"2020-05-05 05:09:11",11,143,57.737495,2.9443798,10,11,63,6,1,3
1588655411,"2020-05-05 05:10:11",9,142,3,2,8,11,3,4,1,3
1588655471,"2020-05-05 05:11:11",11,144,12.256217,2,10,12,12,4,1,3
1588655531,"2020-05-05 05:12:11",12,141,3,2,11,11,3,4,1,3
1588655591,"2020-05-05 05:13:11",13,143,3,2,13,11,3,4,1,3
1588655651,"2020-05-05 05:14:11",11,140,3,2,10,11,3,4,1,3
1588655711,"2020-05-05 05:15:11",12,141,20.205359,2,12,11,20,4,1,3
1588655771,"2020-05-05 05:16:11",12,142,3,2,11,11,3,4,1,3
1588655831,"2020-05-05 05:17:11",12,140,6.6882596,2,11,11,7,4,1,3
1588655891,"2020-05-05 05:18:11",12,141,7.2909408,2,11,11,7,4,1,3
1588655951,"2020-05-05 05:19:11",12,141,3,2,12,11,3,4,1,3
1588656011,"2020-05-05 05:20:11",13,141,3,2,13,11,3,4,1,3
1588656071,"2020-05-05 05:21:11",12,139,3,2,11,11,3,4,1,3
1588656131,"2020-05-05 05:22:11",10,140,32.66268,2.5752726,10,11,33,5,1,3
1588656191,"2020-05-05 05:23:11",14,138,17.469196,2,13,11,17,4,1,3
1588656251,"2020-05-05 05:24:11",12,141,3,2,11,11,3,4,1,3
1588656311,"2020-05-05 05:25:11",10,141,34.191433,2.5246172,10,11,34,5,1,3
1588656371,"2020-05-05 05:26:11",10,143,3,2,10,11,3,4,1,3
1588656431,"2020-05-05 05:27:11",10,142,3.3139186,2,9,11,3,4,1,3
1588656491,"2020-05-05 05:28:11",11,144,13.784052,2,10,12,14,4,1,3
1588656551,"2020-05-05 05:29:11",12,143,3,2,11,11,3,4,1,3
1588656611,"2020-05-05 05:30:11",11,144,3,2,10,12,3,4,1,3
1588656671,"2020-05-05 05:31:11",8,143,6.7282786,2,8,11,7,4,1,3
1588656731,"2020-05-05 05:32:11",10,145,16.53175,2,9,12,17,4,1,3
1588656791,"2020-05-05 05:33:11",8,148,3,2,8,12,3,4,1,3
1588656851,"2020-05-05 05:34:11",7,146,16.370335,2,7,12,16,4,1,3
1588656911,"2020-05-05 05:35:11",8,147,3,2,8,12,3,4,1,3
1588656971,"2020-05-05 05:36:11",10,147,3.7321022,2,9,12,4,4,1,3
1588657031,"2020-05-05 05:37:11",8,147,28.571611,2.6198444,8,12,29,5,1,3
1588657091,"2020-05-05 05:38:11",11,148,4.3075857,2,10,12,4,4,1,3
1588657151,"2020-05-05 05:39:11",7,150,3,2,7,12,3,4,1,3
1588657211,"2020-05-05 05:40:11",6,147,3,2,5,12,3,4,1,3
1588657271,"2020-05-05 05:41:11",7,148,3,2,7,12,3,4,1,3
1588657331,"2020-05-05 05:42:11",11,146,29.642944,2,10,12,30,4,1,3
1588657391,"2020-05-05 05:43:11",8,146,3,2,8,12,3,4,1,3
1588657451,"2020-05-05 05:44:11",8,147,28.983175,2,8,12,29,4,1,3
1588657571,"2020-05-05 05:46:11",8,149,19.440876,2,8,12,19,4,1,3
1588657631,"2020-05-05 05:47:11",9,148,17.181229,2,8,12,17,4,1,3
1588657691,"2020-05-05 05:48:11",10,147,11.974102,2,9,12,12,4,1,3
1588657751,"2020-05-05 05:49:11",8,0,3,2,8,0,3,4,1,3
1588657811,"2020-05-05 05:50:11",11,149,3,2,10,12,3,4,1,3
1588657871,"2020-05-05 05:51:11",0,147,3,2,0,12,3,4,1,3
1588657931,"2020-05-05 05:52:11",6,147,3,2,6,12,3,4,1,3
1588657991,"2020-05-05 05:53:11",9,148,7.120272,2,8,12,7,4,1,3
1588658051,"2020-05-05 05:54:11",8,150,3,2,8,12,3,4,1,3
1588658111,"2020-05-05 05:55:11",9,151,3,2,8,12,3,4,1,3
1588658171,"2020-05-05 05:56:11",11,146,3,2,10,12,3,4,1,3
1588658231,"2020-05-05 05:57:11",12,148,60.578957,3.8047485,11,12,68,8,1,3
1588658291,"2020-05-05 05:58:11",9,146,35.934704,2,8,12,36,4,1,3
1588658351,"2020-05-05 05:59:11",9,144,3,2,8,12,3,4,1,3
1588658411,"2020-05-05 06:00:11",10,146,3,2,9,12,3,4,1,3
1588658471,"2020-05-05 06:01:11",0,149,18.757309,2,0,12,19,4,1,3
1588658531,"2020-05-05 06:02:11",8,148,3,2,8,12,3,4,1,3
1588658591,"2020-05-05 06:03:11",0,148,3,2,0,12,3,4,1,3
1588658651,"2020-05-05 06:04:11",8,147,3,2,8,12,3,4,1,3
1588658711,"2020-05-05 06:05:11",7,148,3.1139627,2,7,12,3,4,1,3
1588658771,"2020-05-05 06:06:11",9,147,3,2,8,12,3,4,1,3
1588658831,"2020-05-05 06:07:11",8,148,3,2,8,12,3,4,1,3
1588658891,"2020-05-05 06:08:11",8,148,3,2,8,12,3,4,1,3
1588658951,"2020-05-05 06:09:11",9,145,3,2,8,12,3,4,1,3
1588659011,"2020-05-05 06:10:11",8,146,3,2,8,12,3,4,1,3
1588659071,"2020-05-05 06:11:11",9,144,3,2,9,12,3,4,1,3
1588659131,"2020-05-05 06:12:11",11,144,6.9276614,2,10,12,7,4,1,3
1588659191,"2020-05-05 06:13:11",11,145,3,2,11,12,3,4,1,3
1588659251,"2020-05-05 06:14:11",12,143,7.042236,2,11,11,7,4,1,3
1588659311,"2020-05-05 06:15:11",11,143,6.633223,2,10,11,7,4,1,3
1588659371,"2020-05-05 06:16:11",13,144,3,2,12,12,3,4,1,3
1588659431,"2020-05-05 06:17:11",12,143,3,2,11,11,3,4,1,3
1588659491,"2020-05-05 06:18:11",11,142,3,2,10,11,3,4,1,3
1588659551,"2020-05-05 06:19:11",13,144,24.31627,2,13,12,24,4,1,3
1588659611,"2020-05-05 06:20:11",13,142,3,2,13,11,3,4,1,3
1588659671,"2020-05-05 06:21:11",15,143,9.1306305,2,14,11,9,4,1,3
1588659731,"2020-05-05 06:22:11",12,143,3,2,11,11,3,4,1,3
1588659791,"2020-05-05 06:23:11",13,142,3,2,12,11,3,4,1,3
1588659851,"2020-05-05 06:24:11",13,144,3,2,12,12,3,4,1,3
1588659911,"2020-05-05 06:25:11",16,143,3,2,15,11,3,4,1,3
1588659971,"2020-05-05 06:26:11",16,142,3,2,15,11,3,4,1,3
1588660031,"2020-05-05 06:27:11",16,144,3,2,15,12,3,4,1,3
1588660091,"2020-05-05 06:28:11",17,143,3,2,16,11,3,4,1,3
1588660151,"2020-05-05 06:29:11",15,141,3,2,14,11,3,4,1,3
1588660211,"2020-05-05 06:30:11",18,142,3,2,17,11,3,4,1,3
1588660271,"2020-05-05 06:31:11",18,137,3,2,17,11,3,4,1,3
1588660331,"2020-05-05 06:32:11",15,200,3,2,14,16,3,4,1,3
1588660391,"2020-05-05 06:33:11",15,189,8.120592,2,14,15,8,4,1,3
1588660451,"2020-05-05 06:34:11",16,170,15.648724,2,15,14,16,4,1,3
1588660511,"2020-05-05 06:35:11",16,159,3,2,15,13,3,4,1,3
1588660571,"2020-05-05 06:36:11",17,153,3,2,16,12,3,4,1,3
1588660631,"2020-05-05 06:37:11",17,152,3,2,16,12,3,4,1,3
1588660691,"2020-05-05 06:38:11",17,149,3,2,16,12,3,4,1,3
1588660751,"2020-05-05 06:39:11",19,144,3,2,18,12,3,4,1,3
1588660811,"2020-05-05 06:40:11",18,147,3,2,17,12,3,4,1,3
1588660871,"2020-05-05 06:41:11",21,143,11.979792,2,20,11,12,4,1,3
1588660931,"2020-05-05 06:42:11",18,143,3,2,17,11,3,4,1,3
1588660991,"2020-05-05 06:43:11",22,143,30.2377,2,21,11,30,4,1,3
1588661051,"2020-05-05 06:44:11",21,140,3,2,20,11,3,4,1,3
1588661111,"2020-05-05 06:45:11",21,144,3,2,20,12,3,4,1,3
1588661171,"2020-05-05 06:46:11",23,139,3,2,22,11,3,4,1,3
1588661231,"2020-05-05 06:47:11",22,139,3,2,21,11,3,4,1,3
1588661291,"2020-05-05 06:48:11",24,138,17.645443,2,23,11,18,4,1,3
1588661351,"2020-05-05 06:49:11",23,137,3,2,22,11,3,4,1,3
1588661411,"2020-05-05 06:50:11",24,140,3,2,24,11,3,4,1,3
1588661471,"2020-05-05 06:51:11",23,139,19.437805,2,22,11,19,4,1,3
1588661531,"2020-05-05 06:52:11",22,135,3,2,21,11,3,4,1,3
1588661591,"2020-05-05 06:53:11",22,139,3,2,21,11,3,4,1,3
1588661651,"2020-05-05 06:54:11",25,140,3,2,25,11,3,4,1,3
1588661711,"2020-05-05 06:55:11",24,135,3,2,24,11,3,4,1,3
1588661771,"2020-05-05 06:56:11",23,136,3,2,23,11,3,4,1,3
1588661831,"2020-05-05 06:57:11",22,137,3,2,22,11,3,4,1,3
1588661891,"2020-05-05 06:58:11",24,136,3,2,24,11,3,4,1,3
1588661951,"2020-05-05 06:59:11",24,136,8.8971,2,24,11,9,4,1,3
1588662011,"2020-05-05 07:00:11",24,136,3,2,24,11,3,4,1,3
1588662071,"2020-05-05 07:01:11",22,137,3,2,21,11,3,4,1,3
1588662131,"2020-05-05 07:02:11",23,135,3,2,22,11,3,4,1,3
1588662191,"2020-05-05 07:03:11",23,137,3,2,22,11,3,4,1,3
1588662251,"2020-05-05 07:04:11",23,139,3,2,22,11,3,4,1,3
1588662311,"2020-05-05 07:05:11",23,135,3,2,22,11,3,4,1,3
1588662371,"2020-05-05 07:06:11",21,139,16.410069,2,20,11,16,4,1,3
1588662431,"2020-05-05 07:07:11",17,137,3,2,16,11,3,4,1,3
1588662491,"2020-05-05 07:08:11",16,139,25.042873,2,15,11,25,4,1,3
1588662551,"2020-05-05 07:09:11",18,137,3,2,17,11,3,4,1,3
1588662611,"2020-05-05 07:10:11",20,136,3,2,19,11,3,4,1,3
1588662671,"2020-05-05 07:11:11",18,137,3,2,17,11,3,4,1,3
1588662731,"2020-05-05 07:12:11",16,137,3,2,15,11,3,4,1,3
1588662791,"2020-05-05 07:13:11",18,138,3,2,17,11,3,4,1,3
1588662851,"2020-05-05 07:14:11",21,137,3,2,20,11,3,4,1,3
1588662911,"2020-05-05 07:15:11",22,137,3,2,22,11,3,4,1,3
1588662971,"2020-05-05 07:16:11",22,135,3,2,21,11,3,4,1,3
1588663031,"2020-05-05 07:17:11",19,136,24.091724,2,18,11,24,4,1,3
1588663091,"2020-05-05 07:18:11",21,136,12.081966,2,20,11,12,4,1,3
1588663151,"2020-05-05 07:19:11",21,136,11.499666,2,20,11,11,4,1,3
1588663211,"2020-05-05 07:20:11",22,139,14.997432,2,22,11,15,4,1,3
1588663271,"2020-05-05 07:21:11",21,137,3,2,20,11,3,4,1,3
1588663331,"2020-05-05 07:22:11",24,137,3,2,24,11,3,4,1,3
1588663391,"2020-05-05 07:23:11",23,137,3,2,23,11,3,4,1,3
1588663451,"2020-05-05 07:24:11",23,136,3,2,23,11,3,4,1,3
1588663511,"2020-05-05 07:25:11",21,139,5.8520308,2,20,11,6,4,1,3
1588663571,"2020-05-05 07:26:11",22,139,7.366339,2,22,11,7,4,1,3
1588663631,"2020-05-05 07:27:11",23,137,39.809883,2,22,11,40,4,1,3
1588663691,"2020-05-05 07:28:11",21,138,3,2,20,11,3,4,1,3
1588663751,"2020-05-05 07:29:11",22,140,3,2,22,11,3,4,1,3
1588663811,"2020-05-05 07:30:11",22,141,3,2,21,11,3,4,1,3
1588663871,"2020-05-05 07:31:11",21,139,3,2,20,11,3,4,1,3
1588663931,"2020-05-05 07:32:11",20,140,18.769539,2,19,11,19,4,1,3
1588663991,"2020-05-05 07:33:11",22,139,3,2,21,11,3,4,1,3
1588664051,"2020-05-05 07:34:11",19,142,3,2,18,11,3,4,1,3
1588664111,"2020-05-05 07:35:11",17,141,4.401552,2,16,11,4,4,1,3
1588664171,"2020-05-05 07:36:11",18,140,3,2,17,11,3,4,1,3
1588664231,"2020-05-05 07:37:11",18,141,19.471575,2,17,11,19,4,1,3
1588664291,"2020-05-05 07:38:11",19,140,38.021324,2.417738,18,11,38,5,1,3
1588664351,"2020-05-05 07:39:11",20,142,30.428278,2,19,11,30,4,1,3
1588664411,"2020-05-05 07:40:11",21,140,3,2,20,11,3,4,1,3
1588664471,"2020-05-05 07:41:11",21,143,51.7865,3.1073399,20,11,53,6,1,3
1588664531,"2020-05-05 07:42:11",24,140,4.813058,2,23,11,5,4,1,3
1588664591,"2020-05-05 07:43:11",24,138,3,2,23,11,3,4,1,3
1588664651,"2020-05-05 07:44:11",22,140,12.311707,2,21,11,12,4,1,3
1588664711,"2020-05-05 07:45:11",23,138,3,2,22,11,3,4,1,3
1588664771,"2020-05-05 07:46:11",25,141,44.53442,2.8900032,26,11,45,6,1,3
1588664831,"2020-05-05 07:47:11",24,139,110.6548,7.0342703,23,11,119,14,1,3
1588664891,"2020-05-05 07:48:11",24,141,30.829279,2,23,11,31,4,1,3
1588664951,"2020-05-05 07:49:11",22,142,3,2,21,11,3,4,1,3
1588665011,"2020-05-05 07:50:11",23,141,21.410114,2,22,11,21,4,1,3
1588665071,"2020-05-05 07:51:11",22,141,35.427177,2,21,11,35,4,1,3
1588665131,"2020-05-05 07:52:11",23,141,63.034172,2.6157055,23,11,72,5,1,3
1588665191,"2020-05-05 07:53:11",23,142,54.182014,4.4317513,23,11,57,9,1,3
1588665251,"2020-05-05 07:54:11",23,144,3,2,23,12,3,4,1,3
1588665311,"2020-05-05 07:55:11",22,145,3,2,21,12,3,4,1,3
1588665371,"2020-05-05 07:56:11",24,142,16.582336,2,23,11,17,4,1,3
1588665431,"2020-05-05 07:57:11",25,142,3,2,25,11,3,4,1,3
1588665491,"2020-05-05 07:58:11",25,142,7.9780335,2,25,11,8,4,1,3
1588665551,"2020-05-05 07:59:11",26,139,4.9541874,2,27,11,5,4,1,3
1588665611,"2020-05-05 08:00:11",26,143,43.412285,2,27,11,43,4,1,3
1588665671,"2020-05-05 08:01:11",23,141,56.29816,2.7241259,23,11,60,5,1,3
1588665731,"2020-05-05 08:02:11",23,142,3,2,23,11,3,4,1,3
1588665791,"2020-05-05 08:03:11",25,143,3,2,25,11,3,4,1,3
1588665851,"2020-05-05 08:04:11",23,143,3,2,23,11,3,4,1,3
1588665911,"2020-05-05 08:05:11",25,142,3,2,25,11,3,4,1,3
1588666031,"2020-05-05 08:07:11",24,143,3,2,24,11,3,4,1,3
1588666091,"2020-05-05 08:08:11",25,144,3,2,25,12,3,4,1,3
1588666151,"2020-05-05 08:09:11",24,144,3,2,24,12,3,4,1,3
1588666211,"2020-05-05 08:10:11",25,144,6.5846376,2,25,12,7,4,1,3
1588666271,"2020-05-05 08:11:11",0,0,3,2,0,0,3,4,1,3
1588666331,"2020-05-05 08:12:11",23,142,3,2,23,11,3,4,1,3
1588666391,"2020-05-05 08:13:11",24,142,16.96553,2,24,11,17,4,1,3
1588666451,"2020-05-05 08:14:11",22,144,3,2,21,12,3,4,1,3
1588666511,"2020-05-05 08:15:11",24,143,3,2,24,11,3,4,1,3
1588666571,"2020-05-05 08:16:11",24,145,3,2,24,12,3,4,1,3
1588666631,"2020-05-05 08:17:11",24,144,5.2506905,2,24,12,5,4,1,3
1588666691,"2020-05-05 08:18:11",26,145,8.358483,2,26,12,8,4,1,3
1588666751,"2020-05-05 08:19:11",26,143,3,2,27,11,3,4,1,3
1588666811,"2020-05-05 08:20:11",26,145,3,2,27,12,3,4,1,3
1588666871,"2020-05-05 08:21:11",0,143,32.724342,2,0,11,33,4,1,3
1588666931,"2020-05-05 08:22:11",25,141,3,2,25,11,3,4,1,3
1588666991,"2020-05-05 08:23:11",24,143,13.291828,2,24,11,13,4,1,3
1588667051,"2020-05-05 08:24:11",26,141,3,2,26,11,3,4,1,3
1588667111,"2020-05-05 08:25:11",0,143,3,2,0,11,3,4,1,3
1588667171,"2020-05-05 08:26:11",26,142,3,2,27,11,3,4,1,3
1588667231,"2020-05-05 08:27:11",25,144,3,2,25,12,3,4,1,3
1588667291,"2020-05-05 08:28:11",23,141,3,2,22,11,3,4,1,3
1588667351,"2020-05-05 08:29:11",25,145,3,2,25,12,3,4,1,3
1588667411,"2020-05-05 08:30:11",23,144,3,2,22,12,3,4,1,3
1588667471,"2020-05-05 08:31:11",23,146,3,2,22,12,3,4,1,3
1588667531,"2020-05-05 08:32:11",22,145,8.58716,2,21,12,9,4,1,3
1588667591,"2020-05-05 08:33:11",24,146,3,2,24,12,3,4,1,3
1588667651,"2020-05-05 08:34:11",24,144,3,2,24,12,3,4,1,3
1588667711,"2020-05-05 08:35:11",21,143,3,2,20,11,3,4,1,3
1588667771,"2020-05-05 08:36:11",21,144,29.395325,2.0430174,20,12,29,4,1,3
1588667831,"2020-05-05 08:37:11",21,145,3,2,20,12,3,4,1,3
1588667891,"2020-05-05 08:38:11",23,143,3,2,22,11,3,4,1,3
1588667951,"2020-05-05 08:39:11",23,144,3,2,22,12,3,4,1,3
1588668011,"2020-05-05 08:40:11",23,146,3,2,22,12,3,4,1,3
1588668071,"2020-05-05 08:41:11",24,144,10.139844,2,24,12,10,4,1,3
1588668131,"2020-05-05 08:42:11",22,144,3,2,21,12,3,4,1,3
1588668191,"2020-05-05 08:43:11",22,148,60.199703,3.2081032,21,12,67,6,1,3
1588668251,"2020-05-05 08:44:11",22,143,3,2,21,11,3,4,1,3
1588668311,"2020-05-05 08:45:11",23,143,15.604336,2,22,11,16,4,1,3
1588668371,"2020-05-05 08:46:11",23,146,63.530357,4.3257,22,12,73,9,1,3
1588668431,"2020-05-05 08:47:11",25,146,27.402317,2,25,12,27,4,1,3
1588668491,"2020-05-05 08:48:11",24,145,3,2,24,12,3,4,1,3
1588668551,"2020-05-05 08:49:11",23,145,3,2,22,12,3,4,1,3
1588668611,"2020-05-05 08:50:11",23,147,3,2,22,12,3,4,1,3
1588668671,"2020-05-05 08:51:11",23,147,24.772245,2,22,12,25,4,1,3
1588668731,"2020-05-05 08:52:11",23,144,3,2,22,12,3,4,1,3
1588668791,"2020-05-05 08:53:11",22,145,3,2,21,12,3,4,1,3
1588668851,"2020-05-05 08:54:11",22,145,4.8790655,2,21,12,5,4,1,3
1588668911,"2020-05-05 08:55:11",22,143,20.68043,2,21,11,21,4,1,3
1588668971,"2020-05-05 08:56:11",23,145,3,2,22,12,3,4,1,3
1588669031,"2020-05-05 08:57:11",24,145,3,2,23,12,3,4,1,3
1588669091,"2020-05-05 08:58:11",22,144,27.72231,2.0087547,21,12,28,4,1,3
1588669151,"2020-05-05 08:59:11",25,145,3,2,25,12,3,4,1,3
1588669211,"2020-05-05 09:00:11",23,147,3,2,22,12,3,4,1,3
1588669271,"2020-05-05 09:01:11",22,146,3,2,21,12,3,4,1,3
1588669331,"2020-05-05 09:02:11",22,146,8.923449,2,21,12,9,4,1,3
1588669391,"2020-05-05 09:03:11",20,145,16.277708,2,19,12,16,4,1,3
1588669451,"2020-05-05 09:04:11",21,145,3,2,20,12,3,4,1,3
1588669511,"2020-05-05 09:05:11",22,146,28.474285,2,21,12,28,4,1,3
1588669571,"2020-05-05 09:06:11",21,146,3,2,20,12,3,4,1,3
1588669631,"2020-05-05 09:07:11",21,143,3,2,20,11,3,4,1,3
1588669691,"2020-05-05 09:08:11",21,145,3,2,20,12,3,4,1,3
1588669751,"2020-05-05 09:09:11",20,144,18.21844,2,19,12,18,4,1,3
1588669811,"2020-05-05 09:10:11",21,143,14.70091,2,20,11,15,4,1,3
1588669871,"2020-05-05 09:11:11",19,152,3,2,18,12,3,4,1,3
1588669931,"2020-05-05 09:12:11",13,154,3,2,12,12,3,4,1,3
1588669991,"2020-05-05 09:13:11",8,158,3,2,8,13,3,4,1,3
1588670051,"2020-05-05 09:14:11",6,158,22.435417,2,5,13,22,4,1,3
1588670111,"2020-05-05 09:15:11",7,160,14.815289,2,6,13,15,4,1,3
1588670171,"2020-05-05 09:16:11",7,160,3,2,6,13,3,4,1,3
1588670231,"2020-05-05 09:17:11",8,157,3,2,8,13,3,4,1,3
1588670291,"2020-05-05 09:18:11",8,153,26.357044,2.13274,8,12,26,4,1,3
1588670351,"2020-05-05 09:19:11",12,153,16.367836,2,11,12,16,4,1,3
1588670411,"2020-05-05 09:20:11",12,152,3,2,11,12,3,4,1,3
1588670471,"2020-05-05 09:21:11",13,151,82.24251,4.366395,12,12,101,9,1,3
1588670531,"2020-05-05 09:22:11",14,148,87.40632,4.349251,13,12,105,9,1,3
1588670591,"2020-05-05 09:23:11",12,157,94.00879,7.2284546,11,13,109,14,1,4
1588670651,"2020-05-05 09:24:11",13,153,88.6998,9.847573,13,12,105,20,2,4
1588670711,"2020-05-05 09:25:11",15,150,45.57343,2.7432623,14,12,46,5,1,3
1588670771,"2020-05-05 09:26:11",14,152,45.899063,2.2872162,14,12,46,5,1,3
1588670831,"2020-05-05 09:27:11",16,153,3,2,15,12,3,4,1,3
1588670891,"2020-05-05 09:28:11",14,151,8.280447,2,14,12,8,4,1,3
1588670951,"2020-05-05 09:29:11",15,150,50.362354,2.6012716,14,12,51,5,1,3
1588671011,"2020-05-05 09:30:11",15,155,111.55275,10.983257,14,12,120,22,2,5
1588671071,"2020-05-05 09:31:11",13,155,47.227837,12.001539,12,12,47,24,3,7
1588671131,"2020-05-05 09:32:11",13,161,110.45354,9.665406,13,13,119,19,1,3
1588671191,"2020-05-05 09:33:11",13,158,59.2034,3.912747,12,13,65,8,1,3
1588671251,"2020-05-05 09:34:11",13,155,90.908585,5.382704,12,12,107,11,1,3
1588671311,"2020-05-05 09:35:11",14,152,9.560559,2,14,12,10,4,1,3
1588671371,"2020-05-05 09:36:11",14,153,14.650493,2,14,12,15,4,1,3
1588671431,"2020-05-05 09:37:11",16,150,11.337911,2,15,12,11,4,1,3
1588671491,"2020-05-05 09:38:11",14,148,3,2,14,12,3,4,1,3
1588671551,"2020-05-05 09:39:11",17,146,3,2,16,12,3,4,1,3
1588671611,"2020-05-05 09:40:11",17,144,61.54886,4.131136,16,12,69,8,1,3
1588671671,"2020-05-05 09:41:11",16,146,25.012424,2.383668,15,12,25,5,1,3
1588671731,"2020-05-05 09:42:11",19,143,19.895529,2,18,11,20,4,1,3
1588671791,"2020-05-05 09:43:11",17,144,25.282993,2,16,12,25,4,1,3
1588671851,"2020-05-05 09:44:11",19,144,3,2,18,12,3,4,1,3
1588671911,"2020-05-05 09:45:11",17,144,33.768173,2.294015,16,12,34,5,1,3
1588671971,"2020-05-05 09:46:11",19,142,3,2,18,11,3,4,1,3
1588672031,"2020-05-05 09:47:11",19,143,3,2,18,11,3,4,1,3
1588672091,"2020-05-05 09:48:11",18,141,3,2,17,11,3,4,1,3
1588672151,"2020-05-05 09:49:11",21,140,23.551437,2,20,11,24,4,1,3
1588672211,"2020-05-05 09:50:11",21,141,3,2,20,11,3,4,1,3
1588672271,"2020-05-05 09:51:11",19,140,13.389289,2,18,11,13,4,1,3
1588672331,"2020-05-05 09:52:11",20,140,91.01174,6.2331142,19,11,107,12,1,3
1588672391,"2020-05-05 09:53:11",18,139,37.05508,3.050973,17,11,37,6,1,3
1588672451,"2020-05-05 09:54:11",19,142,39.995552,2.7324686,18,11,40,5,1,3
1588672511,"2020-05-05 09:55:11",21,141,3,2,20,11,3,4,1,3
1588672571,"2020-05-05 09:56:11",20,140,18.282848,2,19,11,18,4,1,3
1588672631,"2020-05-05 09:57:11",20,139,9.286551,2,19,11,9,4,1,3
1588672691,"2020-05-05 09:58:11",22,137,3,2,21,11,3,4,1,3
1588672751,"2020-05-05 09:59:11",20,138,88.84754,4.547763,19,11,106,9,1,3
1588672811,"2020-05-05 10:00:11",22,137,60.302673,4.8598633,21,11,67,10,1,3
1588672871,"2020-05-05 10:01:11",19,136,3,2,18,11,3,4,1,3
1588672931,"2020-05-05 10:02:11",24,138,45.78999,2.9220963,24,11,46,6,1,3
1588672991,"2020-05-05 10:03:11",22,139,9.06522,2,21,11,9,4,1,3
1588673051,"2020-05-05 10:04:11",22,137,3,2,21,11,3,4,1,3
1588673111,"2020-05-05 10:05:11",22,136,3,2,21,11,3,4,1,3
1588673171,"2020-05-05 10:06:11",23,138,3,2,22,11,3,4,1,3
1588673231,"2020-05-05 10:07:11",22,136,3,2,21,11,3,4,1,3
1588673291,"2020-05-05 10:08:11",23,140,4.294311,2,22,11,4,4,1,3
1588673351,"2020-05-05 10:09:11",22,138,98.35896,7.324155,21,11,111,15,1,3
1588673411,"2020-05-05 10:10:11",21,136,3,2,20,11,3,4,1,3
1588673471,"2020-05-05 10:11:11",20,136,3,2,19,11,3,4,1,3
1588673531,"2020-05-05 10:12:11",20,136,3.8400044,2,19,11,4,4,1,3
1588673591,"2020-05-05 10:13:11",21,136,37.09134,2.7290363,20,11,37,5,1,3
1588673651,"2020-05-05 10:14:11",22,135,32.541916,2.3584375,21,11,33,5,1,3
1588673711,"2020-05-05 10:15:11",21,139,3,2,20,11,3,4,1,3
1588673771,"2020-05-05 10:16:11",19,136,53.87127,4.0780516,18,11,56,8,1,3
1588673831,"2020-05-05 10:17:11",21,138,54.815674,4.094636,20,11,58,8,1,3
1588673891,"2020-05-05 10:18:11",19,138,3,2,18,11,3,4,1,3
1588673951,"2020-05-05 10:19:11",21,138,3,2,20,11,3,4,1,3
1588674011,"2020-05-05 10:20:11",19,138,12.336084,2,18,11,12,4,1,3
1588674071,"2020-05-05 10:21:11",20,137,3,2,19,11,3,4,1,3
1588674131,"2020-05-05 10:22:11",20,136,3,2,19,11,3,4,1,3
1588674191,"2020-05-05 10:23:11",19,136,3,2,18,11,3,4,1,3
1588674251,"2020-05-05 10:24:11",20,135,6.144827,2,19,11,6,4,1,3
1588674311,"2020-05-05 10:25:11",21,136,3,2,20,11,3,4,1,3
1588674371,"2020-05-05 10:26:11",22,137,16.094526,2,21,11,16,4,1,3
1588674431,"2020-05-05 10:27:11",22,136,23.976873,2,21,11,24,4,1,3
1588674551,"2020-05-05 10:29:11",21,136,9.28042,2,20,11,9,4,1,3
1588674611,"2020-05-05 10:30:11",23,135,35.53668,2,22,11,36,4,1,3
1588674671,"2020-05-05 10:31:11",0,137,13.720197,2,0,11,14,4,1,3
1588674731,"2020-05-05 10:32:11",24,136,25.221354,2,24,11,25,4,1,3
1588674791,"2020-05-05 10:33:11",22,0,20.053156,2,21,0,20,4,1,3
1588674851,"2020-05-05 10:34:11",19,137,3,2,18,11,3,4,1,3
1588674911,"2020-05-05 10:35:11",21,136,3,2,20,11,3,4,1,3
1588674971,"2020-05-05 10:36:11",20,133,3,2,19,11,3,4,1,3
1588675031,"2020-05-05 10:37:11",22,135,14.850814,2,21,11,15,4,1,3
1588675091,"2020-05-05 10:38:11",23,132,3,2,22,11,3,4,1,3
1588675151,"2020-05-05 10:39:11",24,132,10.823041,2,24,11,11,4,1,3
1588675211,"2020-05-05 10:40:11",22,136,3,2,21,11,3,4,1,3
1588675271,"2020-05-05 10:41:11",0,132,17.624683,2,0,11,18,4,1,3
1588675331,"2020-05-05 10:42:11",22,130,3,2,21,10,3,4,1,3
1588675391,"2020-05-05 10:43:11",23,130,3,2,23,10,3,4,1,3
1588675451,"2020-05-05 10:44:11",23,131,59.473892,3.0351086,23,10,66,6,1,3
1588675511,"2020-05-05 10:45:11",21,132,3,2,20,11,3,4,1,3
1588675571,"2020-05-05 10:46:11",21,129,47.2809,3.5047073,20,10,47,7,1,3
1588675631,"2020-05-05 10:47:11",0,130,3,2,0,10,3,4,1,3
1588675691,"2020-05-05 10:48:11",24,130,17.145786,2,24,10,17,4,1,3
1588675751,"2020-05-05 10:49:11",22,132,3,2,21,11,3,4,1,3
1588675811,"2020-05-05 10:50:11",22,133,3,2,21,11,3,4,1,3
1588675871,"2020-05-05 10:51:11",22,133,3,2,21,11,3,4,1,3
1588675931,"2020-05-05 10:52:11",21,134,9.4023285,2,20,11,9,4,1,3
1588675991,"2020-05-05 10:53:11",20,134,3,2,19,11,3,4,1,3
1588676051,"2020-05-05 10:54:11",19,135,3,2,18,11,3,4,1,3
1588676111,"2020-05-05 10:55:11",18,134,4.024432,2,17,11,4,4,1,3
1588676171,"2020-05-05 10:56:11",18,134,16.580946,2,17,11,17,4,1,3
1588676231,"2020-05-05 10:57:11",17,131,3,2,16,10,3,4,1,3
1588676291,"2020-05-05 10:58:11",19,134,3,2,17,11,3,4,1,3
1588676351,"2020-05-05 10:59:11",19,135,3,2,18,11,3,4,1,3
1588676411,"2020-05-05 11:00:11",19,137,3,2,18,11,3,4,1,3
1588676471,"2020-05-05 11:01:11",21,132,22.837776,2,20,11,23,4,1,3
1588676531,"2020-05-05 11:02:11",19,132,3,2,18,11,3,4,1,3
1588676591,"2020-05-05 11:03:11",20,132,3,2,19,11,3,4,1,3
1588676651,"2020-05-05 11:04:11",21,136,15.161963,2,20,11,15,4,1,3
1588676711,"2020-05-05 11:05:11",21,131,3,2,20,10,3,4,1,3
1588676771,"2020-05-05 11:06:11",20,130,3,2,19,10,3,4,1,3
1588676831,"2020-05-05 11:07:11",21,127,17.027618,2,20,10,17,4,1,3
1588676891,"2020-05-05 11:08:11",23,128,3,2,22,10,3,4,1,3
1588676951,"2020-05-05 11:09:11",23,129,6.5439453,2,22,10,7,4,1,3
1588677011,"2020-05-05 11:10:11",23,130,3,2,22,10,3,4,1,3
1588677071,"2020-05-05 11:11:11",20,132,3,2,19,11,3,4,1,3
1588677131,"2020-05-05 11:12:11",21,130,8.538525,2,20,10,9,4,1,3
1588677191,"2020-05-05 11:13:11",21,129,3,2,20,10,3,4,1,3
1588677251,"2020-05-05 11:14:11",20,128,3,2,19,10,3,4,1,3
1588677311,"2020-05-05 11:15:11",19,129,3,2,18,10,3,4,1,3
1588677371,"2020-05-05 11:16:11",19,129,3,2,18,10,3,4,1,3
1588677431,"2020-05-05 11:17:11",20,130,3,2,19,10,3,4,1,3
1588677491,"2020-05-05 11:18:11",19,130,13.751177,2,18,10,14,4,1,3
1588677551,"2020-05-05 11:19:11",19,128,3,2,18,10,3,4,1,3
1588677611,"2020-05-05 11:20:11",19,126,11.243962,2,18,10,11,4,1,3
1588677671,"2020-05-05 11:21:11",19,123,3,2,18,10,3,4,1,3
1588677731,"2020-05-05 11:22:11",20,123,3,2,19,10,3,4,1,3
1588677791,"2020-05-05 11:23:11",20,126,7.3658547,2,19,10,7,4,1,3
1588677851,"2020-05-05 11:24:11",21,124,3,2,20,10,3,4,1,3
1588677911,"2020-05-05 11:25:11",21,125,3,2,20,10,3,4,1,3
1588677971,"2020-05-05 11:26:11",23,124,3,2,22,10,3,4,1,3
1588678031,"2020-05-05 11:27:11",21,123,3,2,20,10,3,4,1,3
1588678091,"2020-05-05 11:28:11",22,124,3,2,21,10,3,4,1,3
1588678151,"2020-05-05 11:29:11",22,125,3,2,21,10,3,4,1,3
1588678211,"2020-05-05 11:30:11",23,122,3,2,22,10,3,4,1,3
1588678271,"2020-05-05 11:31:11",23,120,3,2,22,10,3,4,1,3
1588678331,"2020-05-05 11:32:11",23,122,3,2,22,10,3,4,1,3
1588678391,"2020-05-05 11:33:11",24,123,7.9954686,2,24,10,8,4,1,3
1588678451,"2020-05-05 11:34:11",23,123,3,2,23,10,3,4,1,3
1588678511,"2020-05-05 11:35:11",23,121,3,2,22,10,3,4,1,3
1588678571,"2020-05-05 11:36:11",23,120,13.598384,2,23,10,14,4,1,3
1588678631,"2020-05-05 11:37:11",22,122,3,2,21,10,3,4,1,3
1588678691,"2020-05-05 11:38:11",23,122,4.187894,2,23,10,4,4,1,3
1588678753,"2020-05-05 11:39:13",23,120,3,2,22,10,3,4,1,3
1588678813,"2020-05-05 11:40:13",21,123,3,2,20,10,3,4,1,3
1588678873,"2020-05-05 11:41:13",19,123,3,2,18,10,3,4,1,3
1588678933,"2020-05-05 11:42:13",16,124,3,2,15,10,3,4,1,3
1588678993,"2020-05-05 11:43:13",16,124,3,2,15,10,3,4,1,3
1588679114,"2020-05-05 11:45:14",15,125,3,2,14,10,3,4,1,3
1588679174,"2020-05-05 11:46:14",13,123,3,2,12,10,3,4,1,3
1588679234,"2020-05-05 11:47:14",13,124,3,2,12,10,3,4,1,3
1588679294,"2020-05-05 11:48:14",13,124,29.359194,2.4580956,13,10,29,5,1,3
1588679354,"2020-05-05 11:49:14",14,119,3,2,14,10,3,4,1,3
1588679414,"2020-05-05 11:50:14",19,119,3,2,18,10,3,4,1,3
1588679474,"2020-05-05 11:51:14",16,116,3,2,15,9,3,4,1,3
1588679534,"2020-05-05 11:52:14",17,116,3.4948215,2,16,9,3,4,1,3
1588679594,"2020-05-05 11:53:14",19,116,3,2,18,9,3,4,1,3
1588679654,"2020-05-05 11:54:14",17,117,3,2,16,9,3,4,1,3
1588679774,"2020-05-05 11:56:14",19,117,3,2,18,9,3,4,1,3
1588679834,"2020-05-05 11:57:14",18,116,3,2,17,9,3,4,1,3
1588679893,"2020-05-05 11:58:13",0,0,3,2,0,0,3,4,1,3
1588679953,"2020-05-05 11:59:13",66,114,3,2,69,9,3,4,1,3
1588680013,"2020-05-05 12:00:13",66,113,3,2,69,9,3,4,1,3
1588680073,"2020-05-05 12:01:13",67,113,3,2,69,9,3,4,1,3
1588680133,"2020-05-05 12:02:13",17,114,20.72306,2,16,9,21,4,1,3
1588680193,"2020-05-05 12:03:13",16,111,3,2,15,9,3,4,1,3
1588680253,"2020-05-05 12:04:13",17,112,3,2,16,9,3,4,1,3
1588680313,"2020-05-05 12:05:13",17,111,3,2,16,9,3,4,1,3
1588680373,"2020-05-05 12:06:13",17,113,3,2,16,9,3,4,1,3
1588680433,"2020-05-05 12:07:13",16,113,3,2,15,9,3,4,1,3
1588680493,"2020-05-05 12:08:13",16,109,3.8523664,2,15,9,4,4,1,3
1588680553,"2020-05-05 12:09:13",17,110,3,2,16,9,3,4,1,3
1588680613,"2020-05-05 12:10:13",17,110,3,2,16,9,3,4,1,3
1588680673,"2020-05-05 12:11:13",16,112,3,2,15,9,3,4,1,3
1588680734,"2020-05-05 12:12:14",17,112,3,2,16,9,3,4,1,3
1588680794,"2020-05-05 12:13:14",16,112,3.5427396,2,15,9,4,4,1,3
1588680854,"2020-05-05 12:14:14",17,111,3.0613806,2,16,9,3,4,1,3
1588680914,"2020-05-05 12:15:14",16,112,3,2,15,9,3,4,1,3
1588680974,"2020-05-05 12:16:14",16,114,3,2,15,9,3,4,1,3
1588681034,"2020-05-05 12:17:14",14,112,3,2,13,9,3,4,1,3
1588681094,"2020-05-05 12:18:14",15,112,3,2,14,9,3,4,1,3
1588681154,"2020-05-05 12:19:14",14,112,3,2,13,9,3,4,1,3
1588681214,"2020-05-05 12:20:14",12,112,3,2,12,9,3,4,1,3
1588681274,"2020-05-05 12:21:14",14,112,3,2,13,9,3,4,1,3
1588681334,"2020-05-05 12:22:14",14,113,3,2,13,9,3,4,1,3
1588681394,"2020-05-05 12:23:14",13,115,3,2,12,9,3,4,1,3
1588681454,"2020-05-05 12:24:14",14,113,7.2138863,2,13,9,7,4,1,3
1588681514,"2020-05-05 12:25:14",14,110,5.4102626,2,13,9,5,4,1,3
1588681574,"2020-05-05 12:26:14",16,112,29.454807,4.0964193,15,9,29,8,1,3
1588681634,"2020-05-05 12:27:14",14,115,22.088013,2,13,9,22,4,1,3
1588681694,"2020-05-05 12:28:14",13,111,3,2,12,9,3,4,1,3
1588681754,"2020-05-05 12:29:14",13,112,3,2,12,9,3,4,1,3
1588681814,"2020-05-05 12:30:14",14,114,4.207123,2,13,9,4,4,1,3
1588681874,"2020-05-05 12:31:14",13,114,3,2,12,9,3,4,1,3
1588681934,"2020-05-05 12:32:14",10,114,3,2,10,9,3,4,1,3
1588681994,"2020-05-05 12:33:14",13,116,3,2,12,9,3,4,1,3
1588682054,"2020-05-05 12:34:14",12,114,3,2,12,9,3,4,1,3
1588682114,"2020-05-05 12:35:14",13,115,3,2,12,9,3,4,1,3
1588682174,"2020-05-05 12:36:14",12,115,12.117567,2,12,9,12,4,1,3
1588682234,"2020-05-05 12:37:14",16,116,9.537107,2,15,9,10,4,1,3
1588682294,"2020-05-05 12:38:14",11,117,5.2550964,2,11,9,5,4,1,3
1588682354,"2020-05-05 12:39:14",10,116,3,2,10,9,3,4,1,3
1588682414,"2020-05-05 12:40:14",15,117,3,2,14,9,3,4,1,3
1588682533,"2020-05-05 12:42:13",13,117,3,2,12,9,3,4,1,3
1588682593,"2020-05-05 12:43:13",12,120,10.543639,2,11,10,11,4,1,3
1588682653,"2020-05-05 12:44:13",15,118,3,2,14,9,3,4,1,3
1588682713,"2020-05-05 12:45:13",12,117,3,2,11,9,3,4,1,3
1588682773,"2020-05-05 12:46:13",11,118,5.772478,2,10,9,6,4,1,3
1588682833,"2020-05-05 12:47:13",11,117,3,2,10,9,3,4,1,3
1588682893,"2020-05-05 12:48:13",13,116,3,2,12,9,3,4,1,3
1588682953,"2020-05-05 12:49:13",13,118,3,2,12,9,3,4,1,3
1588683073,"2020-05-05 12:51:13",0,0,3,2,0,0,3,4,1,3
1588683133,"2020-05-05 12:52:13",10,118,3,2,9,9,3,4,1,3
1588683193,"2020-05-05 12:53:13",0,118,3,2,0,9,3,4,1,3
1588683253,"2020-05-05 12:54:13",12,117,3,2,11,9,3,4,1,3
1588683313,"2020-05-05 12:55:13",13,0,3,2,12,0,3,4,1,3
1588683373,"2020-05-05 12:56:13",13,116,3,2,12,9,3,4,1,3
1588683433,"2020-05-05 12:57:13",12,116,3,2,11,9,3,4,1,3
1588683493,"2020-05-05 12:58:13",13,113,9.853079,2,13,9,10,4,1,3
1588683553,"2020-05-05 12:59:13",11,113,3,2,10,9,3,4,1,3
1588683613,"2020-05-05 13:00:13",11,114,3,2,10,9,3,4,1,3
1588683673,"2020-05-05 13:01:13",11,114,3,2,10,9,3,4,1,3
1588683733,"2020-05-05 13:02:13",11,113,3,2,10,9,3,4,1,3
1588683793,"2020-05-05 13:03:13",0,115,3,2,0,9,3,4,1,3
1588683853,"2020-05-05 13:04:13",10,116,3,2,9,9,3,4,1,3
1588683913,"2020-05-05 13:05:13",11,114,3,2,10,9,3,4,1,3
1588683973,"2020-05-05 13:06:13",12,114,3,2,11,9,3,4,1,3
1588684033,"2020-05-05 13:07:13",13,112,3,2,12,9,3,4,1,3
1588684093,"2020-05-05 13:08:13",12,110,3,2,11,9,3,4,1,3
1588684153,"2020-05-05 13:09:13",0,112,3,2,0,9,3,4,1,3
1588684213,"2020-05-05 13:10:13",13,113,3,2,12,9,3,4,1,3
1588684273,"2020-05-05 13:11:13",12,115,3,2,11,9,3,4,1,3
1588684333,"2020-05-05 13:12:13",12,114,3,2,11,9,3,4,1,3
1588684393,"2020-05-05 13:13:13",9,116,3,2,8,9,3,4,1,3
1588684453,"2020-05-05 13:14:13",11,117,3,2,10,9,3,4,1,3
1588684513,"2020-05-05 13:15:13",11,116,3,2,10,9,3,4,1,3
1588684573,"2020-05-05 13:16:13",9,116,3,2,8,9,3,4,1,3
1588684633,"2020-05-05 13:17:13",10,118,3,2,9,9,3,4,1,3
1588684693,"2020-05-05 13:18:13",13,118,3,2,12,9,3,4,1,3
1588684753,"2020-05-05 13:19:13",13,116,3,2,12,9,3,4,1,3
1588684813,"2020-05-05 13:20:13",11,116,3,2,11,9,3,4,1,3
1588684873,"2020-05-05 13:21:13",11,116,3,2,11,9,3,4,1,3
1588684933,"2020-05-05 13:22:13",11,115,3,2,11,9,3,4,1,3
1588684993,"2020-05-05 13:23:13",11,114,10.450239,2,11,9,10,4,1,3
1588685053,"2020-05-05 13:24:13",14,113,3,2,13,9,3,4,1,3
1588685113,"2020-05-05 13:25:13",13,112,3,2,12,9,3,4,1,3
1588685173,"2020-05-05 13:26:13",11,112,39.868202,2.2813244,11,9,40,5,1,3
1588685233,"2020-05-05 13:27:13",13,115,14.249021,2,12,9,14,4,1,3
1588685293,"2020-05-05 13:28:13",11,115,3,2,11,9,3,4,1,3
1588685353,"2020-05-05 13:29:13",10,120,3,2,10,10,3,4,1,3
1588685413,"2020-05-05 13:30:13",11,117,3,2,11,9,3,4,1,3
1588685473,"2020-05-05 13:31:13",7,114,3,2,7,9,3,4,1,3
1588685533,"2020-05-05 13:32:13",8,117,3,2,8,9,3,4,1,3
1588685593,"2020-05-05 13:33:13",8,119,3,2,8,10,3,4,1,3
1588685653,"2020-05-05 13:34:13",9,116,3,2,8,9,3,4,1,3
1588685713,"2020-05-05 13:35:13",8,117,3,2,8,9,3,4,1,3
1588685773,"2020-05-05 13:36:13",9,120,3,2,8,10,3,4,1,3
1588685833,"2020-05-05 13:37:13",9,118,3,2,8,9,3,4,1,3
1588685893,"2020-05-05 13:38:13",8,118,3,2,8,9,3,4,1,3
1588685953,"2020-05-05 13:39:13",7,120,3,2,7,10,3,4,1,3
1588686013,"2020-05-05 13:40:13",7,120,3,2,7,10,3,4,1,3
1588686073,"2020-05-05 13:41:13",7,120,11.763484,2,7,10,12,4,1,3
1588686133,"2020-05-05 13:42:13",7,122,3,2,7,10,3,4,1,3
1588686193,"2020-05-05 13:43:13",6,121,3,2,6,10,3,4,1,3
1588686253,"2020-05-05 13:44:13",6,123,3,2,6,10,3,4,1,3
1588686313,"2020-05-05 13:45:13",6,122,3,2,6,10,3,4,1,3
1588686373,"2020-05-05 13:46:13",6,122,3,2,6,10,3,4,1,3
1588686433,"2020-05-05 13:47:13",6,122,3,2,6,10,3,4,1,3
1588686493,"2020-05-05 13:48:13",7,124,3,2,7,10,3,4,1,3
1588686553,"2020-05-05 13:49:13",6,126,8.135345,2,6,10,8,4,1,3
1588686613,"2020-05-05 13:50:13",5,125,3,2,4,10,3,4,1,3
1588686673,"2020-05-05 13:51:13",6,127,9.296818,2,6,10,9,4,1,3
1588686733,"2020-05-05 13:52:13",7,128,3,2,7,10,3,4,1,3
1588686794,"2020-05-05 13:53:14",4,127,3,2,4,10,3,4,1,3
1588686854,"2020-05-05 13:54:14",4,127,3,2,4,10,3,4,1,3
1588686914,"2020-05-05 13:55:14",5,127,3,2,4,10,3,4,1,3
1588686974,"2020-05-05 13:56:14",3,127,3,2,3,10,3,4,1,3
1588687034,"2020-05-05 13:57:14",4,125,3,2,4,10,3,4,1,3
1588687094,"2020-05-05 13:58:14",5,127,3,2,4,10,3,4,1,3
1588687154,"2020-05-05 13:59:14",5,127,6.9791107,2,4,10,7,4,1,3
1588687214,"2020-05-05 14:00:14",4,127,3,2,4,10,3,4,1,3
1588687274,"2020-05-05 14:01:14",4,129,3,2,4,10,3,4,1,3
1588687334,"2020-05-05 14:02:14",5,126,7.898594,2,4,10,8,4,1,3
1588687394,"2020-05-05 14:03:14",5,128,3,2,4,10,3,4,1,3
1588687454,"2020-05-05 14:04:14",5,128,3,2,5,10,3,4,1,3
1588687514,"2020-05-05 14:05:14",5,126,3,2,4,10,3,4,1,3
1588687574,"2020-05-05 14:06:14",4,128,3,2,4,10,3,4,1,3
1588687634,"2020-05-05 14:07:14",3,128,3,2,3,10,3,4,1,3
1588687694,"2020-05-05 14:08:14",5,129,14.087421,2,5,10,14,4,1,3
1588687754,"2020-05-05 14:09:14",5,129,3,2,4,10,3,4,1,3
1588687814,"2020-05-05 14:10:14",4,128,3,2,3,10,3,4,1,3
1588687874,"2020-05-05 14:11:14",6,128,3,2,6,10,3,4,1,3
1588687934,"2020-05-05 14:12:14",6,127,3,2,6,10,3,4,1,3
1588687994,"2020-05-05 14:13:14",4,127,3,2,3,10,3,4,1,3
1588688054,"2020-05-05 14:14:14",4,127,3,2,3,10,3,4,1,3
1588688114,"2020-05-05 14:15:14",4,129,3,2,3,10,3,4,1,3
1588688174,"2020-05-05 14:16:14",5,127,3,2,4,10,3,4,1,3
1588688234,"2020-05-05 14:17:14",4,130,13.287291,2,3,10,13,4,1,3
1588688294,"2020-05-05 14:18:14",3,128,3,2,3,10,3,4,1,3
1588688354,"2020-05-05 14:19:14",1,130,3,2,1,10,3,4,1,3
1588688414,"2020-05-05 14:20:14",2,131,3,2,2,10,3,4,1,3
1588688474,"2020-05-05 14:21:14",2,129,4.015155,2,2,10,4,4,1,3
1588688534,"2020-05-05 14:22:14",4,132,3,2,3,11,3,4,1,3
1588688594,"2020-05-05 14:23:14",2,131,3.4931347,2,2,10,3,4,1,3
1588688654,"2020-05-05 14:24:14",1,135,22.63728,2,1,11,23,4,1,3
1588688714,"2020-05-05 14:25:14",2,135,3,2,2,11,3,4,1,3
1588688774,"2020-05-05 14:26:14",1,133,3,2,1,11,3,4,1,3
1588688834,"2020-05-05 14:27:14",0,135,3,2,0,11,3,4,1,3
1588688894,"2020-05-05 14:28:14",0,134,3.4510198,2,0,11,3,4,1,3
1588688954,"2020-05-05 14:29:14",2,134,16.497158,2,2,11,16,4,1,3
1588689014,"2020-05-05 14:30:14",0,134,12.835489,2,0,11,13,4,1,3
1588689074,"2020-05-05 14:31:14",3,132,3,2,3,11,3,4,1,3
1588689134,"2020-05-05 14:32:14",1,133,18.702215,2,1,11,19,4,1,3
1588689194,"2020-05-05 14:33:14",3,132,3,2,3,11,3,4,1,3
1588689254,"2020-05-05 14:34:14",1,135,3,2,1,11,3,4,1,3
1588689314,"2020-05-05 14:35:14",0,133,3,2,0,11,3,4,1,3
1588689374,"2020-05-05 14:36:14",0,134,3,2,0,11,3,4,1,3
1588689434,"2020-05-05 14:37:14",1,135,3,2,1,11,3,4,1,3
1588689494,"2020-05-05 14:38:14",1,132,34.062023,3.724227,1,11,34,7,1,3
1588689554,"2020-05-05 14:39:14",2,132,23.914814,2.597785,2,11,24,5,1,3
1588689614,"2020-05-05 14:40:14",3,130,7.0265694,2,3,10,7,4,1,3
1588689674,"2020-05-05 14:41:14",5,128,3,2,4,10,3,4,1,3
1588689734,"2020-05-05 14:42:14",4,129,3,2,3,10,3,4,1,3
1588689794,"2020-05-05 14:43:14",4,127,3,2,3,10,3,4,1,3
1588689854,"2020-05-05 14:44:14",4,125,3,2,4,10,3,4,1,3
1588689914,"2020-05-05 14:45:14",4,123,3,2,4,10,3,4,1,3
1588689974,"2020-05-05 14:46:14",6,124,19.633469,2,6,10,20,4,1,3
1588690034,"2020-05-05 14:47:14",7,121,3,2,7,10,3,4,1,3
1588690094,"2020-05-05 14:48:14",9,123,3,2,8,10,3,4,1,3
1588690154,"2020-05-05 14:49:14",4,124,16.97379,2,3,10,17,4,1,3
1588690214,"2020-05-05 14:50:14",4,124,3,2,3,10,3,4,1,3
1588690334,"2020-05-05 14:52:14",4,125,3,2,4,10,3,4,1,3
1588690394,"2020-05-05 14:53:14",3,126,3,2,3,10,3,4,1,3
1588690454,"2020-05-05 14:54:14",4,127,3,2,3,10,3,4,1,3
1588690514,"2020-05-05 14:55:14",1,128,3,2,1,10,3,4,1,3
1588690694,"2020-05-05 14:58:14",13,128,3,2,12,10,3,4,1,3
1588690754,"2020-05-05 14:59:14",11,127,24.855204,2,11,10,25,4,1,3
1588690814,"2020-05-05 15:00:14",12,127,3,2,12,10,3,4,1,3
1588690874,"2020-05-05 15:01:14",12,127,3,2,12,10,3,4,1,3
1588690934,"2020-05-05 15:02:14",11,127,3,2,11,10,3,4,1,3
1588690994,"2020-05-05 15:03:14",1,129,3,2,1,10,3,4,1,3
1588691054,"2020-05-05 15:04:14",2,128,29.229824,3.268591,2,10,29,7,1,3
1588691114,"2020-05-05 15:05:14",0,129,3,2,0,10,3,4,1,3
1588691174,"2020-05-05 15:06:14",2,126,10.190374,2,2,10,10,4,1,3
1588691234,"2020-05-05 15:07:14",2,128,5.9530473,2,2,10,6,4,1,3
1588691294,"2020-05-05 15:08:14",3,127,3,2,3,10,3,4,1,3
1588691354,"2020-05-05 15:09:14",4,126,3,2,3,10,3,4,1,3
1588691414,"2020-05-05 15:10:14",4,128,3,2,3,10,3,4,1,3
1588691474,"2020-05-05 15:11:14",0,128,3,2,0,10,3,4,1,3
1588691594,"2020-05-05 15:13:14",0,125,4.4323626,2,0,10,4,4,1,3
1588691654,"2020-05-05 15:14:14",1,125,3,2,1,10,3,4,1,3
1588691714,"2020-05-05 15:15:14",2,127,3,2,2,10,3,4,1,3
1588691774,"2020-05-05 15:16:14",1,128,3,2,1,10,3,4,1,3
1588691834,"2020-05-05 15:17:14",0,0,3,2,0,0,3,4,1,3
1588691894,"2020-05-05 15:18:14",0,128,3,2,0,10,3,4,1,3
1588691954,"2020-05-05 15:19:14",0,129,3,2,0,10,3,4,1,3
1588692014,"2020-05-05 15:20:14",0,131,3,2,0,10,3,4,1,3
1588692074,"2020-05-05 15:21:14",0,129,3,2,0,10,3,4,1,3
1588692134,"2020-05-05 15:22:14",0,132,3,2,0,11,3,4,1,3
1588692194,"2020-05-05 15:23:14",0,129,3,2,0,10,3,4,1,3
1588692254,"2020-05-05 15:24:14",0,127,3,2,0,10,3,4,1,3
1588692314,"2020-05-05 15:25:14",2,126,3,2,2,10,3,4,1,3
1588692374,"2020-05-05 15:26:14",1,128,11.207733,2,1,10,11,4,1,3
1588692434,"2020-05-05 15:27:14",2,126,3,2,2,10,3,4,1,3
1588692494,"2020-05-05 15:28:14",4,123,13.170116,2,3,10,13,4,1,3
1588692554,"2020-05-05 15:29:14",3,122,3,2,3,10,3,4,1,3
1588692614,"2020-05-05 15:30:14",5,125,3,2,5,10,3,4,1,3
1588692674,"2020-05-05 15:31:14",0,124,3,2,0,10,3,4,1,3
1588692734,"2020-05-05 15:32:14",4,125,3,2,3,10,3,4,1,3
1588692794,"2020-05-05 15:33:14",4,122,3,2,4,10,3,4,1,3
1588692854,"2020-05-05 15:34:14",4,125,3,2,4,10,3,4,1,3
1588692914,"2020-05-05 15:35:14",4,124,3,2,4,10,3,4,1,3
1588692974,"2020-05-05 15:36:14",5,125,3,2,5,10,3,4,1,3
1588693034,"2020-05-05 15:37:14",4,124,3,2,4,10,3,4,1,3
1588693094,"2020-05-05 15:38:14",5,124,23.81368,2,5,10,24,4,1,3
1588693154,"2020-05-05 15:39:14",4,126,3.5575814,2,4,10,4,4,1,3
1588693214,"2020-05-05 15:40:14",4,125,3,2,3,10,3,4,1,3
1588693274,"2020-05-05 15:41:14",4,127,3,2,4,10,3,4,1,3
1588693334,"2020-05-05 15:42:14",4,126,3,2,3,10,3,4,1,3
1588693394,"2020-05-05 15:43:14",4,127,4.2127314,2,3,10,4,4,1,3
1588693454,"2020-05-05 15:44:14",4,127,3,2,3,10,3,4,1,3
1588693514,"2020-05-05 15:45:14",3,128,3,2,3,10,3,4,1,3
1588693574,"2020-05-05 15:46:14",0,129,3,2,0,10,3,4,1,3
1588693634,"2020-05-05 15:47:14",0,128,3,2,0,10,3,4,1,3
1588693694,"2020-05-05 15:48:14",0,127,7.54395,2.118514,0,10,8,4,1,3
1588693754,"2020-05-05 15:49:14",2,127,3,2,2,10,3,4,1,3
1588693814,"2020-05-05 15:50:14",0,128,3,2,0,10,3,4,1,3
1588693874,"2020-05-05 15:51:14",0,128,3,2,0,10,3,4,1,3
1588693934,"2020-05-05 15:52:14",1,128,3,2,1,10,3,4,1,3
1588693994,"2020-05-05 15:53:14",2,128,3,2,2,10,3,4,1,3
1588694054,"2020-05-05 15:54:14",3,132,3,2,2,11,3,4,1,3
1588694114,"2020-05-05 15:55:14",0,128,3,2,0,10,3,4,1,3
1588694174,"2020-05-05 15:56:14",0,131,3,2,0,10,3,4,1,3
1588694234,"2020-05-05 15:57:14",0,133,3,2,0,11,3,4,1,3
1588694294,"2020-05-05 15:58:14",0,134,3,2,0,11,3,4,1,3
1588694354,"2020-05-05 15:59:14",0,132,3,2,0,11,3,4,1,3
1588694414,"2020-05-05 16:00:14",0,131,3,2,0,10,3,4,1,3
1588694474,"2020-05-05 16:01:14",0,130,3,2,0,10,3,4,1,3
1588694534,"2020-05-05 16:02:14",0,133,3,2,0,11,3,4,1,3
1588694594,"2020-05-05 16:03:14",0,130,3,2,0,10,3,4,1,3
1588694654,"2020-05-05 16:04:14",1,133,3,2,1,11,3,4,1,3
1588694714,"2020-05-05 16:05:14",0,132,3,2,0,11,3,4,1,3
1588694774,"2020-05-05 16:06:14",0,135,3,2,0,11,3,4,1,3
1588694834,"2020-05-05 16:07:14",0,131,11.213907,2,0,10,11,4,1,3
1588694894,"2020-05-05 16:08:14",0,133,3,2,0,11,3,4,1,3
1588694954,"2020-05-05 16:09:14",0,131,3,2,0,10,3,4,1,3
1588695014,"2020-05-05 16:10:14",0,133,3,2,0,11,3,4,1,3
1588695074,"2020-05-05 16:11:14",0,133,3,2,0,11,3,4,1,3
1588695134,"2020-05-05 16:12:14",0,132,3,2,0,11,3,4,1,3
1588695194,"2020-05-05 16:13:14",0,132,16.131802,2,0,11,16,4,1,3
1588695254,"2020-05-05 16:14:14",0,135,3,2,0,11,3,4,1,3
1588695314,"2020-05-05 16:15:14",0,133,4.040319,2,0,11,4,4,1,3
1588695374,"2020-05-05 16:16:14",0,133,3,2,0,11,3,4,1,3
1588695434,"2020-05-05 16:17:14",0,133,3,2,0,11,3,4,1,3
1588695494,"2020-05-05 16:18:14",0,131,3,2,0,10,3,4,1,3
1588695554,"2020-05-05 16:19:14",0,134,3,2,0,11,3,4,1,3
1588695614,"2020-05-05 16:20:14",0,134,3,2,0,11,3,4,1,3
1588695674,"2020-05-05 16:21:14",0,134,3,2,0,11,3,4,1,3
1588695734,"2020-05-05 16:22:14",0,135,3,2,0,11,3,4,1,3
1588695794,"2020-05-05 16:23:14",0,135,15.448868,2,0,11,15,4,1,3
1588695854,"2020-05-05 16:24:14",0,136,3,2,0,11,3,4,1,3
1588695914,"2020-05-05 16:25:14",0,136,3,2,0,11,3,4,1,3
1588695974,"2020-05-05 16:26:14",0,135,3,2,0,11,3,4,1,3
1588696034,"2020-05-05 16:27:14",0,134,3,2,0,11,3,4,1,3
1588696094,"2020-05-05 16:28:14",0,138,3,2,0,11,3,4,1,3
1588696154,"2020-05-05 16:29:14",0,137,3,2,0,11,3,4,1,3
1588696214,"2020-05-05 16:30:14",0,135,3,2,0,11,3,4,1,3
1588696274,"2020-05-05 16:31:14",0,137,20.450085,2,0,11,20,4,1,3
1588696334,"2020-05-05 16:32:14",0,135,3,2,0,11,3,4,1,3
1588696394,"2020-05-05 16:33:14",0,135,3,2,0,11,3,4,1,3
1588696454,"2020-05-05 16:34:14",0,136,3,2,0,11,3,4,1,3
1588696514,"2020-05-05 16:35:14",0,134,3,2,0,11,3,4,1,3
1588696574,"2020-05-05 16:36:14",0,130,3,2,0,10,3,4,1,3
1588696634,"2020-05-05 16:37:14",0,135,3,2,0,11,3,4,1,3
1588696694,"2020-05-05 16:38:14",0,136,3,2,0,11,3,4,1,3
1588696754,"2020-05-05 16:39:14",0,133,3,2,0,11,3,4,1,3
1588696814,"2020-05-05 16:40:14",0,136,19.364302,2.6647625,0,11,19,5,1,3
1588696874,"2020-05-05 16:41:14",0,137,3,2,0,11,3,4,1,3
1588696934,"2020-05-05 16:42:14",0,134,3,2,0,11,3,4,1,3
1588696994,"2020-05-05 16:43:14",0,134,13.647315,2,0,11,14,4,1,3
1588697054,"2020-05-05 16:44:14",0,135,3,2,0,11,3,4,1,3
1588697114,"2020-05-05 16:45:14",0,136,3,2,0,11,3,4,1,3
1588697174,"2020-05-05 16:46:14",0,135,4.2677364,2,0,11,4,4,1,3
1588697234,"2020-05-05 16:47:14",0,138,3.891441,2,0,11,4,4,1,3
1588697294,"2020-05-05 16:48:14",0,135,3,2,0,11,3,4,1,3
1588697354,"2020-05-05 16:49:14",0,137,14.176763,2,0,11,14,4,1,3
1588697414,"2020-05-05 16:50:14",0,134,3,2,0,11,3,4,1,3
1588697474,"2020-05-05 16:51:14",0,132,45.230434,2.199975,0,11,45,4,1,3
1588697534,"2020-05-05 16:52:14",0,134,3,2,0,11,3,4,1,3
1588697594,"2020-05-05 16:53:14",0,137,3,2,0,11,3,4,1,3
1588697654,"2020-05-05 16:54:14",0,136,14.721723,3.6295292,0,11,15,7,3,7
1588697714,"2020-05-05 16:55:14",0,134,3,2,0,11,3,4,1,3
1588697774,"2020-05-05 16:56:14",0,137,3,2,0,11,3,4,1,3
1588697834,"2020-05-05 16:57:14",0,140,17.120533,2,0,11,17,4,1,3
1588697894,"2020-05-05 16:58:14",0,140,35.263367,2.3699532,0,11,35,5,1,3
1588697954,"2020-05-05 16:59:14",0,138,22.863861,2,0,11,23,4,1,3
1588698014,"2020-05-05 17:00:14",0,136,3,2,0,11,3,4,1,3
1588698074,"2020-05-05 17:01:14",0,136,3,2,0,11,3,4,1,3
1588698134,"2020-05-05 17:02:14",0,136,127.40618,12.448671,0,11,130,25,2,6
1588698194,"2020-05-05 17:03:14",0,136,80.397644,9.840633,0,11,100,20,5,12
1588698254,"2020-05-05 17:04:14",0,139,74.495186,4.8677044,0,11,91,10,1,3
1588698314,"2020-05-05 17:05:14",0,137,142.56445,11.27875,0,11,139,23,1,3
1588698374,"2020-05-05 17:06:14",0,136,9.450291,2,0,11,9,4,1,3
1588698434,"2020-05-05 17:07:14",0,139,22.436192,2.4970818,0,11,22,5,1,3
1588698494,"2020-05-05 17:08:14",0,139,22.91095,3.07508,0,11,23,6,1,3
1588698554,"2020-05-05 17:09:14",0,140,8.353285,2,0,11,8,4,1,3
1588698614,"2020-05-05 17:10:14",0,140,3.7707992,2,0,11,4,4,1,3
1588698674,"2020-05-05 17:11:14",0,141,3,2,0,11,3,4,1,3
1588698734,"2020-05-05 17:12:14",0,138,3,2,0,11,3,4,1,3
1588698794,"2020-05-05 17:13:14",0,142,13.409707,2,0,11,13,4,1,3
1588698854,"2020-05-05 17:14:14",0,141,39.518436,3.4155436,0,11,40,7,1,3
1588698914,"2020-05-05 17:15:14",0,141,3,2,0,11,3,4,1,3
1588698974,"2020-05-05 17:16:14",0,139,25.113745,3.2734756,0,11,25,7,1,3
1588699034,"2020-05-05 17:17:14",0,140,6.206561,2,0,11,6,4,1,3
1588699094,"2020-05-05 17:18:14",0,141,6.5371222,2,0,11,7,4,1,3
1588699154,"2020-05-05 17:19:14",0,141,7.7547197,2,0,11,8,4,1,3
1588699214,"2020-05-05 17:20:14",0,142,3,2,0,11,3,4,1,3
1588699274,"2020-05-05 17:21:14",0,144,7.1093955,2,0,12,7,4,1,3
1588699334,"2020-05-05 17:22:14",0,144,3,2,0,12,3,4,1,3
1588699394,"2020-05-05 17:23:14",0,143,3,2,0,11,3,4,1,3
1588699454,"2020-05-05 17:24:14",0,141,3,2,0,11,3,4,1,3
1588699514,"2020-05-05 17:25:14",0,142,14.079183,2,0,11,14,4,1,3
1588699574,"2020-05-05 17:26:14",0,142,3,2,0,11,3,4,1,3
1588699634,"2020-05-05 17:27:14",0,141,3,2,0,11,3,4,1,3
1588699694,"2020-05-05 17:28:14",0,141,3,2,0,11,3,4,1,3
1588699754,"2020-05-05 17:29:14",0,138,3,2,0,11,3,4,1,3
1588699814,"2020-05-05 17:30:14",0,139,3,2,0,11,3,4,1,3
1588699874,"2020-05-05 17:31:14",0,140,17.272583,2,0,11,17,4,1,3
1588699934,"2020-05-05 17:32:14",0,139,5.027239,2,0,11,5,4,1,3
1588699994,"2020-05-05 17:33:14",0,142,3,2,0,11,3,4,1,3
1588700114,"2020-05-05 17:35:14",0,141,3,2,0,11,3,4,1,3
1588700174,"2020-05-05 17:36:14",0,142,3,2,0,11,3,4,1,3
1588700234,"2020-05-05 17:37:14",0,141,3,2,0,11,3,4,1,3
1588700294,"2020-05-05 17:38:14",0,142,23.111797,2,0,11,23,4,1,3
1588700354,"2020-05-05 17:39:14",0,0,3.2673159,2,0,0,3,4,1,3
1588700414,"2020-05-05 17:40:14",0,141,3,2,0,11,3,4,1,3
1588700474,"2020-05-05 17:41:14",0,143,3.6536129,2,0,11,4,4,1,3
1588700534,"2020-05-05 17:42:14",0,142,17.40406,3.3953867,0,11,17,7,1,3
1588700594,"2020-05-05 17:43:14",0,143,3,2,0,11,3,4,1,3
1588700654,"2020-05-05 17:44:14",0,141,3,2,0,11,3,4,1,3
1588700714,"2020-05-05 17:45:14",0,145,24.39901,2,0,12,24,4,1,3
1588700774,"2020-05-05 17:46:14",0,143,3,2,0,11,3,4,1,3
1588700834,"2020-05-05 17:47:14",0,143,61.24356,4.925626,0,11,69,10,1,3
1588700894,"2020-05-05 17:48:14",0,142,3,2,0,11,3,4,1,3
1588700954,"2020-05-05 17:49:14",0,143,12.071436,2,0,11,12,4,1,3
1588701014,"2020-05-05 17:50:14",0,144,3,2,0,12,3,4,1,3
1588701074,"2020-05-05 17:51:14",0,146,3,2,0,12,3,4,1,3
1588701134,"2020-05-05 17:52:14",0,144,11.548403,2,0,12,12,4,1,3
1588701194,"2020-05-05 17:53:14",0,146,8.433088,2,0,12,8,4,1,3
1588701254,"2020-05-05 17:54:14",0,144,3,2,0,12,3,4,1,3
1588701314,"2020-05-05 17:55:14",0,145,3,2,0,12,3,4,1,3
1588701374,"2020-05-05 17:56:14",0,144,3,2,0,12,3,4,1,3
1588701434,"2020-05-05 17:57:14",0,147,7.6941295,2.7130547,0,12,8,5,1,3
1588701494,"2020-05-05 17:58:14",0,148,3,2,0,12,3,4,1,3
1588701554,"2020-05-05 17:59:14",0,148,3,2,0,12,3,4,1,3
1588701614,"2020-05-05 18:00:14",0,147,15.214332,2,0,12,15,4,1,3
1588701674,"2020-05-05 18:01:14",0,147,3,2,0,12,3,4,1,3
1588701734,"2020-05-05 18:02:14",0,147,27.601032,2.4055643,0,12,28,5,1,3
1588701794,"2020-05-05 18:03:14",0,146,3,2,0,12,3,4,1,3
1588701854,"2020-05-05 18:04:14",0,147,3,2,0,12,3,4,1,3
1588701914,"2020-05-05 18:05:14",0,146,22.217308,2,0,12,22,4,1,3
1588701974,"2020-05-05 18:06:14",0,145,4.4404573,2,0,12,4,4,1,3
1588702034,"2020-05-05 18:07:14",0,146,3,2,0,12,3,4,1,3
1588702094,"2020-05-05 18:08:14",0,148,26.785374,2,0,12,27,4,1,3
1588702154,"2020-05-05 18:09:14",0,148,12.294624,2,0,12,12,4,1,3
1588702214,"2020-05-05 18:10:14",0,147,3,2,0,12,3,4,1,3
1588702274,"2020-05-05 18:11:14",0,150,3,2,0,12,3,4,1,3
1588702334,"2020-05-05 18:12:14",0,148,3,2,0,12,3,4,1,3
1588702394,"2020-05-05 18:13:14",0,150,3,2,0,12,3,4,1,3
1588702454,"2020-05-05 18:14:14",0,151,5.014071,2,0,12,5,4,1,3
1588702514,"2020-05-05 18:15:14",0,151,10.733965,2,0,12,11,4,1,3
1588702574,"2020-05-05 18:16:14",0,151,3,2,0,12,3,4,1,3
1588702634,"2020-05-05 18:17:14",0,148,3,2,0,12,3,4,1,3
1588702694,"2020-05-05 18:18:14",0,149,14.824831,2,0,12,15,4,1,3
1588702754,"2020-05-05 18:19:14",0,151,3,2,0,12,3,4,1,3
1588702814,"2020-05-05 18:20:14",0,154,3,2,0,12,3,4,1,3
1588702874,"2020-05-05 18:21:14",0,154,5.6703157,2,0,12,6,4,1,3
1588702934,"2020-05-05 18:22:14",0,153,3,2,0,12,3,4,1,3
1588702994,"2020-05-05 18:23:14",0,155,3,2,0,12,3,4,1,3
1588703054,"2020-05-05 18:24:14",0,156,3,2,0,12,3,4,1,3
1588703114,"2020-05-05 18:25:14",0,155,3,2,0,12,3,4,1,3
1588703174,"2020-05-05 18:26:14",0,157,9.804902,2,0,13,10,4,1,3
1588703234,"2020-05-05 18:27:14",0,157,5.6429358,2,0,13,6,4,1,3
1588703294,"2020-05-05 18:28:14",0,157,3.998116,2,0,13,4,4,1,3
1588703354,"2020-05-05 18:29:14",0,156,12.948534,2,0,12,13,4,1,3
1588703414,"2020-05-05 18:30:14",0,158,3,2,0,13,3,4,1,3
1588703474,"2020-05-05 18:31:14",0,160,7.343573,2,0,13,7,4,1,3
1588703534,"2020-05-05 18:32:14",0,162,3,2,0,13,3,4,1,3
1588703594,"2020-05-05 18:33:14",0,163,3,2,0,13,3,4,1,3
1588703654,"2020-05-05 18:34:14",0,164,3,2,0,13,3,4,1,3
1588703714,"2020-05-05 18:35:14",0,165,33.673378,3.2025166,0,13,34,6,1,3
1588703774,"2020-05-05 18:36:14",0,164,3,2,0,13,3,4,1,3
1588703834,"2020-05-05 18:37:14",0,164,10.50469,2,0,13,11,4,1,3
1588703894,"2020-05-05 18:38:14",0,162,7.375082,2,0,13,7,4,1,3
1588703954,"2020-05-05 18:39:14",0,165,23.011158,2,0,13,23,4,1,3
1588704014,"2020-05-05 18:40:14",0,167,11.833186,2,0,13,12,4,1,3
1588704074,"2020-05-05 18:41:14",0,163,5.593753,2,0,13,6,4,1,3
1588704134,"2020-05-05 18:42:14",0,165,4.4432077,2,0,13,4,4,1,3
1588704194,"2020-05-05 18:43:14",0,165,3,2,0,13,3,4,1,3
1588704254,"2020-05-05 18:44:14",0,164,65.64984,5.5272856,0,13,76,11,1,3
1588704314,"2020-05-05 18:45:14",0,165,3,2,0,13,3,4,1,3
1588704374,"2020-05-05 18:46:14",0,165,3,2,0,13,3,4,1,3
1588704434,"2020-05-05 18:47:14",0,162,3,2,0,13,3,4,1,3
1588704494,"2020-05-05 18:48:14",0,161,3,2,0,13,3,4,1,3
1588704554,"2020-05-05 18:49:14",0,162,3,2,0,13,3,4,1,3
1588704614,"2020-05-05 18:50:14",0,161,3,2,0,13,3,4,1,3
1588704674,"2020-05-05 18:51:14",0,159,3,2,0,13,3,4,1,3
1588704734,"2020-05-05 18:52:14",0,159,29.793528,2,0,13,30,4,1,3
1588704794,"2020-05-05 18:53:14",0,161,21.520638,2.3743458,0,13,22,5,1,3
1588704854,"2020-05-05 18:54:14",0,159,3,2,0,13,3,4,1,3
1588704914,"2020-05-05 18:55:14",0,159,21.062954,3.9507742,0,13,21,8,1,3
1588704974,"2020-05-05 18:56:14",0,157,3,2,0,13,3,4,1,3
1588705034,"2020-05-05 18:57:14",0,160,6.8438473,2,0,13,7,4,1,3
1588705094,"2020-05-05 18:58:14",0,161,24.417183,2.1464767,0,13,24,4,1,3
1588705154,"2020-05-05 18:59:14",0,160,8.394524,2,0,13,8,4,1,3
1588705214,"2020-05-05 19:00:14",0,157,13.73816,2,0,13,14,4,1,3
1588705274,"2020-05-05 19:01:14",0,160,7.922877,2,0,13,8,4,1,3
1588705334,"2020-05-05 19:02:14",0,158,33.10184,3.0686932,0,13,33,6,1,3
1588705394,"2020-05-05 19:03:14",0,159,3,2,0,13,3,4,1,3
1588705454,"2020-05-05 19:04:14",0,157,8.266115,2,0,13,8,4,1,3
1588705514,"2020-05-05 19:05:14",0,158,24.13984,3.0272179,0,13,24,6,1,3
1588705574,"2020-05-05 19:06:14",0,158,9.542269,2,0,13,10,4,1,3
1588705634,"2020-05-05 19:07:14",0,157,21.847132,2,0,13,22,4,1,3
1588705694,"2020-05-05 19:08:14",0,158,24.026869,2.387928,0,13,24,5,1,3
1588705754,"2020-05-05 19:09:14",1,158,21.522543,2,1,13,22,4,1,3
1588705814,"2020-05-05 19:10:14",0,157,6.782686,2,0,13,7,4,1,3
1588705874,"2020-05-05 19:11:14",0,158,3,2,0,13,3,4,1,3
1588705934,"2020-05-05 19:12:14",0,157,3,2,0,13,3,4,1,3
1588705994,"2020-05-05 19:13:14",0,155,3,2,0,12,3,4,1,3
1588706054,"2020-05-05 19:14:14",0,157,8.1129,2,0,13,8,4,1,3
1588706114,"2020-05-05 19:15:14",0,157,3,2,0,13,3,4,1,3
1588706174,"2020-05-05 19:16:14",0,155,12.93254,2,0,12,13,4,1,3
1588706234,"2020-05-05 19:17:14",0,157,31.635202,3.655592,0,13,32,7,1,3
1588706294,"2020-05-05 19:18:14",0,155,3.2213867,2,0,12,3,4,1,3
1588706354,"2020-05-05 19:19:14",0,159,15.765274,2,0,13,16,4,1,3
1588706414,"2020-05-05 19:20:14",0,157,3,2,0,13,3,4,1,3
1588706474,"2020-05-05 19:21:14",0,156,3,2,0,12,3,4,1,3
1588706534,"2020-05-05 19:22:14",0,156,40.833874,3.4643984,0,12,41,7,1,3
1588706594,"2020-05-05 19:23:14",0,160,12.512443,2,0,13,13,4,1,3
1588706654,"2020-05-05 19:24:14",0,157,39.895927,4.751726,0,13,40,10,1,3
1588706714,"2020-05-05 19:25:14",0,156,3,2,0,12,3,4,1,3
1588706774,"2020-05-05 19:26:14",2,155,5.348157,2,2,12,5,4,1,3
1588706834,"2020-05-05 19:27:14",0,155,12.014461,2,0,12,12,4,1,3
