1605234040,"2020-11-13 02:20:40",0,159,3,2,0,13,3,4,1,3
1605225640,"2020-11-13 00:00:40",0,154,28.265198,27.265198,0,12,28,55,23,58
1605225700,"2020-11-13 00:01:40",0,159,22.346493,21.346493,0,13,22,43,20,51
1605225760,"2020-11-13 00:02:40",0,158,26.04147,25.04147,0,13,26,50,24,60
1605225820,"2020-11-13 00:03:40",0,158,21.91877,20.91877,0,13,22,42,20,50
1605225880,"2020-11-13 00:04:40",0,158,23.830112,22.830112,0,13,24,46,20,49
1605225940,"2020-11-13 00:05:40",0,158,22.248877,21.248877,0,13,22,42,20,51
1605226000,"2020-11-13 00:06:40",0,159,28.190273,27.190273,0,13,28,54,22,56
1605226060,"2020-11-13 00:07:40",0,159,24.770447,23.770447,0,13,25,48,20,50
1605226120,"2020-11-13 00:08:40",0,157,26.688587,25.688587,0,13,27,51,23,57
1605226180,"2020-11-13 00:09:40",0,158,24.199215,23.199215,0,13,24,46,22,55
1605226240,"2020-11-13 00:10:40",0,156,23.517593,22.517593,0,12,24,45,20,51
1605226300,"2020-11-13 00:11:40",0,160,19.785595,18.785595,0,13,20,38,18,44
1605226420,"2020-11-13 00:13:40",0,160,20.816164,19.816164,0,13,21,40,19,47
1605226540,"2020-11-13 00:15:40",0,159,21.038404,20.038404,0,13,21,40,19,48
1605226600,"2020-11-13 00:16:40",0,158,17.724298,16.724298,0,13,18,33,14,36
1605226660,"2020-11-13 00:17:40",0,162,19.714043,18.714043,0,13,20,37,18,44
1605226780,"2020-11-13 00:19:40",0,159,17.90204,16.90204,0,13,18,34,16,39
1605226840,"2020-11-13 00:20:40",0,160,21.103117,20.103117,0,13,21,40,19,48
1605226900,"2020-11-13 00:21:40",0,161,13.576473,12.576473,0,13,14,25,12,29
1605226960,"2020-11-13 00:22:40",0,157,19.876202,18.876202,0,13,20,38,17,44
1605227020,"2020-11-13 00:23:40",0,0,22.813282,21.813282,0,0,23,44,21,52
1605227080,"2020-11-13 00:24:40",0,157,20.401104,19.401104,0,13,20,39,18,46
1605227140,"2020-11-13 00:25:40",0,159,20.667486,19.667486,0,13,21,39,19,47
1605227200,"2020-11-13 00:26:40",0,162,16.38538,15.38538,0,13,16,31,14,36
1605227260,"2020-11-13 00:27:40",0,163,20.28336,19.28336,0,13,20,39,18,46
1605227320,"2020-11-13 00:28:40",0,158,17.499233,16.499233,0,13,17,33,15,37
1605227380,"2020-11-13 00:29:40",0,157,15.767841,14.767841,0,13,16,30,14,34
1605227440,"2020-11-13 00:30:40",0,159,15.264604,14.264604,0,13,15,29,13,33
1605227500,"2020-11-13 00:31:40",0,160,17.572012,16.572012,0,13,18,33,16,39
1605227560,"2020-11-13 00:32:40",0,159,18.764862,17.764862,0,13,19,36,16,39
1605227620,"2020-11-13 00:33:40",0,158,15.174325,14.174325,0,13,15,28,12,31
1605227680,"2020-11-13 00:34:40",0,161,14.251661,13.251661,0,13,14,27,12,31
1605227740,"2020-11-13 00:35:40",0,158,19.645864,18.645864,0,13,20,37,18,44
1605227800,"2020-11-13 00:36:40",0,160,16.386126,15.386126,0,13,16,31,14,34
1605227860,"2020-11-13 00:37:40",0,161,12.467098,11.467098,0,13,12,23,10,26
1605227920,"2020-11-13 00:38:40",0,158,13.060304,12.060304,0,13,13,24,10,25
1605227980,"2020-11-13 00:39:40",0,156,17.599705,16.599705,0,12,18,33,16,39
1605228040,"2020-11-13 00:40:40",0,161,12.669397,11.669397,0,13,13,23,8,19
1605228100,"2020-11-13 00:41:40",1,157,16.529781,15.529782,1,13,17,31,15,36
1605228160,"2020-11-13 00:42:40",0,157,15.130935,14.130935,0,13,15,28,11,27
1605228220,"2020-11-13 00:43:40",0,158,14.90652,13.90652,0,13,15,28,12,31
1605228280,"2020-11-13 00:44:40",0,158,13.371703,12.371703,0,13,13,25,11,27
1605228340,"2020-11-13 00:45:40",0,162,14.415252,13.415252,0,13,14,27,11,27
1605228400,"2020-11-13 00:46:40",0,157,13.394226,12.394226,0,13,13,25,11,28
1605228460,"2020-11-13 00:47:40",0,158,20.366232,19.366232,0,13,20,39,18,44
1605228640,"2020-11-13 00:50:40",0,161,15.400838,14.400838,0,13,15,29,13,34
1605228700,"2020-11-13 00:51:40",0,158,10.403223,9.403223,0,13,10,19,8,20
1605228760,"2020-11-13 00:52:40",0,161,14.154852,13.154852,0,13,14,26,11,29
1605228880,"2020-11-13 00:54:40",0,160,14.260176,13.260176,0,13,14,27,12,31
1605228940,"2020-11-13 00:55:40",0,159,13.421939,12.421939,0,13,13,25,11,28
1605229000,"2020-11-13 00:56:40",0,158,7.6052485,6.6052485,0,13,8,13,6,14
1605229060,"2020-11-13 00:57:40",0,157,8.66687,7.66687,0,13,9,15,7,17
1605229120,"2020-11-13 00:58:40",0,159,12.418972,11.418972,0,13,12,23,8,21
1605229180,"2020-11-13 00:59:40",0,156,6.4154,5.4154,0,12,6,11,4,11
1605229240,"2020-11-13 01:00:40",0,159,10.994009,9.994009,0,13,11,20,9,22
1605229300,"2020-11-13 01:01:40",0,158,11.605221,10.605221,0,13,12,21,9,22
1605229360,"2020-11-13 01:02:40",0,160,8.99985,7.9998503,0,13,9,16,7,17
1605229420,"2020-11-13 01:03:40",0,157,4.5985193,3.598519,0,13,5,7,3,6
1605229480,"2020-11-13 01:04:40",0,157,9.23917,8.23917,0,13,9,16,7,18
1605229540,"2020-11-13 01:05:40",0,156,7.4406853,6.4406853,0,12,7,13,4,11
1605229600,"2020-11-13 01:06:40",0,158,9.588978,8.588978,0,13,10,17,8,19
1605229660,"2020-11-13 01:07:40",0,157,12.964032,11.964032,0,13,13,24,11,27
1605229720,"2020-11-13 01:08:40",0,156,17.449,16.449,0,12,17,33,14,36
1605229840,"2020-11-13 01:10:40",0,156,9.398533,8.398533,0,12,9,17,7,18
1605229900,"2020-11-13 01:11:40",0,156,14.938719,13.938719,0,12,15,28,11,27
1605229960,"2020-11-13 01:12:40",0,162,6.4109206,5.4109206,0,13,6,11,4,11
1605230020,"2020-11-13 01:13:40",0,157,8.115057,7.1150575,0,13,8,14,6,15
1605230080,"2020-11-13 01:14:40",0,157,4.2783403,3.2783406,0,13,4,7,2,6
1605230140,"2020-11-13 01:15:40",0,159,11.201279,10.201279,0,13,11,20,7,18
1605230200,"2020-11-13 01:16:40",0,157,7.1307693,6.1307693,0,13,7,12,5,13
1605230260,"2020-11-13 01:17:40",0,159,5.4856863,4.4856863,0,13,5,9,3,9
1605230320,"2020-11-13 01:18:40",0,159,7.250791,6.250791,0,13,7,13,5,13
1605230380,"2020-11-13 01:19:40",0,155,4.5964475,3.5964475,0,12,5,7,3,6
1605230440,"2020-11-13 01:20:40",0,157,11.655567,10.655567,0,13,12,21,8,19
1605230500,"2020-11-13 01:21:40",0,154,8.363489,7.3634887,0,12,8,15,6,16
1605230560,"2020-11-13 01:22:40",0,159,3.2618546,2.2618546,0,13,3,5,1,3
1605230620,"2020-11-13 01:23:40",0,154,7.8989496,6.8989496,0,12,8,14,5,13
1605230680,"2020-11-13 01:24:40",0,159,4.9204216,3.9204218,0,13,5,8,3,7
1605230740,"2020-11-13 01:25:40",0,156,4.847388,3.8473878,0,12,5,8,3,7
1605230800,"2020-11-13 01:26:40",0,158,7.0215964,6.0215964,0,13,7,12,5,13
1605230860,"2020-11-13 01:27:40",0,157,6.3493643,5.3493643,0,13,6,11,4,11
1605230920,"2020-11-13 01:28:40",0,161,4.37717,3.37717,0,13,4,7,2,6
1605230980,"2020-11-13 01:29:40",0,156,9.159992,8.159992,0,12,9,16,7,18
1605231040,"2020-11-13 01:30:40",0,156,9.68417,8.68417,0,12,10,17,8,19
1605231100,"2020-11-13 01:31:40",0,157,5.0372148,4.0372148,0,13,5,8,3,8
1605231160,"2020-11-13 01:32:40",0,161,8.52894,7.52894,0,13,9,15,7,16
1605231220,"2020-11-13 01:33:40",0,161,5.1488156,4.1488156,0,13,5,8,3,8
1605231340,"2020-11-13 01:35:40",0,157,12.325153,11.325153,0,13,12,23,8,20
1605231400,"2020-11-13 01:36:40",0,160,4.8134513,3.8134513,0,13,5,8,3,7
1605231460,"2020-11-13 01:37:40",0,156,5.962117,4.962117,0,12,6,10,4,10
1605231520,"2020-11-13 01:38:40",0,160,3.009529,2.009529,0,13,3,4,1,3
1605231580,"2020-11-13 01:39:40",0,157,4.25071,3.25071,0,13,4,7,1,4
1605231640,"2020-11-13 01:40:40",0,155,8.990707,7.990708,0,12,9,16,7,17
1605231700,"2020-11-13 01:41:40",0,159,8.588825,7.5888247,0,13,9,15,7,16
1605231760,"2020-11-13 01:42:40",0,155,3.2625775,2.2625775,0,12,3,5,1,3
1605231820,"2020-11-13 01:43:40",0,156,5.368635,4.368635,0,12,5,9,2,5
1605231880,"2020-11-13 01:44:40",0,159,6.3237453,5.3237453,0,13,6,11,3,6
1605231940,"2020-11-13 01:45:40",0,159,3,2,0,13,3,4,1,3
1605232000,"2020-11-13 01:46:40",0,155,4.634786,3.6347861,0,12,5,7,3,7
1605232060,"2020-11-13 01:47:40",0,160,4.606445,3.6064448,0,13,5,7,3,7
1605232120,"2020-11-13 01:48:40",0,159,4.8882113,3.8882115,0,13,5,8,3,7
1605232180,"2020-11-13 01:49:40",0,158,6.9075127,5.9075127,0,13,7,12,5,12
1605232240,"2020-11-13 01:50:40",0,158,8.194019,7.19402,0,13,8,14,6,15
1605232300,"2020-11-13 01:51:40",0,160,3.562533,2.562533,0,13,4,5,2,4
1605232360,"2020-11-13 01:52:40",0,160,7.7248206,3.8812366,0,13,8,8,3,7
1605232420,"2020-11-13 01:53:40",0,158,3.0301251,2.0301251,0,13,3,4,1,3
1605232480,"2020-11-13 01:54:40",0,156,6.7163973,5.7163973,0,12,7,11,5,12
1605232540,"2020-11-13 01:55:40",0,162,7.1160445,6.1160445,0,13,7,12,5,13
1605232600,"2020-11-13 01:56:40",0,159,4.139214,3.139214,0,13,4,6,2,5
1605232660,"2020-11-13 01:57:40",0,159,3,2,0,13,3,4,1,3
1605232720,"2020-11-13 01:58:40",0,159,3.2916155,2.2916155,0,13,3,5,1,3
1605232780,"2020-11-13 01:59:40",0,158,6.8960147,5.8960147,0,13,7,12,5,12
1605232840,"2020-11-13 02:00:40",0,163,3.0011423,2.0011423,0,13,3,4,1,3
1605232900,"2020-11-13 02:01:40",0,159,3,2,0,13,3,4,1,3
1605232960,"2020-11-13 02:02:40",0,157,3,2,0,13,3,4,1,3
1605233020,"2020-11-13 02:03:40",0,158,3,2,0,13,3,4,1,3
1605233080,"2020-11-13 02:04:40",0,159,3,2,0,13,3,4,1,3
1605233140,"2020-11-13 02:05:40",0,156,4.854353,3.8543532,0,12,5,8,3,7
1605233200,"2020-11-13 02:06:40",0,161,3,2,0,13,3,4,1,3
1605233260,"2020-11-13 02:07:40",0,163,3,2,0,13,3,4,1,3
1605233320,"2020-11-13 02:08:40",0,159,4.4732604,3.4732604,0,13,4,7,2,6
1605233380,"2020-11-13 02:09:40",0,160,5.751096,4.751096,0,13,6,10,3,7
1605233440,"2020-11-13 02:10:40",0,158,3.142892,2.142892,0,13,3,4,1,3
1605233500,"2020-11-13 02:11:40",0,160,3,2,0,13,3,4,1,3
1605233560,"2020-11-13 02:12:40",0,161,3,2,0,13,3,4,1,3
1605233620,"2020-11-13 02:13:40",0,159,3,2,0,13,3,4,1,3
1605233740,"2020-11-13 02:15:40",0,164,3,2,0,13,3,4,1,3
1605233800,"2020-11-13 02:16:40",0,161,3,2,0,13,3,4,1,3
1605233860,"2020-11-13 02:17:40",0,159,3,2,0,13,3,4,1,3
1605233920,"2020-11-13 02:18:40",0,160,3,2,0,13,3,4,1,3
1605233980,"2020-11-13 02:19:40",0,160,3,2,0,13,3,4,1,3
1605234100,"2020-11-13 02:21:40",0,160,3.7056978,2,0,13,4,4,1,3
1605234160,"2020-11-13 02:22:40",0,163,5.290546,2,0,13,5,4,1,3
1605234220,"2020-11-13 02:23:40",0,159,3,2,0,13,3,4,1,3
1605234280,"2020-11-13 02:24:40",0,161,3,2,0,13,3,4,1,3
1605234340,"2020-11-13 02:25:40",0,160,3,2,0,13,3,4,1,3
1605234400,"2020-11-13 02:26:40",0,158,3,2,0,13,3,4,1,3
1605234460,"2020-11-13 02:27:40",0,160,3,2,0,13,3,4,1,3
1605234520,"2020-11-13 02:28:40",0,164,3,2,0,13,3,4,1,3
1605234580,"2020-11-13 02:29:40",0,161,3.1684198,2.1684198,0,13,3,4,1,3
1605234640,"2020-11-13 02:30:40",0,161,5.0875006,4.0875006,0,13,5,8,3,8
1605234700,"2020-11-13 02:31:40",0,160,3,2,0,13,3,4,1,3
1605234760,"2020-11-13 02:32:40",0,162,3.3311605,2.3311605,0,13,3,5,1,3
1605234820,"2020-11-13 02:33:40",0,156,3,2,0,12,3,4,1,3
1605234880,"2020-11-13 02:34:40",0,162,3,2,0,13,3,4,1,3
1605235061,"2020-11-13 02:37:41",0,162,3,2,0,13,3,4,1,3
1605235121,"2020-11-13 02:38:41",0,163,3,2,0,13,3,4,1,3
1605235181,"2020-11-13 02:39:41",0,160,3,2,0,13,3,4,1,3
1605235301,"2020-11-13 02:41:41",0,157,3,2,0,13,3,4,1,3
1605235361,"2020-11-13 02:42:41",0,160,3,2,0,13,3,4,1,3
1605235421,"2020-11-13 02:43:41",0,159,3,2,0,13,3,4,1,3
1605235481,"2020-11-13 02:44:41",0,161,3,2,0,13,3,4,1,3
1605235541,"2020-11-13 02:45:41",0,0,61.75143,5.212791,0,0,70,10,1,3
1605235601,"2020-11-13 02:46:41",0,162,3,2,0,13,3,4,1,3
1605235661,"2020-11-13 02:47:41",0,158,3,2,0,13,3,4,1,3
1605235721,"2020-11-13 02:48:41",0,155,9.403481,2,0,12,9,4,1,3
1605235781,"2020-11-13 02:49:41",0,158,3,2,0,13,3,4,1,3
1605235841,"2020-11-13 02:50:41",0,159,3,2,0,13,3,4,1,3
1605235901,"2020-11-13 02:51:41",0,159,3,2,0,13,3,4,1,3
1605235961,"2020-11-13 02:52:41",0,161,3,2,0,13,3,4,1,3
1605236021,"2020-11-13 02:53:41",0,160,10.90491,2,0,13,11,4,1,3
1605236081,"2020-11-13 02:54:41",0,159,3,2,0,13,3,4,1,3
1605236141,"2020-11-13 02:55:41",0,159,3,2,0,13,3,4,1,3
1605236201,"2020-11-13 02:56:41",0,157,3,2,0,13,3,4,1,3
1605236261,"2020-11-13 02:57:41",0,158,24.635723,2,0,13,25,4,1,3
1605236321,"2020-11-13 02:58:41",0,158,3,2,0,13,3,4,1,3
1605236381,"2020-11-13 02:59:41",0,159,15.666725,2,0,13,16,4,1,3
1605236441,"2020-11-13 03:00:41",0,157,3,2,0,13,3,4,1,3
1605236501,"2020-11-13 03:01:41",0,159,3,2,0,13,3,4,1,3
1605236561,"2020-11-13 03:02:41",0,156,3,2,0,12,3,4,1,3
1605236621,"2020-11-13 03:03:41",0,157,3,2,0,13,3,4,1,3
1605236681,"2020-11-13 03:04:41",0,157,3,2,0,13,3,4,1,3
1605236740,"2020-11-13 03:05:40",0,156,3,2,0,12,3,4,1,3
1605236800,"2020-11-13 03:06:40",0,156,3,2,0,12,3,4,1,3
1605236860,"2020-11-13 03:07:40",0,159,3,2,0,13,3,4,1,3
1605236920,"2020-11-13 03:08:40",0,156,3,2,0,12,3,4,1,3
1605236980,"2020-11-13 03:09:40",0,156,3,2,0,12,3,4,1,3
1605237040,"2020-11-13 03:10:40",0,159,3,2,0,13,3,4,1,3
1605237100,"2020-11-13 03:11:40",0,156,3,2,0,12,3,4,1,3
1605237160,"2020-11-13 03:12:40",0,155,3,2,0,12,3,4,1,3
1605237220,"2020-11-13 03:13:40",0,157,3,2,0,13,3,4,1,3
1605237280,"2020-11-13 03:14:40",0,160,3,2,0,13,3,4,1,3
1605237340,"2020-11-13 03:15:40",0,155,3,2,0,12,3,4,1,3
1605237400,"2020-11-13 03:16:40",0,157,3,2,0,13,3,4,1,3
1605237460,"2020-11-13 03:17:40",0,156,20.381483,2.2945826,0,12,20,5,1,3
1605237520,"2020-11-13 03:18:40",0,160,3,2,0,13,3,4,1,3
1605237580,"2020-11-13 03:19:40",0,156,3,2,0,12,3,4,1,3
1605237640,"2020-11-13 03:20:40",0,159,3,2,0,13,3,4,1,3
1605237700,"2020-11-13 03:21:40",0,154,3,2,0,12,3,4,1,3
1605237760,"2020-11-13 03:22:40",0,157,37.41611,2,0,13,37,4,1,3
1605237820,"2020-11-13 03:23:40",0,158,3,2,0,13,3,4,1,3
1605237880,"2020-11-13 03:24:40",0,157,3,2,0,13,3,4,1,3
1605237940,"2020-11-13 03:25:40",0,155,3,2,0,12,3,4,1,3
1605238000,"2020-11-13 03:26:40",0,157,20.420603,2,0,13,20,4,1,3
1605238060,"2020-11-13 03:27:40",0,157,3,2,0,13,3,4,1,3
1605238120,"2020-11-13 03:28:40",0,155,3,2,0,12,3,4,1,3
1605238180,"2020-11-13 03:29:40",0,156,3,2,0,12,3,4,1,3
1605238240,"2020-11-13 03:30:40",0,158,3,2,0,13,3,4,1,3
1605238300,"2020-11-13 03:31:40",0,161,3,2,0,13,3,4,1,3
1605238360,"2020-11-13 03:32:40",0,156,3,2,0,12,3,4,1,3
1605238420,"2020-11-13 03:33:40",0,153,3,2,0,12,3,4,1,3
1605238480,"2020-11-13 03:34:40",0,157,3,2,0,13,3,4,1,3
1605238540,"2020-11-13 03:35:40",0,156,3,2,0,12,3,4,1,3
1605238600,"2020-11-13 03:36:40",0,159,3,2,0,13,3,4,1,3
1605238660,"2020-11-13 03:37:40",0,155,3,2,0,12,3,4,1,3
1605238720,"2020-11-13 03:38:40",0,155,3,2,0,12,3,4,1,3
1605238780,"2020-11-13 03:39:40",0,156,3,2,0,12,3,4,1,3
1605238840,"2020-11-13 03:40:40",0,154,13.49315,2,0,12,13,4,1,3
1605238960,"2020-11-13 03:42:40",0,156,3,2,0,12,3,4,1,3
1605239020,"2020-11-13 03:43:40",0,159,8.556368,2,0,13,9,4,1,3
1605239080,"2020-11-13 03:44:40",0,158,5.6832185,4.6832185,0,13,6,9,4,9
1605239140,"2020-11-13 03:45:40",0,156,3,2,0,12,3,4,1,3
1605239200,"2020-11-13 03:46:40",0,158,3,2,0,13,3,4,1,3
1605239260,"2020-11-13 03:47:40",0,158,3,2,0,13,3,4,1,3
1605239380,"2020-11-13 03:49:40",0,157,5.5916376,2,0,13,6,4,1,3
1605239440,"2020-11-13 03:50:40",0,157,36.38586,2,0,13,36,4,1,3
1605239500,"2020-11-13 03:51:40",0,153,3,2,0,12,3,4,1,3
1605239560,"2020-11-13 03:52:40",0,156,14.802084,2,0,12,15,4,1,3
1605239620,"2020-11-13 03:53:40",0,158,14.070094,2,0,13,14,4,1,3
1605239680,"2020-11-13 03:54:40",0,157,9.87784,2,0,13,10,4,1,3
1605239740,"2020-11-13 03:55:40",0,158,3,2,0,13,3,4,1,3
1605239800,"2020-11-13 03:56:40",0,153,3,2,0,12,3,4,1,3
1605239860,"2020-11-13 03:57:40",0,156,4.8018827,3.8018825,0,12,5,8,3,7
1605239920,"2020-11-13 03:58:40",0,159,3,2,0,13,3,4,1,3
1605239980,"2020-11-13 03:59:40",0,155,3,2,0,12,3,4,1,3
1605240040,"2020-11-13 04:00:40",0,158,15.554662,2,0,13,16,4,1,3
1605240100,"2020-11-13 04:01:40",0,156,3,2,0,12,3,4,1,3
1605240160,"2020-11-13 04:02:40",0,154,3.3130627,2.3130627,0,12,3,5,1,3
1605240220,"2020-11-13 04:03:40",0,156,3,2,0,12,3,4,1,3
1605240280,"2020-11-13 04:04:40",0,156,3,2,0,12,3,4,1,3
1605240340,"2020-11-13 04:05:40",0,158,3.817767,2,0,13,4,4,1,3
1605240400,"2020-11-13 04:06:40",0,158,3,2,0,13,3,4,1,3
1605240460,"2020-11-13 04:07:40",0,158,3,2,0,13,3,4,1,3
1605240520,"2020-11-13 04:08:40",0,157,3,2,0,13,3,4,1,3
1605240580,"2020-11-13 04:09:40",0,155,7.222686,2,0,12,7,4,1,3
1605240640,"2020-11-13 04:10:40",0,156,4.748189,2,0,12,5,4,1,3
1605240700,"2020-11-13 04:11:40",0,156,3,2,0,12,3,4,1,3
1605240760,"2020-11-13 04:12:40",0,159,3,2,0,13,3,4,1,3
1605240820,"2020-11-13 04:13:40",0,155,3,2,0,12,3,4,1,3
1605240880,"2020-11-13 04:14:40",0,159,3,2,0,13,3,4,1,3
1605240940,"2020-11-13 04:15:40",0,159,3,2,0,13,3,4,1,3
1605241000,"2020-11-13 04:16:40",0,157,3,2,0,13,3,4,1,3
1605241060,"2020-11-13 04:17:40",0,157,3,2,0,13,3,4,1,3
1605241120,"2020-11-13 04:18:40",0,158,3,2,0,13,3,4,1,3
1605241181,"2020-11-13 04:19:41",0,156,3,2,0,12,3,4,1,3
1605241241,"2020-11-13 04:20:41",0,159,3,2,0,13,3,4,1,3
1605241301,"2020-11-13 04:21:41",0,158,3,2,0,13,3,4,1,3
1605241361,"2020-11-13 04:22:41",0,157,3,2,0,13,3,4,1,3
1605241421,"2020-11-13 04:23:41",0,156,3,2,0,12,3,4,1,3
1605241481,"2020-11-13 04:24:41",0,156,3,2,0,12,3,4,1,3
1605241541,"2020-11-13 04:25:41",0,158,3,2,0,13,3,4,1,3
1605241601,"2020-11-13 04:26:41",0,154,3,2,0,12,3,4,1,3
1605241661,"2020-11-13 04:27:41",0,155,3,2,0,12,3,4,1,3
1605241721,"2020-11-13 04:28:41",0,159,3,2,0,13,3,4,1,3
1605241781,"2020-11-13 04:29:41",0,160,3,2,0,13,3,4,1,3
1605241841,"2020-11-13 04:30:41",0,159,3,2,0,13,3,4,1,3
1605241901,"2020-11-13 04:31:41",0,159,3,2,0,13,3,4,1,3
1605241961,"2020-11-13 04:32:41",0,156,3,2,0,12,3,4,1,3
1605242021,"2020-11-13 04:33:41",0,157,3,2,0,13,3,4,1,3
1605242081,"2020-11-13 04:34:41",0,159,3,2,0,13,3,4,1,3
1605242141,"2020-11-13 04:35:41",0,159,3,2,0,13,3,4,1,3
1605242201,"2020-11-13 04:36:41",0,157,3,2,0,13,3,4,1,3
1605242261,"2020-11-13 04:37:41",0,158,17.300121,2,0,13,17,4,1,3
1605242321,"2020-11-13 04:38:41",0,158,3,2,0,13,3,4,1,3
1605242381,"2020-11-13 04:39:41",0,156,3,2,0,12,3,4,1,3
1605242441,"2020-11-13 04:40:41",0,158,3,2,0,13,3,4,1,3
1605242501,"2020-11-13 04:41:41",0,156,3,2,0,12,3,4,1,3
1605242561,"2020-11-13 04:42:41",0,155,3,2,0,12,3,4,1,3
1605242621,"2020-11-13 04:43:41",0,155,3,2,0,12,3,4,1,3
1605242681,"2020-11-13 04:44:41",0,156,3,2,0,12,3,4,1,3
1605242741,"2020-11-13 04:45:41",0,156,3,2,0,12,3,4,1,3
1605242801,"2020-11-13 04:46:41",0,155,3,2,0,12,3,4,1,3
1605242861,"2020-11-13 04:47:41",0,156,3,2,0,12,3,4,1,3
1605242921,"2020-11-13 04:48:41",0,159,3,2,0,13,3,4,1,3
1605242981,"2020-11-13 04:49:41",0,158,3,2,0,13,3,4,1,3
1605243041,"2020-11-13 04:50:41",0,0,3,2,0,0,3,4,1,3
1605243101,"2020-11-13 04:51:41",0,159,3,2,0,13,3,4,1,3
1605243161,"2020-11-13 04:52:41",0,161,3,2,0,13,3,4,1,3
1605243221,"2020-11-13 04:53:41",0,157,3,2,0,13,3,4,1,3
1605243281,"2020-11-13 04:54:41",0,154,3,2,0,12,3,4,1,3
1605243341,"2020-11-13 04:55:41",0,158,3,2,0,13,3,4,1,3
1605243401,"2020-11-13 04:56:41",0,154,8.511333,2,0,12,9,4,1,3
1605243461,"2020-11-13 04:57:41",1,155,3,2,1,12,3,4,1,3
1605243521,"2020-11-13 04:58:41",1,156,3,2,1,12,3,4,1,3
1605243581,"2020-11-13 04:59:41",0,156,3,2,0,12,3,4,1,3
1605243641,"2020-11-13 05:00:41",0,159,3,2,0,13,3,4,1,3
1605243701,"2020-11-13 05:01:41",0,157,3,2,0,13,3,4,1,3
1605243821,"2020-11-13 05:03:41",0,158,3,2,0,13,3,4,1,3
1605243881,"2020-11-13 05:04:41",0,156,3,2,0,12,3,4,1,3
1605243941,"2020-11-13 05:05:41",1,156,3,2,1,12,3,4,1,3
1605244001,"2020-11-13 05:06:41",1,156,12.148528,2,1,12,12,4,1,3
1605244061,"2020-11-13 05:07:41",0,0,3,2,0,0,3,4,1,3
1605244120,"2020-11-13 05:08:40",0,158,3,2,0,13,3,4,1,3
1605244180,"2020-11-13 05:09:40",1,158,3,2,1,13,3,4,1,3
1605244240,"2020-11-13 05:10:40",0,158,3,2,0,13,3,4,1,3
1605244300,"2020-11-13 05:11:40",0,155,3,2,0,12,3,4,1,3
1605244360,"2020-11-13 05:12:40",0,157,3,2,0,13,3,4,1,3
1605244420,"2020-11-13 05:13:40",0,156,9.907705,2,0,12,10,4,1,3
1605244480,"2020-11-13 05:14:40",0,154,3,2,0,12,3,4,1,3
1605244540,"2020-11-13 05:15:40",0,156,3,2,0,12,3,4,1,3
1605244600,"2020-11-13 05:16:40",1,157,3,2,1,13,3,4,1,3
1605244660,"2020-11-13 05:17:40",0,159,3,2,0,13,3,4,1,3
1605244720,"2020-11-13 05:18:40",1,157,3,2,1,13,3,4,1,3
1605244780,"2020-11-13 05:19:40",1,158,3,2,1,13,3,4,1,3
1605244840,"2020-11-13 05:20:40",1,155,3,2,1,12,3,4,1,3
1605244900,"2020-11-13 05:21:40",0,157,3,2,0,13,3,4,1,3
1605244960,"2020-11-13 05:22:40",0,155,3,2,0,12,3,4,1,3
1605245020,"2020-11-13 05:23:40",0,157,3,2,0,13,3,4,1,3
1605245080,"2020-11-13 05:24:40",0,156,3,2,0,12,3,4,1,3
1605245140,"2020-11-13 05:25:40",1,155,3,2,1,12,3,4,1,3
1605245200,"2020-11-13 05:26:40",0,161,3,2,0,13,3,4,1,3
1605245260,"2020-11-13 05:27:40",0,156,3,2,0,12,3,4,1,3
1605245320,"2020-11-13 05:28:40",1,157,3,2,1,13,3,4,1,3
1605245380,"2020-11-13 05:29:40",1,157,3,2,1,13,3,4,1,3
1605245440,"2020-11-13 05:30:40",1,157,3,2,1,13,3,4,1,3
1605245500,"2020-11-13 05:31:40",1,157,3,2,1,13,3,4,1,3
1605245560,"2020-11-13 05:32:40",1,156,3,2,1,12,3,4,1,3
1605245621,"2020-11-13 05:33:41",1,156,3,2,1,12,3,4,1,3
1605245681,"2020-11-13 05:34:41",1,156,3,2,1,12,3,4,1,3
1605245741,"2020-11-13 05:35:41",1,159,3,2,1,13,3,4,1,3
1605245801,"2020-11-13 05:36:41",0,156,3,2,0,12,3,4,1,3
1605245861,"2020-11-13 05:37:41",1,152,3,2,0,12,3,4,1,3
1605245921,"2020-11-13 05:38:41",1,158,3,2,1,13,3,4,1,3
1605245981,"2020-11-13 05:39:41",1,155,3,2,1,12,3,4,1,3
1605246041,"2020-11-13 05:40:41",1,158,3,2,1,13,3,4,1,3
1605246101,"2020-11-13 05:41:41",0,159,3,2,0,13,3,4,1,3
1605246161,"2020-11-13 05:42:41",1,158,3,2,1,13,3,4,1,3
1605246221,"2020-11-13 05:43:41",1,158,3,2,1,13,3,4,1,3
1605246281,"2020-11-13 05:44:41",1,159,3,2,1,13,3,4,1,3
1605246341,"2020-11-13 05:45:41",1,159,3,2,1,13,3,4,1,3
1605246401,"2020-11-13 05:46:41",1,156,3,2,1,12,3,4,1,3
1605246461,"2020-11-13 05:47:41",1,159,3,2,0,13,3,4,1,3
1605246521,"2020-11-13 05:48:41",1,158,3,2,1,13,3,4,1,3
1605246581,"2020-11-13 05:49:41",1,157,3,2,1,13,3,4,1,3
1605246641,"2020-11-13 05:50:41",1,155,3,2,1,12,3,4,1,3
1605246701,"2020-11-13 05:51:41",1,157,3,2,0,13,3,4,1,3
1605246761,"2020-11-13 05:52:41",1,156,3,2,0,12,3,4,1,3
1605246821,"2020-11-13 05:53:41",1,158,3,2,1,13,3,4,1,3
1605246881,"2020-11-13 05:54:41",1,156,3,2,0,12,3,4,1,3
1605246941,"2020-11-13 05:55:41",1,158,3,2,0,13,3,4,1,3
1605247001,"2020-11-13 05:56:41",1,156,3,2,1,12,3,4,1,3
1605247061,"2020-11-13 05:57:41",1,159,3,2,0,13,3,4,1,3
1605247121,"2020-11-13 05:58:41",1,159,3,2,1,13,3,4,1,3
1605247181,"2020-11-13 05:59:41",1,161,3,2,0,13,3,4,1,3
1605247241,"2020-11-13 06:00:41",1,160,3,2,0,13,3,4,1,3
1605247301,"2020-11-13 06:01:41",1,157,3,2,0,13,3,4,1,3
1605247361,"2020-11-13 06:02:41",1,159,3,2,0,13,3,4,1,3
1605247421,"2020-11-13 06:03:41",1,155,3,2,1,12,3,4,1,3
1605247481,"2020-11-13 06:04:41",0,157,3,2,0,13,3,4,1,3
1605247541,"2020-11-13 06:05:41",1,160,3,2,0,13,3,4,1,3
1605247601,"2020-11-13 06:06:41",1,159,3,2,0,13,3,4,1,3
1605247661,"2020-11-13 06:07:41",0,160,3,2,0,13,3,4,1,3
1605247721,"2020-11-13 06:08:41",0,159,3,2,0,13,3,4,1,3
1605247781,"2020-11-13 06:09:41",1,163,3,2,0,13,3,4,1,3
1605247841,"2020-11-13 06:10:41",1,158,3,2,0,13,3,4,1,3
1605247901,"2020-11-13 06:11:41",0,158,3,2,0,13,3,4,1,3
1605247961,"2020-11-13 06:12:41",0,160,3,2,0,13,3,4,1,3
1605248021,"2020-11-13 06:13:41",1,155,3,2,0,12,3,4,1,3
1605248081,"2020-11-13 06:14:41",1,156,3,2,0,12,3,4,1,3
1605248141,"2020-11-13 06:15:41",0,156,3,2,0,12,3,4,1,3
1605248201,"2020-11-13 06:16:41",1,159,3,2,0,13,3,4,1,3
1605248261,"2020-11-13 06:17:41",1,159,3,2,0,13,3,4,1,3
1605248321,"2020-11-13 06:18:41",1,158,3,2,0,13,3,4,1,3
1605248381,"2020-11-13 06:19:41",1,156,3,2,0,12,3,4,1,3
1605248441,"2020-11-13 06:20:41",0,155,3,2,0,12,3,4,1,3
1605248501,"2020-11-13 06:21:41",0,156,3,2,0,12,3,4,1,3
1605248561,"2020-11-13 06:22:41",0,161,3,2,0,13,3,4,1,3
1605248621,"2020-11-13 06:23:41",1,161,3,2,0,13,3,4,1,3
1605248681,"2020-11-13 06:24:41",1,157,3,2,0,13,3,4,1,3
1605248741,"2020-11-13 06:25:41",1,157,3,2,0,13,3,4,1,3
1605248801,"2020-11-13 06:26:41",0,156,3,2,0,12,3,4,1,3
1605248861,"2020-11-13 06:27:41",1,156,3,2,0,12,3,4,1,3
1605248921,"2020-11-13 06:28:41",0,157,3,2,0,13,3,4,1,3
1605248981,"2020-11-13 06:29:41",1,158,3,2,0,13,3,4,1,3
1605249041,"2020-11-13 06:30:41",0,161,3,2,0,13,3,4,1,3
1605249101,"2020-11-13 06:31:41",1,155,3,2,0,12,3,4,1,3
1605249161,"2020-11-13 06:32:41",1,157,3,2,0,13,3,4,1,3
1605249221,"2020-11-13 06:33:41",1,159,3,2,0,13,3,4,1,3
1605249281,"2020-11-13 06:34:41",0,159,3,2,0,13,3,4,1,3
1605249341,"2020-11-13 06:35:41",0,157,3,2,0,13,3,4,1,3
1605249401,"2020-11-13 06:36:41",1,161,3,2,0,13,3,4,1,3
1605249461,"2020-11-13 06:37:41",0,156,3,2,0,12,3,4,1,3
1605249521,"2020-11-13 06:38:41",1,155,3,2,0,12,3,4,1,3
1605249581,"2020-11-13 06:39:41",0,159,3,2,0,13,3,4,1,3
1605249641,"2020-11-13 06:40:41",1,157,3,2,0,13,3,4,1,3
1605249701,"2020-11-13 06:41:41",1,157,3,2,0,13,3,4,1,3
1605249761,"2020-11-13 06:42:41",1,163,3,2,0,13,3,4,1,3
1605249821,"2020-11-13 06:43:41",0,156,3,2,0,12,3,4,1,3
1605249881,"2020-11-13 06:44:41",0,158,3,2,0,13,3,4,1,3
1605249941,"2020-11-13 06:45:41",1,158,3,2,0,13,3,4,1,3
1605250001,"2020-11-13 06:46:41",1,159,3,2,0,13,3,4,1,3
1605250061,"2020-11-13 06:47:41",1,160,3,2,0,13,3,4,1,3
1605250121,"2020-11-13 06:48:41",1,160,3,2,0,13,3,4,1,3
1605250181,"2020-11-13 06:49:41",1,157,3,2,0,13,3,4,1,3
1605250241,"2020-11-13 06:50:41",1,159,3,2,0,13,3,4,1,3
1605250301,"2020-11-13 06:51:41",1,158,3,2,0,13,3,4,1,3
1605250361,"2020-11-13 06:52:41",0,160,3,2,0,13,3,4,1,3
1605250421,"2020-11-13 06:53:41",0,158,3,2,0,13,3,4,1,3
1605250481,"2020-11-13 06:54:41",0,156,3,2,0,12,3,4,1,3
1605250541,"2020-11-13 06:55:41",1,158,3,2,0,13,3,4,1,3
1605250601,"2020-11-13 06:56:41",1,157,3,2,0,13,3,4,1,3
1605250661,"2020-11-13 06:57:41",1,157,3,2,0,13,3,4,1,3
1605250721,"2020-11-13 06:58:41",0,157,3,2,0,13,3,4,1,3
1605250781,"2020-11-13 06:59:41",0,162,3,2,0,13,3,4,1,3
1605250841,"2020-11-13 07:00:41",1,160,3,2,0,13,3,4,1,3
1605250901,"2020-11-13 07:01:41",1,157,3,2,0,13,3,4,1,3
1605250961,"2020-11-13 07:02:41",1,160,3,2,0,13,3,4,1,3
1605251021,"2020-11-13 07:03:41",0,158,3,2,0,13,3,4,1,3
1605251081,"2020-11-13 07:04:41",0,158,3,2,0,13,3,4,1,3
1605251141,"2020-11-13 07:05:41",0,161,3,2,0,13,3,4,1,3
1605251201,"2020-11-13 07:06:41",0,155,3,2,0,12,3,4,1,3
1605251261,"2020-11-13 07:07:41",0,160,3,2,0,13,3,4,1,3
1605251321,"2020-11-13 07:08:41",0,157,3,2,0,13,3,4,1,3
1605251381,"2020-11-13 07:09:41",0,158,3,2,0,13,3,4,1,3
1605251441,"2020-11-13 07:10:41",0,158,3,2,0,13,3,4,1,3
1605251501,"2020-11-13 07:11:41",0,162,3,2,0,13,3,4,1,3
1605251561,"2020-11-13 07:12:41",0,160,3,2,0,13,3,4,1,3
1605251621,"2020-11-13 07:13:41",0,160,3,2,0,13,3,4,1,3
1605251681,"2020-11-13 07:14:41",0,160,3,2,0,13,3,4,1,3
1605251741,"2020-11-13 07:15:41",0,157,3,2,0,13,3,4,1,3
1605251801,"2020-11-13 07:16:41",0,160,3,2,0,13,3,4,1,3
1605251861,"2020-11-13 07:17:41",0,160,3,2,0,13,3,4,1,3
1605251921,"2020-11-13 07:18:41",0,156,3,2,0,12,3,4,1,3
1605251981,"2020-11-13 07:19:41",0,156,3,2,0,12,3,4,1,3
1605252041,"2020-11-13 07:20:41",0,158,3,2,0,13,3,4,1,3
1605252101,"2020-11-13 07:21:41",0,160,3,2,0,13,3,4,1,3
1605252161,"2020-11-13 07:22:41",0,160,3,2,0,13,3,4,1,3
1605252221,"2020-11-13 07:23:41",0,157,3,2,0,13,3,4,1,3
1605252341,"2020-11-13 07:25:41",0,158,3,2,0,13,3,4,1,3
1605252401,"2020-11-13 07:26:41",0,162,3,2,0,13,3,4,1,3
1605252461,"2020-11-13 07:27:41",0,160,3,2,0,13,3,4,1,3
1605252521,"2020-11-13 07:28:41",0,158,3,2,0,13,3,4,1,3
1605252581,"2020-11-13 07:29:41",0,0,3,2,0,0,3,4,1,3
1605252641,"2020-11-13 07:30:41",0,158,3,2,0,13,3,4,1,3
1605252701,"2020-11-13 07:31:41",0,157,3,2,0,13,3,4,1,3
1605252761,"2020-11-13 07:32:41",0,161,3,2,0,13,3,4,1,3
1605252821,"2020-11-13 07:33:41",0,162,3,2,0,13,3,4,1,3
1605252881,"2020-11-13 07:34:41",0,159,3,2,0,13,3,4,1,3
1605252941,"2020-11-13 07:35:41",0,156,3,2,0,12,3,4,1,3
1605253001,"2020-11-13 07:36:41",0,161,3,2,0,13,3,4,1,3
1605253061,"2020-11-13 07:37:41",0,156,3,2,0,12,3,4,1,3
1605253121,"2020-11-13 07:38:41",0,160,3,2,0,13,3,4,1,3
1605253181,"2020-11-13 07:39:41",0,158,3,2,0,13,3,4,1,3
1605253241,"2020-11-13 07:40:41",0,162,3,2,0,13,3,4,1,3
1605253301,"2020-11-13 07:41:41",0,158,3,2,0,13,3,4,1,3
1605253361,"2020-11-13 07:42:41",0,156,3,2,0,12,3,4,1,3
1605253421,"2020-11-13 07:43:41",0,159,3,2,0,13,3,4,1,3
1605253481,"2020-11-13 07:44:41",0,161,3,2,0,13,3,4,1,3
1605253541,"2020-11-13 07:45:41",0,158,3,2,0,13,3,4,1,3
1605253601,"2020-11-13 07:46:41",0,160,3,2,0,13,3,4,1,3
1605253661,"2020-11-13 07:47:41",0,157,3,2,0,13,3,4,1,3
1605253721,"2020-11-13 07:48:41",0,160,3,2,0,13,3,4,1,3
1605253781,"2020-11-13 07:49:41",0,158,3,2,0,13,3,4,1,3
1605253841,"2020-11-13 07:50:41",0,158,3,2,0,13,3,4,1,3
1605253901,"2020-11-13 07:51:41",0,157,3,2,0,13,3,4,1,3
1605253961,"2020-11-13 07:52:41",0,161,3,2,0,13,3,4,1,3
1605254021,"2020-11-13 07:53:41",0,162,3,2,0,13,3,4,1,3
1605254081,"2020-11-13 07:54:41",0,160,3,2,0,13,3,4,1,3
1605254141,"2020-11-13 07:55:41",0,161,3,2,0,13,3,4,1,3
1605254201,"2020-11-13 07:56:41",0,158,3,2,0,13,3,4,1,3
1605254261,"2020-11-13 07:57:41",0,161,3,2,0,13,3,4,1,3
1605254321,"2020-11-13 07:58:41",0,158,3,2,0,13,3,4,1,3
1605254381,"2020-11-13 07:59:41",0,160,3,2,0,13,3,4,1,3
1605254441,"2020-11-13 08:00:41",0,158,3.4945698,2,0,13,3,4,1,3
1605254501,"2020-11-13 08:01:41",0,158,3,2,0,13,3,4,1,3
1605254561,"2020-11-13 08:02:41",0,156,3,2,0,12,3,4,1,3
1605254621,"2020-11-13 08:03:41",0,156,3,2,0,12,3,4,1,3
1605254681,"2020-11-13 08:04:41",0,159,3,2,0,13,3,4,1,3
1605254741,"2020-11-13 08:05:41",0,161,3,2,0,13,3,4,1,3
1605254801,"2020-11-13 08:06:41",0,159,3,2,0,13,3,4,1,3
1605254861,"2020-11-13 08:07:41",0,157,3,2,0,13,3,4,1,3
1605254921,"2020-11-13 08:08:41",0,162,3,2,0,13,3,4,1,3
1605254981,"2020-11-13 08:09:41",0,160,3,2,0,13,3,4,1,3
1605255041,"2020-11-13 08:10:41",0,157,3,2,0,13,3,4,1,3
1605255101,"2020-11-13 08:11:41",0,160,3,2,0,13,3,4,1,3
1605255161,"2020-11-13 08:12:41",0,162,3,2,0,13,3,4,1,3
1605255221,"2020-11-13 08:13:41",0,154,3,2,0,12,3,4,1,3
1605255281,"2020-11-13 08:14:41",0,157,3,2,0,13,3,4,1,3
1605255341,"2020-11-13 08:15:41",0,158,3,2,0,13,3,4,1,3
1605255401,"2020-11-13 08:16:41",0,159,3,2,0,13,3,4,1,3
1605255461,"2020-11-13 08:17:41",0,157,3,2,0,13,3,4,1,3
1605255521,"2020-11-13 08:18:41",0,160,3,2,0,13,3,4,1,3
1605255581,"2020-11-13 08:19:41",0,157,3,2,0,13,3,4,1,3
1605255641,"2020-11-13 08:20:41",0,160,3,2,0,13,3,4,1,3
1605255701,"2020-11-13 08:21:41",0,154,3,2,0,12,3,4,1,3
1605255761,"2020-11-13 08:22:41",0,160,3,2,0,13,3,4,1,3
1605255821,"2020-11-13 08:23:41",0,156,3,2,0,12,3,4,1,3
1605255881,"2020-11-13 08:24:41",0,161,3,2,0,13,3,4,1,3
1605255941,"2020-11-13 08:25:41",0,159,3,2,0,13,3,4,1,3
1605256001,"2020-11-13 08:26:41",0,158,3,2,0,13,3,4,1,3
1605256061,"2020-11-13 08:27:41",0,158,3,2,0,13,3,4,1,3
1605256121,"2020-11-13 08:28:41",0,158,3,2,0,13,3,4,1,3
1605256181,"2020-11-13 08:29:41",0,157,3,2,0,13,3,4,1,3
1605256241,"2020-11-13 08:30:41",0,157,3,2,0,13,3,4,1,3
1605256301,"2020-11-13 08:31:41",0,160,3,2,0,13,3,4,1,3
1605256361,"2020-11-13 08:32:41",0,158,3,2,0,13,3,4,1,3
1605256421,"2020-11-13 08:33:41",0,157,3,2,0,13,3,4,1,3
1605256481,"2020-11-13 08:34:41",0,156,3,2,0,12,3,4,1,3
1605256541,"2020-11-13 08:35:41",0,158,3,2,0,13,3,4,1,3
1605256601,"2020-11-13 08:36:41",0,158,3,2,0,13,3,4,1,3
1605256661,"2020-11-13 08:37:41",0,159,3,2,0,13,3,4,1,3
1605256721,"2020-11-13 08:38:41",0,159,3,2,0,13,3,4,1,3
1605256781,"2020-11-13 08:39:41",0,157,3,2,0,13,3,4,1,3
1605256901,"2020-11-13 08:41:41",0,155,3,2,0,12,3,4,1,3
1605256961,"2020-11-13 08:42:41",0,157,3,2,0,13,3,4,1,3
1605257021,"2020-11-13 08:43:41",0,155,3,2,0,12,3,4,1,3
1605257081,"2020-11-13 08:44:41",0,156,3,2,0,12,3,4,1,3
1605257141,"2020-11-13 08:45:41",0,158,3,2,0,13,3,4,1,3
1605257201,"2020-11-13 08:46:41",0,158,3,2,0,13,3,4,1,3
1605257261,"2020-11-13 08:47:41",0,156,3,2,0,12,3,4,1,3
1605257321,"2020-11-13 08:48:41",0,158,3,2,0,13,3,4,1,3
1605257381,"2020-11-13 08:49:41",0,161,3,2,0,13,3,4,1,3
1605257441,"2020-11-13 08:50:41",0,158,3,2,0,13,3,4,1,3
1605257501,"2020-11-13 08:51:41",0,159,3,2,0,13,3,4,1,3
1605257561,"2020-11-13 08:52:41",0,158,3,2,0,13,3,4,1,3
1605257621,"2020-11-13 08:53:41",0,161,3,2,0,13,3,4,1,3
1605257681,"2020-11-13 08:54:41",0,158,3,2,0,13,3,4,1,3
1605257741,"2020-11-13 08:55:41",0,159,3,2,0,13,3,4,1,3
1605257801,"2020-11-13 08:56:41",0,162,3,2,0,13,3,4,1,3
1605257861,"2020-11-13 08:57:41",0,162,3,2,0,13,3,4,1,3
1605257921,"2020-11-13 08:58:41",0,158,3,2,0,13,3,4,1,3
1605257981,"2020-11-13 08:59:41",0,160,3,2,0,13,3,4,1,3
1605258041,"2020-11-13 09:00:41",0,160,3,2,0,13,3,4,1,3
1605258101,"2020-11-13 09:01:41",0,159,3,2,0,13,3,4,1,3
1605258161,"2020-11-13 09:02:41",0,158,3,2,0,13,3,4,1,3
1605258221,"2020-11-13 09:03:41",0,159,3,2,0,13,3,4,1,3
1605258280,"2020-11-13 09:04:40",0,160,3,2,0,13,3,4,1,3
1605258340,"2020-11-13 09:05:40",0,156,3,2,0,12,3,4,1,3
1605258400,"2020-11-13 09:06:40",1,157,3,2,1,13,3,4,1,3
1605258460,"2020-11-13 09:07:40",2,158,3,2,2,13,3,4,1,3
1605258520,"2020-11-13 09:08:40",3,154,3,2,3,12,3,4,1,3
1605258580,"2020-11-13 09:09:40",3,155,3,2,3,12,3,4,1,3
1605258640,"2020-11-13 09:10:40",5,151,3,2,5,12,3,4,1,3
1605258700,"2020-11-13 09:11:40",5,152,3,2,5,12,3,4,1,3
1605258760,"2020-11-13 09:12:40",6,152,7.8026505,2,6,12,8,4,1,3
1605258820,"2020-11-13 09:13:40",7,150,3,2,6,12,3,4,1,3
1605258879,"2020-11-13 09:14:39",8,152,3,2,7,12,3,4,1,3
1605258939,"2020-11-13 09:15:39",9,146,3,2,8,12,3,4,1,3
1605258999,"2020-11-13 09:16:39",9,149,3,2,9,12,3,4,1,3
1605259119,"2020-11-13 09:18:39",0,0,3,2,0,0,3,4,1,3
1605259181,"2020-11-13 09:19:41",0,0,3,2,0,0,3,4,1,3
1605259239,"2020-11-13 09:20:39",12,146,4.4285736,2,11,12,4,4,1,3
1605259299,"2020-11-13 09:21:39",11,143,3,2,10,11,3,4,1,3
1605259359,"2020-11-13 09:22:39",12,143,3,2,11,11,3,4,1,3
1605259419,"2020-11-13 09:23:39",13,144,3,2,12,12,3,4,1,3
1605259479,"2020-11-13 09:24:39",13,141,3,2,12,11,3,4,1,3
1605259539,"2020-11-13 09:25:39",13,141,3,2,12,11,3,4,1,3
1605259599,"2020-11-13 09:26:39",13,143,3,2,13,11,3,4,1,3
1605259659,"2020-11-13 09:27:39",14,141,3,2,13,11,3,4,1,3
1605259719,"2020-11-13 09:28:39",12,142,3,2,11,11,3,4,1,3
1605259779,"2020-11-13 09:29:39",13,145,3,2,13,12,3,4,1,3
1605259839,"2020-11-13 09:30:39",14,141,10.777395,2,13,11,11,4,1,3
1605259899,"2020-11-13 09:31:39",14,140,3,2,13,11,3,4,1,3
1605259959,"2020-11-13 09:32:39",14,141,3,2,13,11,3,4,1,3
1605260019,"2020-11-13 09:33:39",14,141,3,2,13,11,3,4,1,3
1605260079,"2020-11-13 09:34:39",14,141,50.93545,3.1601715,13,11,52,6,1,3
1605260139,"2020-11-13 09:35:39",14,144,3,2,13,12,3,4,1,3
1605260199,"2020-11-13 09:36:39",0,141,16.656816,2,0,11,17,4,1,3
1605260257,"2020-11-13 09:37:37",0,139,3,2,0,11,3,4,1,3
1605260497,"2020-11-13 09:41:37",0,0,3,2,0,0,3,4,1,3
1605260559,"2020-11-13 09:42:39",0,138,3,2,0,11,3,4,1,3
1605260619,"2020-11-13 09:43:39",15,143,3,2,14,11,3,4,1,3
1605260679,"2020-11-13 09:44:39",16,138,3,2,15,11,3,4,1,3
1605260739,"2020-11-13 09:45:39",16,140,3,2,15,11,3,4,1,3
1605260859,"2020-11-13 09:47:39",16,140,3,2,15,11,3,4,1,3
1605260919,"2020-11-13 09:48:39",16,139,3,2,15,11,3,4,1,3
1605260979,"2020-11-13 09:49:39",16,0,3,2,15,0,3,4,1,3
1605261039,"2020-11-13 09:50:39",0,0,3,2,0,0,3,4,1,3
1605261100,"2020-11-13 09:51:40",16,0,3,2,15,0,3,4,1,3
1605261160,"2020-11-13 09:52:40",16,138,3,2,15,11,3,4,1,3
1605261220,"2020-11-13 09:53:40",0,138,3,2,0,11,3,4,1,3
1605261280,"2020-11-13 09:54:40",16,135,3,2,15,11,3,4,1,3
1605261340,"2020-11-13 09:55:40",16,138,3,2,15,11,3,4,1,3
1605261400,"2020-11-13 09:56:40",0,136,3,2,0,11,3,4,1,3
1605261520,"2020-11-13 09:58:40",17,139,3,2,16,11,3,4,1,3
1605261580,"2020-11-13 09:59:40",17,135,3,2,16,11,3,4,1,3
1605261640,"2020-11-13 10:00:40",16,136,3,2,15,11,3,4,1,3
1605261700,"2020-11-13 10:01:40",17,136,3,2,16,11,3,4,1,3
1605261760,"2020-11-13 10:02:40",16,138,3,2,15,11,3,4,1,3
1605261820,"2020-11-13 10:03:40",16,139,3,2,15,11,3,4,1,3
1605261941,"2020-11-13 10:05:41",0,137,3,2,0,11,3,4,1,3
1605262001,"2020-11-13 10:06:41",17,141,3,2,16,11,3,4,1,3
1605262061,"2020-11-13 10:07:41",16,139,3,2,15,11,3,4,1,3
1605262421,"2020-11-13 10:13:41",18,138,3,2,17,11,3,4,1,3
1605262481,"2020-11-13 10:14:41",17,140,3.1334183,2,16,11,3,4,1,3
1605262541,"2020-11-13 10:15:41",17,137,3,2,16,11,3,4,1,3
1605262601,"2020-11-13 10:16:41",18,138,3,2,17,11,3,4,1,3
1605262661,"2020-11-13 10:17:41",17,137,19.169514,2,16,11,19,4,1,3
1605262721,"2020-11-13 10:18:41",18,138,3,2,17,11,3,4,1,3
1605262781,"2020-11-13 10:19:41",18,137,3,2,17,11,3,4,1,3
1605262841,"2020-11-13 10:20:41",17,134,3,2,16,11,3,4,1,3
1605262901,"2020-11-13 10:21:41",18,140,3,2,17,11,3,4,1,3
1605262961,"2020-11-13 10:22:41",18,136,3,2,17,11,3,4,1,3
1605263021,"2020-11-13 10:23:41",17,137,3,2,16,11,3,4,1,3
1605263081,"2020-11-13 10:24:41",16,136,3,2,15,11,3,4,1,3
1605263141,"2020-11-13 10:25:41",17,139,3,2,16,11,3,4,1,3
1605263201,"2020-11-13 10:26:41",17,136,3,2,16,11,3,4,1,3
1605263261,"2020-11-13 10:27:41",16,139,3,2,15,11,3,4,1,3
1605263321,"2020-11-13 10:28:41",16,134,3,2,15,11,3,4,1,3
1605263378,"2020-11-13 10:29:38",17,137,3,2,16,11,3,4,1,3
1605263500,"2020-11-13 10:31:40",17,138,3,2,16,11,3,4,1,3
1605263680,"2020-11-13 10:34:40",16,141,3,2,15,11,3,4,1,3
1605263740,"2020-11-13 10:35:40",0,0,3,2,0,0,3,4,1,3
1605263801,"2020-11-13 10:36:41",17,136,3,2,16,11,3,4,1,3
1605263861,"2020-11-13 10:37:41",16,137,3,2,15,11,3,4,1,3
1605263915,"2020-11-13 10:38:35",16,138,3,2,15,11,3,4,1,3
1605263975,"2020-11-13 10:39:35",16,138,3,2,15,11,3,4,1,3
1605264155,"2020-11-13 10:42:35",0,138,3,2,0,11,3,4,1,3
1605264221,"2020-11-13 10:43:41",16,138,3,2,15,11,3,4,1,3
1605264281,"2020-11-13 10:44:41",15,138,3,2,14,11,3,4,1,3
1605264341,"2020-11-13 10:45:41",15,140,3,2,14,11,3,4,1,3
1605264401,"2020-11-13 10:46:41",15,138,3,2,14,11,3,4,1,3
1605264461,"2020-11-13 10:47:41",15,139,3,2,14,11,3,4,1,3
1605264521,"2020-11-13 10:48:41",16,140,3,2,15,11,3,4,1,3
1605264581,"2020-11-13 10:49:41",15,137,3,2,14,11,3,4,1,3
1605264641,"2020-11-13 10:50:41",15,136,3,2,14,11,3,4,1,3
1605264701,"2020-11-13 10:51:41",14,139,3,2,14,11,3,4,1,3
1605264761,"2020-11-13 10:52:41",14,140,3,2,13,11,3,4,1,3
1605264821,"2020-11-13 10:53:41",15,139,3,2,14,11,3,4,1,3
1605264881,"2020-11-13 10:54:41",15,135,3,2,14,11,3,4,1,3
1605265000,"2020-11-13 10:56:40",17,137,3,2,16,11,3,4,1,3
1605265061,"2020-11-13 10:57:41",16,137,3,2,15,11,3,4,1,3
1605265121,"2020-11-13 10:58:41",17,134,3,2,16,11,3,4,1,3
1605265181,"2020-11-13 10:59:41",18,134,3,2,17,11,3,4,1,3
1605265241,"2020-11-13 11:00:41",18,135,3,2,17,11,3,4,1,3
1605265301,"2020-11-13 11:01:41",19,131,3,2,17,10,3,4,1,3
1605265361,"2020-11-13 11:02:41",20,130,3,2,18,10,3,4,1,3
1605265421,"2020-11-13 11:03:41",20,130,3,2,18,10,3,4,1,3
1605265481,"2020-11-13 11:04:41",20,130,3,2,18,10,3,4,1,3
1605265541,"2020-11-13 11:05:41",21,126,3,2,20,10,3,4,1,3
1605265601,"2020-11-13 11:06:41",20,128,3,2,19,10,3,4,1,3
1605265661,"2020-11-13 11:07:41",20,125,50.128716,2,19,10,50,4,1,3
1605265721,"2020-11-13 11:08:41",21,125,3.4592717,2,20,10,3,4,1,3
1605265781,"2020-11-13 11:09:41",21,126,3,2,20,10,3,4,1,3
1605265841,"2020-11-13 11:10:41",22,124,3,2,22,10,3,4,1,3
1605265901,"2020-11-13 11:11:41",21,124,3,2,20,10,3,4,1,3
1605265961,"2020-11-13 11:12:41",21,123,3,2,20,10,3,4,1,3
1605266021,"2020-11-13 11:13:41",22,125,3,2,22,10,3,4,1,3
1605266081,"2020-11-13 11:14:41",23,123,3,2,23,10,3,4,1,3
1605266141,"2020-11-13 11:15:41",23,123,3,2,23,10,3,4,1,3
1605266201,"2020-11-13 11:16:41",23,121,3,2,23,10,3,4,1,3
1605266261,"2020-11-13 11:17:41",23,122,3,2,23,10,3,4,1,3
1605266317,"2020-11-13 11:18:37",23,122,3,2,23,10,3,4,1,3
1605266377,"2020-11-13 11:19:37",22,125,3,2,22,10,3,4,1,3
1605266437,"2020-11-13 11:20:37",23,122,3,2,23,10,3,4,1,3
1605266497,"2020-11-13 11:21:37",22,123,15.973053,2,22,10,16,4,1,3
1605266557,"2020-11-13 11:22:37",23,123,3,2,23,10,3,4,1,3
1605266677,"2020-11-13 11:24:37",0,0,3,2,0,0,3,4,1,3
1605266737,"2020-11-13 11:25:37",23,123,3,2,23,10,3,4,1,3
1605266797,"2020-11-13 11:26:37",23,124,3,2,23,10,3,4,1,3
1605266857,"2020-11-13 11:27:37",23,122,3,2,23,10,3,4,1,3
1605266917,"2020-11-13 11:28:37",0,123,3,2,0,10,3,4,1,3
1605267338,"2020-11-13 11:35:38",23,123,3,2,23,10,3,4,1,3
1605267398,"2020-11-13 11:36:38",24,123,3,2,24,10,3,4,1,3
1605267458,"2020-11-13 11:37:38",24,123,8.562569,2,24,10,9,4,1,3
1605267578,"2020-11-13 11:39:38",0,123,22.875757,2,0,10,23,4,1,3
1605267638,"2020-11-13 11:40:38",24,121,3,2,24,10,3,4,1,3
1605267698,"2020-11-13 11:41:38",24,122,3,2,24,10,3,4,1,3
1605267758,"2020-11-13 11:42:38",24,122,3,2,23,10,3,4,1,3
1605267818,"2020-11-13 11:43:38",25,126,3,2,26,10,3,4,1,3
1605267878,"2020-11-13 11:44:38",24,123,3,2,24,10,3,4,1,3
1605267938,"2020-11-13 11:45:38",24,122,3,2,24,10,3,4,1,3
1605268001,"2020-11-13 11:46:41",23,123,3,2,23,10,3,4,1,3
1605268061,"2020-11-13 11:47:41",23,124,3,2,23,10,3,4,1,3
1605268121,"2020-11-13 11:48:41",23,125,3,2,22,10,3,4,1,3
1605268181,"2020-11-13 11:49:41",23,124,3,2,22,10,3,4,1,3
1605268241,"2020-11-13 11:50:41",24,121,3,2,23,10,3,4,1,3
1605268301,"2020-11-13 11:51:41",25,123,13.286221,2,25,10,13,4,1,3
1605268360,"2020-11-13 11:52:40",24,121,6.0340796,2,23,10,6,4,1,3
1605268420,"2020-11-13 11:53:40",24,122,3,2,23,10,3,4,1,3
1605268480,"2020-11-13 11:54:40",23,127,3,2,22,10,3,4,1,3
1605268540,"2020-11-13 11:55:40",24,122,3,2,24,10,3,4,1,3
1605268600,"2020-11-13 11:56:40",24,124,3,2,23,10,3,4,1,3
1605268660,"2020-11-13 11:57:40",0,125,3,2,0,10,3,4,1,3
1605268720,"2020-11-13 11:58:40",23,122,3,2,22,10,3,4,1,3
1605268780,"2020-11-13 11:59:40",0,125,3,2,0,10,3,4,1,3
1605268840,"2020-11-13 12:00:40",23,127,3,2,23,10,3,4,1,3
1605268900,"2020-11-13 12:01:40",23,126,3,2,23,10,3,4,1,3
1605268960,"2020-11-13 12:02:40",23,128,3,2,22,10,3,4,1,3
1605269021,"2020-11-13 12:03:41",23,129,3,2,22,10,3,4,1,3
1605269081,"2020-11-13 12:04:41",22,127,3,2,21,10,3,4,1,3
1605269141,"2020-11-13 12:05:41",23,129,3,2,22,10,3,4,1,3
1605269201,"2020-11-13 12:06:41",22,128,3,2,21,10,3,4,1,3
1605269381,"2020-11-13 12:09:41",0,130,3,2,0,10,3,4,1,3
1605269441,"2020-11-13 12:10:41",21,0,3,2,20,0,3,4,1,3
1605269501,"2020-11-13 12:11:41",22,133,3,2,22,11,3,4,1,3
1605269561,"2020-11-13 12:12:41",22,0,3,2,22,0,3,4,1,3
1605269621,"2020-11-13 12:13:41",22,131,3,2,22,10,3,4,1,3
1605269801,"2020-11-13 12:16:41",22,131,3,2,22,10,3,4,1,3
1605269861,"2020-11-13 12:17:41",22,131,3,2,22,10,3,4,1,3
1605269921,"2020-11-13 12:18:41",22,134,3,2,22,11,3,4,1,3
1605269981,"2020-11-13 12:19:41",0,133,3,2,0,11,3,4,1,3
1605270041,"2020-11-13 12:20:41",23,132,3,2,23,11,3,4,1,3
1605270101,"2020-11-13 12:21:41",0,133,3,2,0,11,3,4,1,3
1605270210,"2020-11-13 12:23:30",23,132,3,2,23,11,3,4,1,3
1605270340,"2020-11-13 12:25:40",23,133,3,2,23,11,3,4,1,3
1605270400,"2020-11-13 12:26:40",23,137,3,2,23,11,3,4,1,3
1605270460,"2020-11-13 12:27:40",0,135,3,2,0,11,3,4,1,3
1605270520,"2020-11-13 12:28:40",23,133,3,2,23,11,3,4,1,3
1605270580,"2020-11-13 12:29:40",23,133,3,2,23,11,3,4,1,3
1605270940,"2020-11-13 12:35:40",25,135,3,2,26,11,3,4,1,3
1605271000,"2020-11-13 12:36:40",24,138,12.032191,2,24,11,12,4,1,3
1605271060,"2020-11-13 12:37:40",23,139,30.373863,2,23,11,30,4,1,3
1605271120,"2020-11-13 12:38:40",24,136,3,2,24,11,3,4,1,3
1605271180,"2020-11-13 12:39:40",24,140,3,2,24,11,3,4,1,3
1605271240,"2020-11-13 12:40:40",24,140,3,2,24,11,3,4,1,3
1605271300,"2020-11-13 12:41:40",25,137,3,2,26,11,3,4,1,3
1605271360,"2020-11-13 12:42:40",25,137,3,2,26,11,3,4,1,3
1605271420,"2020-11-13 12:43:40",24,137,3,2,24,11,3,4,1,3
1605271480,"2020-11-13 12:44:40",24,138,3,2,24,11,3,4,1,3
1605271540,"2020-11-13 12:45:40",25,137,29.56611,2,26,11,30,4,1,3
1605271600,"2020-11-13 12:46:40",25,139,3,2,26,11,3,4,1,3
1605271660,"2020-11-13 12:47:40",26,136,3,2,26,11,3,4,1,3
1605272201,"2020-11-13 12:56:41",0,0,3.8125238,2,0,0,4,4,1,3
1605272261,"2020-11-13 12:57:41",29,133,3,2,30,11,3,4,1,3
1605272321,"2020-11-13 12:58:41",28,133,3,2,29,11,3,4,1,3
1605272381,"2020-11-13 12:59:41",28,131,3,2,29,10,3,4,1,3
1605272441,"2020-11-13 13:00:41",28,133,11.801444,2,29,11,12,4,1,3
1605272501,"2020-11-13 13:01:41",29,129,3,2,30,10,3,4,1,3
1605272561,"2020-11-13 13:02:41",29,133,3,2,30,11,3,4,1,3
1605272621,"2020-11-13 13:03:41",28,130,3,2,29,10,3,4,1,3
1605272681,"2020-11-13 13:04:41",28,129,9.235153,2,29,10,9,4,1,3
1605272741,"2020-11-13 13:05:41",28,130,3,2,29,10,3,4,1,3
1605272801,"2020-11-13 13:06:41",29,130,3,2,30,10,3,4,1,3
1605272861,"2020-11-13 13:07:41",29,129,3,2,31,10,3,4,1,3
1605272921,"2020-11-13 13:08:41",30,130,3,2,33,10,3,4,1,3
1605272980,"2020-11-13 13:09:40",28,126,3,2,29,10,3,4,1,3
1605273040,"2020-11-13 13:10:40",29,126,3,2,31,10,3,4,1,3
1605273100,"2020-11-13 13:11:40",29,126,3,2,31,10,3,4,1,3
1605273160,"2020-11-13 13:12:40",30,125,3,2,33,10,3,4,1,3
1605273220,"2020-11-13 13:13:40",29,128,3,2,30,10,3,4,1,3
1605273280,"2020-11-13 13:14:40",30,124,3,2,33,10,3,4,1,3
1605273340,"2020-11-13 13:15:40",29,128,3,2,31,10,3,4,1,3
1605273400,"2020-11-13 13:16:40",29,129,39.855976,2,31,10,40,4,1,3
1605273460,"2020-11-13 13:17:40",28,127,68.66728,3.1149216,30,10,81,6,1,3
1605273581,"2020-11-13 13:19:41",0,0,3,2,0,0,3,4,1,3
1605273641,"2020-11-13 13:20:41",28,128,3,2,30,10,3,4,1,3
1605273701,"2020-11-13 13:21:41",29,129,25.623499,2,31,10,26,4,1,3
1605273761,"2020-11-13 13:22:41",30,128,3,2,33,10,3,4,1,3
1605273821,"2020-11-13 13:23:41",29,129,3,2,31,10,3,4,1,3
1605273881,"2020-11-13 13:24:41",28,131,7.216687,2,30,10,7,4,1,3
1605273941,"2020-11-13 13:25:41",28,129,4.9729443,2,30,10,5,4,1,3
1605274001,"2020-11-13 13:26:41",29,129,4.4582825,2,31,10,4,4,1,3
1605274061,"2020-11-13 13:27:41",31,131,3,2,33,10,3,4,1,3
1605274121,"2020-11-13 13:28:41",30,131,3,2,32,10,3,4,1,3
1605274181,"2020-11-13 13:29:41",29,130,7.8710437,2,31,10,8,4,1,3
1605274241,"2020-11-13 13:30:41",29,130,3,2,31,10,3,4,1,3
1605274301,"2020-11-13 13:31:41",29,131,3,2,31,10,3,4,1,3
1605274361,"2020-11-13 13:32:41",29,130,5.598222,2,31,10,6,4,1,3
1605274421,"2020-11-13 13:33:41",30,130,3,2,32,10,3,4,1,3
1605274481,"2020-11-13 13:34:41",29,127,3,2,31,10,3,4,1,3
1605274541,"2020-11-13 13:35:41",29,129,3,2,31,10,3,4,1,3
1605274601,"2020-11-13 13:36:41",29,130,3,2,31,10,3,4,1,3
1605274661,"2020-11-13 13:37:41",29,130,3,2,32,10,3,4,1,3
1605274721,"2020-11-13 13:38:41",29,134,3,2,31,11,3,4,1,3
1605274781,"2020-11-13 13:39:41",29,132,8.3961735,2,31,11,8,4,1,3
