1593561611,"2020-07-01 00:00:11",0,202,3,2,0,16,3,4,1,3
1593561671,"2020-07-01 00:01:11",0,202,3,2,0,16,3,4,1,3
1593561731,"2020-07-01 00:02:11",0,201,3,2,0,16,3,4,1,3
1593561791,"2020-07-01 00:03:11",0,203,80.86943,6.816578,0,16,101,14,1,3
1593561851,"2020-07-01 00:04:11",0,203,8.1420555,2,0,16,8,4,1,3
1593561911,"2020-07-01 00:05:11",0,203,23.003736,2,0,16,23,4,1,3
1593561971,"2020-07-01 00:06:11",0,204,48.188828,3.3700724,0,16,48,7,1,3
1593562031,"2020-07-01 00:07:11",0,201,3.636587,2,0,16,4,4,1,3
1593562091,"2020-07-01 00:08:11",0,200,64.29305,4.565344,0,16,74,9,1,3
1593562151,"2020-07-01 00:09:11",0,203,33.06214,2.4629974,0,16,33,5,1,3
1593562211,"2020-07-01 00:10:11",0,202,51.460846,3.0282307,0,16,52,6,1,3
1593562271,"2020-07-01 00:11:11",0,205,46.345776,3.6855698,0,16,46,7,1,3
1593562331,"2020-07-01 00:12:11",0,201,17.364038,2,0,16,17,4,1,3
1593562391,"2020-07-01 00:13:11",0,202,3,2,0,16,3,4,1,3
1593562451,"2020-07-01 00:14:11",0,202,59.279213,4.505394,0,16,65,9,1,3
1593562511,"2020-07-01 00:15:11",0,198,48.32263,2.7766762,0,16,48,6,1,3
1593562571,"2020-07-01 00:16:11",0,200,17.140556,2.5718594,0,16,17,5,1,3
1593562631,"2020-07-01 00:17:11",0,201,28.791597,2,0,16,29,4,1,3
1593562691,"2020-07-01 00:18:11",0,200,3,2,0,16,3,4,1,3
1593562751,"2020-07-01 00:19:11",0,196,87.83395,6.7655926,0,16,105,14,1,3
1593562811,"2020-07-01 00:20:11",0,197,27.673553,2.6258106,0,16,28,5,1,3
1593562871,"2020-07-01 00:21:11",0,200,57.70977,3.583479,0,16,63,7,1,3
1593562931,"2020-07-01 00:22:11",0,201,29.64101,2.3159065,0,16,30,5,1,3
1593562991,"2020-07-01 00:23:11",0,199,4.679714,2,0,16,5,4,1,3
1593563051,"2020-07-01 00:24:11",0,201,3,2,0,16,3,4,1,3
1593563111,"2020-07-01 00:25:11",0,199,47.773422,3.1830082,0,16,48,6,1,3
1593563171,"2020-07-01 00:26:11",0,199,56.989548,4.125139,0,16,62,8,1,3
1593563231,"2020-07-01 00:27:11",0,200,36.577694,2.5799417,0,16,37,5,1,3
1593563291,"2020-07-01 00:28:11",0,200,30.982792,2.4044714,0,16,31,5,1,3
1593563351,"2020-07-01 00:29:11",0,197,61.30642,4.113304,0,16,69,8,1,3
1593563411,"2020-07-01 00:30:11",0,199,44.149734,4.008318,0,16,44,8,1,3
1593563471,"2020-07-01 00:31:11",0,200,81.72252,5.722437,0,16,101,11,1,3
1593563531,"2020-07-01 00:32:11",0,200,3,2,0,16,3,4,1,3
1593563591,"2020-07-01 00:33:11",0,201,3,2,0,16,3,4,1,3
1593563651,"2020-07-01 00:34:11",0,197,18.090464,2,0,16,18,4,1,3
1593563711,"2020-07-01 00:35:11",0,199,56.3656,3.0602016,0,16,61,6,1,3
1593563771,"2020-07-01 00:36:11",0,196,29.591423,2.0604534,0,16,30,4,1,3
1593563831,"2020-07-01 00:37:11",0,199,12.497331,2,0,16,12,4,1,3
1593563891,"2020-07-01 00:38:11",0,196,3,2,0,16,3,4,1,3
1593563951,"2020-07-01 00:39:11",0,199,32.030704,2.3445845,0,16,32,5,1,3
1593564011,"2020-07-01 00:40:11",0,197,3,2,0,16,3,4,1,3
1593564071,"2020-07-01 00:41:11",0,200,3,2,0,16,3,4,1,3
1593564131,"2020-07-01 00:42:11",0,197,23.571472,2,0,16,24,4,1,3
1593564191,"2020-07-01 00:43:11",0,200,3,2,0,16,3,4,1,3
1593564251,"2020-07-01 00:44:11",0,197,3,2,0,16,3,4,1,3
1593564311,"2020-07-01 00:45:11",0,199,60.294853,4.3080673,0,16,67,9,1,3
1593564371,"2020-07-01 00:46:11",0,195,54.34045,4.4226084,0,16,57,9,1,3
1593564431,"2020-07-01 00:47:11",0,197,25.299728,2,0,16,25,4,1,3
1593564491,"2020-07-01 00:48:11",0,198,4.988126,2,0,16,5,4,1,3
1593564551,"2020-07-01 00:49:11",0,197,3,2,0,16,3,4,1,3
1593564611,"2020-07-01 00:50:11",0,198,8.976397,2,0,16,9,4,1,3
1593564671,"2020-07-01 00:51:11",0,197,17.405659,2.031373,0,16,17,4,1,3
1593564731,"2020-07-01 00:52:11",0,201,48.97369,2.3017273,0,16,49,5,1,3
1593564791,"2020-07-01 00:53:11",0,200,3,2,0,16,3,4,1,3
1593564851,"2020-07-01 00:54:11",0,198,7.7435603,2,0,16,8,4,1,3
1593564911,"2020-07-01 00:55:11",0,200,16.443405,2,0,16,16,4,1,3
1593564971,"2020-07-01 00:56:11",0,199,3,2,0,16,3,4,1,3
1593565031,"2020-07-01 00:57:11",0,197,12.168217,2,0,16,12,4,1,3
1593565091,"2020-07-01 00:58:11",0,195,25.833973,2,0,16,26,4,1,3
1593565151,"2020-07-01 00:59:11",0,195,24.18095,2,0,16,24,4,1,3
1593565211,"2020-07-01 01:00:11",0,197,52.050526,2,0,16,53,4,1,3
1593565271,"2020-07-01 01:01:11",0,198,3,2,0,16,3,4,1,3
1593565331,"2020-07-01 01:02:11",0,195,98.063965,9.05456,0,16,111,18,1,3
1593565391,"2020-07-01 01:03:11",0,198,15.203858,2,0,16,15,4,1,3
1593565451,"2020-07-01 01:04:11",0,196,4.5081644,2,0,16,5,4,1,3
1593565511,"2020-07-01 01:05:11",0,198,16.815388,2,0,16,17,4,1,3
1593565571,"2020-07-01 01:06:11",0,203,6.392657,2,0,16,6,4,1,3
1593565631,"2020-07-01 01:07:11",0,198,3,2,0,16,3,4,1,3
1593565691,"2020-07-01 01:08:11",0,203,24.921452,2,0,16,25,4,1,3
1593565751,"2020-07-01 01:09:11",0,198,47.192043,3.2388735,0,16,47,6,1,3
1593565811,"2020-07-01 01:10:11",0,196,52.75841,3.0127144,0,16,55,6,1,3
1593565871,"2020-07-01 01:11:11",0,199,3,2,0,16,3,4,1,3
1593565931,"2020-07-01 01:12:11",0,196,22.576433,2,0,16,23,4,1,3
1593565991,"2020-07-01 01:13:11",0,196,7.306651,2,0,16,7,4,1,3
1593566051,"2020-07-01 01:14:11",0,198,15.725783,2,0,16,16,4,1,3
1593566111,"2020-07-01 01:15:11",0,197,3,2,0,16,3,4,1,3
1593566171,"2020-07-01 01:16:11",0,195,5.761689,2,0,16,6,4,1,3
1593566231,"2020-07-01 01:17:11",0,196,3,2,0,16,3,4,1,3
1593566291,"2020-07-01 01:18:11",0,195,3,2,0,16,3,4,1,3
1593566351,"2020-07-01 01:19:11",0,198,15.687584,2,0,16,16,4,1,3
1593566411,"2020-07-01 01:20:11",0,197,3,2,0,16,3,4,1,3
1593566471,"2020-07-01 01:21:11",0,196,43.678734,2.765359,0,16,44,6,1,3
1593566531,"2020-07-01 01:22:11",0,196,3,2,0,16,3,4,1,3
1593566591,"2020-07-01 01:23:11",0,196,39.57469,2.1410542,0,16,40,4,1,3
1593566651,"2020-07-01 01:24:11",0,191,3,2,0,15,3,4,1,3
1593566711,"2020-07-01 01:25:11",0,195,3,2,0,16,3,4,1,3
1593566771,"2020-07-01 01:26:11",0,199,9.759193,2,0,16,10,4,1,3
1593566831,"2020-07-01 01:27:11",0,195,19.438503,2,0,16,19,4,1,3
1593566891,"2020-07-01 01:28:11",0,196,27.545149,2.6083488,0,16,28,5,1,3
1593566951,"2020-07-01 01:29:11",0,196,42.526318,2,0,16,43,4,1,3
1593567011,"2020-07-01 01:30:11",0,196,12.163314,2,0,16,12,4,1,3
1593567071,"2020-07-01 01:31:11",0,194,11.270594,2,0,16,11,4,1,3
1593567131,"2020-07-01 01:32:11",0,196,3,2,0,16,3,4,1,3
1593567191,"2020-07-01 01:33:11",0,198,11.192066,2,0,16,11,4,1,3
1593567251,"2020-07-01 01:34:11",0,193,16.614697,2,0,15,17,4,1,3
1593567311,"2020-07-01 01:35:11",0,195,3,2,0,16,3,4,1,3
1593567371,"2020-07-01 01:36:11",0,195,38.51316,2.0059233,0,16,39,4,1,3
1593567431,"2020-07-01 01:37:11",0,198,25.534668,2,0,16,26,4,1,3
1593567491,"2020-07-01 01:38:11",0,194,3,2,0,16,3,4,1,3
1593567551,"2020-07-01 01:39:11",0,195,9.050096,2,0,16,9,4,1,3
1593567611,"2020-07-01 01:40:11",0,195,3,2,0,16,3,4,1,3
1593567731,"2020-07-01 01:42:11",0,196,16.618422,2,0,16,17,4,1,3
1593567791,"2020-07-01 01:43:11",0,198,18.57025,2,0,16,19,4,1,3
1593567851,"2020-07-01 01:44:11",0,196,90.86017,5.623396,0,16,107,11,1,3
1593567911,"2020-07-01 01:45:11",0,196,13.955714,2,0,16,14,4,1,3
1593567971,"2020-07-01 01:46:11",0,0,31.020195,2,0,0,31,4,1,3
1593568031,"2020-07-01 01:47:11",0,197,11.6315565,2,0,16,12,4,1,3
1593568091,"2020-07-01 01:48:11",0,194,31.51012,2,0,16,32,4,1,3
1593568151,"2020-07-01 01:49:11",0,194,3,2,0,16,3,4,1,3
1593568211,"2020-07-01 01:50:11",0,195,83.79769,5.079501,0,16,102,10,1,3
1593568271,"2020-07-01 01:51:11",0,195,40.943283,2,0,16,41,4,1,3
1593568331,"2020-07-01 01:52:11",0,199,3,2,0,16,3,4,1,3
1593568391,"2020-07-01 01:53:11",0,197,3,2,0,16,3,4,1,3
1593568451,"2020-07-01 01:54:11",0,195,23.735489,2,0,16,24,4,1,3
1593568511,"2020-07-01 01:55:11",0,193,3,2,0,15,3,4,1,3
1593568571,"2020-07-01 01:56:11",0,195,3,2,0,16,3,4,1,3
1593568631,"2020-07-01 01:57:11",0,195,3,2,0,16,3,4,1,3
1593568691,"2020-07-01 01:58:11",0,195,21.159647,2,0,16,21,4,1,3
1593568751,"2020-07-01 01:59:11",0,193,3,2,0,15,3,4,1,3
1593568811,"2020-07-01 02:00:11",0,190,43.87992,2.743864,0,15,44,5,1,3
1593568871,"2020-07-01 02:01:11",0,196,31.33606,2,0,16,31,4,1,3
1593568931,"2020-07-01 02:02:11",0,194,25.1116,2,0,16,25,4,1,3
1593568991,"2020-07-01 02:03:11",0,191,10.651636,2,0,15,11,4,1,3
1593569051,"2020-07-01 02:04:11",0,196,3,2,0,16,3,4,1,3
1593569111,"2020-07-01 02:05:11",0,188,3.6824028,2,0,15,4,4,1,3
1593569171,"2020-07-01 02:06:11",0,192,13.071763,2,0,15,13,4,1,3
1593569231,"2020-07-01 02:07:11",0,193,57.106415,4.0718594,0,15,62,8,1,3
1593569291,"2020-07-01 02:08:11",0,191,5.910756,2,0,15,6,4,1,3
1593569351,"2020-07-01 02:09:11",0,188,22.009214,2,0,15,22,4,1,3
1593569411,"2020-07-01 02:10:11",0,192,22.794079,2.037301,0,15,23,4,1,3
1593569471,"2020-07-01 02:11:11",0,190,48.820164,2.7164726,0,15,49,5,1,3
1593569531,"2020-07-01 02:12:11",0,192,31.63907,2,0,15,32,4,1,3
1593569591,"2020-07-01 02:13:11",0,190,46.130394,2.3739548,0,15,46,5,1,3
1593569651,"2020-07-01 02:14:11",0,190,36.314606,2,0,15,36,4,1,3
1593569711,"2020-07-01 02:15:11",0,189,18.987186,2,0,15,19,4,1,3
1593569771,"2020-07-01 02:16:11",0,191,12.428522,2,0,15,12,4,1,3
1593569831,"2020-07-01 02:17:11",0,190,3,2,0,15,3,4,1,3
1593569891,"2020-07-01 02:18:11",0,191,3,2,0,15,3,4,1,3
1593569951,"2020-07-01 02:19:11",0,192,23.510015,2,0,15,24,4,1,3
1593570011,"2020-07-01 02:20:11",0,190,7.8663106,2,0,15,8,4,1,3
1593570071,"2020-07-01 02:21:11",0,191,3,2,0,15,3,4,1,3
1593570131,"2020-07-01 02:22:11",0,191,3,2,0,15,3,4,1,3
1593570191,"2020-07-01 02:23:11",0,189,10.165285,2,0,15,10,4,1,3
1593570251,"2020-07-01 02:24:11",0,193,3,2,0,15,3,4,1,3
1593570311,"2020-07-01 02:25:11",0,191,15.931108,2,0,15,16,4,1,3
1593570371,"2020-07-01 02:26:11",0,188,21.677628,2,0,15,22,4,1,3
1593570431,"2020-07-01 02:27:11",0,193,10.408376,2,0,15,10,4,1,3
1593570491,"2020-07-01 02:28:11",0,190,15.990834,2,0,15,16,4,1,3
1593570551,"2020-07-01 02:29:11",0,187,15.879672,2,0,15,16,4,1,3
1593570611,"2020-07-01 02:30:11",0,187,38.63244,5.6914577,0,15,39,11,4,9
1593570671,"2020-07-01 02:31:11",0,188,86.6611,5.5855646,0,15,104,11,1,3
1593570731,"2020-07-01 02:32:11",1,186,42.274635,3.1398678,1,15,42,6,1,3
1593570791,"2020-07-01 02:33:11",1,187,77.45646,6.063609,1,15,96,12,1,3
1593570851,"2020-07-01 02:34:11",1,186,6.37823,2,1,15,6,4,1,3
1593570911,"2020-07-01 02:35:11",0,189,15.42597,2,0,15,15,4,1,3
1593570971,"2020-07-01 02:36:11",0,189,72.3516,5.2617874,0,15,87,11,1,3
1593571031,"2020-07-01 02:37:11",1,190,3,2,1,15,3,4,1,3
1593571091,"2020-07-01 02:38:11",1,186,103.49898,7.6917305,1,15,115,15,1,3
1593571151,"2020-07-01 02:39:11",0,185,3,2,0,15,3,4,1,3
1593571211,"2020-07-01 02:40:11",1,185,34.263245,2.6910696,1,15,34,5,1,3
1593571271,"2020-07-01 02:41:11",1,187,11.98241,2,1,15,12,4,1,3
1593571331,"2020-07-01 02:42:11",0,184,11.955483,2,0,15,12,4,1,3
1593571391,"2020-07-01 02:43:11",1,186,4.0178423,2,1,15,4,4,1,3
1593571451,"2020-07-01 02:44:11",1,188,5.1758146,2,1,15,5,4,1,3
1593571511,"2020-07-01 02:45:11",1,187,6.6994195,2,1,15,7,4,1,3
1593571571,"2020-07-01 02:46:11",0,188,33.99803,2.3057375,0,15,34,5,1,3
1593571631,"2020-07-01 02:47:11",0,186,13.537475,2,0,15,14,4,1,3
1593571691,"2020-07-01 02:48:11",1,187,3,2,1,15,3,4,1,3
1593571751,"2020-07-01 02:49:11",1,185,3,2,1,15,3,4,1,3
1593571811,"2020-07-01 02:50:11",0,187,34.221554,2.7022715,0,15,34,5,1,3
1593571871,"2020-07-01 02:51:11",0,187,18.88182,2,0,15,19,4,1,3
1593571931,"2020-07-01 02:52:11",0,186,9.239156,2,0,15,9,4,1,3
1593571991,"2020-07-01 02:53:11",1,187,20.175438,2.1262274,1,15,20,4,1,3
1593572051,"2020-07-01 02:54:11",1,187,16.71714,2,1,15,17,4,1,3
1593572111,"2020-07-01 02:55:11",1,183,51.046677,4.243782,1,15,52,8,1,3
1593572171,"2020-07-01 02:56:11",0,184,21.397049,2,0,15,21,4,1,3
1593572231,"2020-07-01 02:57:11",1,183,3,2,1,15,3,4,1,3
1593572291,"2020-07-01 02:58:11",1,184,95.11326,7.776605,1,15,109,16,1,3
1593572351,"2020-07-01 02:59:11",2,184,29.715939,2.8062067,2,15,30,6,1,3
1593572411,"2020-07-01 03:00:11",1,181,39.406822,5.4746633,1,14,39,11,3,8
1593572471,"2020-07-01 03:01:11",1,181,34.26984,2.1177893,1,14,34,4,1,3
1593572531,"2020-07-01 03:02:11",1,182,50.407436,3.422451,1,15,51,7,1,3
1593572591,"2020-07-01 03:03:11",2,179,12.105192,2,2,14,12,4,1,3
1593572651,"2020-07-01 03:04:11",2,185,11.073502,2,2,15,11,4,1,3
1593572711,"2020-07-01 03:05:11",1,181,58.31068,2.2141504,1,14,64,4,1,3
1593572771,"2020-07-01 03:06:11",1,182,35.489147,2.8470955,1,15,35,6,1,3
1593572831,"2020-07-01 03:07:11",1,181,30.236145,2,1,14,30,4,1,3
1593572891,"2020-07-01 03:08:11",1,181,45.329994,2.55484,1,14,45,5,1,3
1593572951,"2020-07-01 03:09:11",2,182,7.5821505,2,2,15,8,4,1,3
1593573011,"2020-07-01 03:10:11",2,181,43.99388,3.6289692,2,14,44,7,1,3
1593573071,"2020-07-01 03:11:11",1,180,62.98861,4.63398,1,14,72,9,1,3
1593573131,"2020-07-01 03:12:11",1,183,38.118202,2.3849,1,15,38,5,1,3
1593573191,"2020-07-01 03:13:11",1,181,68.10235,4.3214483,1,14,80,9,1,3
1593573251,"2020-07-01 03:14:11",1,180,30.8595,2.3947678,1,14,31,5,1,3
1593573311,"2020-07-01 03:15:11",2,179,62.918404,4.4632816,2,14,72,9,1,3
1593573371,"2020-07-01 03:16:11",1,180,62.026485,4.1913824,1,14,70,8,1,3
1593573431,"2020-07-01 03:17:11",1,182,18.962255,2,1,15,19,4,1,3
1593573491,"2020-07-01 03:18:11",1,181,25.837687,2,1,14,26,4,1,3
1593573551,"2020-07-01 03:19:11",1,182,23.95991,2,1,15,24,4,1,3
1593573611,"2020-07-01 03:20:11",2,181,16.053967,2,2,14,16,4,1,3
1593573671,"2020-07-01 03:21:11",1,183,25.098476,2,1,15,25,4,1,3
1593573731,"2020-07-01 03:22:11",1,181,28.62173,2.9288397,1,14,29,6,1,3
1593573791,"2020-07-01 03:23:11",1,182,92.92045,6.076112,1,15,108,12,1,3
1593573851,"2020-07-01 03:24:11",0,181,56.943245,3.2331276,0,14,62,6,1,3
1593573911,"2020-07-01 03:25:11",1,181,61.00944,3.5810957,1,14,68,7,1,3
1593573971,"2020-07-01 03:26:11",2,183,44.07184,2.2327023,2,15,44,4,1,3
1593574031,"2020-07-01 03:27:11",1,181,15.491065,2,1,14,15,4,1,3
1593574091,"2020-07-01 03:28:11",2,184,10.322912,2,2,15,10,4,1,3
1593574151,"2020-07-01 03:29:11",1,183,15.330788,2,1,15,15,4,1,3
1593574211,"2020-07-01 03:30:11",2,181,63.38257,3.477687,2,14,72,7,1,3
1593574271,"2020-07-01 03:31:11",1,184,29.732159,2,1,15,30,4,1,3
1593574331,"2020-07-01 03:32:11",2,183,15.204287,2,2,15,15,4,1,3
1593574391,"2020-07-01 03:33:11",2,181,10.624558,2,2,14,11,4,1,3
1593574451,"2020-07-01 03:34:11",1,182,10.795441,2,1,15,11,4,1,3
1593574511,"2020-07-01 03:35:11",0,183,21.588167,2,0,15,22,4,1,3
1593574571,"2020-07-01 03:36:11",1,183,27.051239,2.1019526,1,15,27,4,1,3
1593574631,"2020-07-01 03:37:11",1,182,22.29127,2.060522,1,15,22,4,1,3
1593574691,"2020-07-01 03:38:11",1,182,59.54296,4.440378,1,15,66,9,1,3
1593574751,"2020-07-01 03:39:11",1,185,3,2,1,15,3,4,1,3
1593574811,"2020-07-01 03:40:11",1,180,3,2,1,14,3,4,1,3
1593574871,"2020-07-01 03:41:11",2,182,39.543182,2.9344635,2,15,40,6,1,3
1593574931,"2020-07-01 03:42:11",1,180,38.71096,2.7397165,1,14,39,5,1,3
1593574991,"2020-07-01 03:43:11",1,183,33.91995,2.1891098,1,15,34,4,1,3
1593575051,"2020-07-01 03:44:11",1,182,3,2,1,15,3,4,1,3
1593575111,"2020-07-01 03:45:11",1,184,20.903421,2,1,15,21,4,1,3
1593575171,"2020-07-01 03:46:11",2,186,12.671127,2,2,15,13,4,1,3
1593575231,"2020-07-01 03:47:11",0,182,10.136609,2,0,15,10,4,1,3
1593575291,"2020-07-01 03:48:11",1,181,15.80348,2,1,14,16,4,1,3
1593575351,"2020-07-01 03:49:11",2,184,29.53557,2,2,15,30,4,1,3
1593575411,"2020-07-01 03:50:11",2,182,87.986404,6.758176,2,15,105,14,1,3
1593575471,"2020-07-01 03:51:11",2,181,3,2,2,14,3,4,1,3
1593575531,"2020-07-01 03:52:11",2,181,20.85775,2,2,14,21,4,1,3
1593575591,"2020-07-01 03:53:11",2,181,3.0339189,2,2,14,3,4,1,3
1593575651,"2020-07-01 03:54:11",2,180,7.109446,2,2,14,7,4,1,3
1593575711,"2020-07-01 03:55:11",2,184,20.950943,2,2,15,21,4,1,3
1593575771,"2020-07-01 03:56:11",2,181,3,2,2,14,3,4,1,3
1593575831,"2020-07-01 03:57:11",0,182,10.837467,2,0,15,11,4,1,3
1593575891,"2020-07-01 03:58:11",2,180,10.468888,2,2,14,10,4,1,3
1593575951,"2020-07-01 03:59:11",2,180,3,2,2,14,3,4,1,3
1593576011,"2020-07-01 04:00:11",2,179,41.53394,3.0739794,2,14,42,6,1,3
1593576071,"2020-07-01 04:01:11",2,184,101.364685,5.6638136,2,15,113,11,1,3
1593576131,"2020-07-01 04:02:11",2,181,3,2,2,14,3,4,1,3
1593576251,"2020-07-01 04:04:11",3,182,35.228462,2,3,15,35,4,1,3
1593576311,"2020-07-01 04:05:11",2,180,3,2,2,14,3,4,1,3
1593576371,"2020-07-01 04:06:11",2,180,21.448793,2,2,14,21,4,1,3
1593576431,"2020-07-01 04:07:11",0,0,3,2,0,0,3,4,1,3
1593576491,"2020-07-01 04:08:11",2,180,3,2,2,14,3,4,1,3
1593576551,"2020-07-01 04:09:11",3,180,3,2,3,14,3,4,1,3
1593576611,"2020-07-01 04:10:11",2,181,89.07496,5.6013565,2,14,106,11,1,3
1593576671,"2020-07-01 04:11:11",2,177,17.150085,2,2,14,17,4,1,3
1593576731,"2020-07-01 04:12:11",2,180,49.478634,2,2,14,49,4,1,3
1593576791,"2020-07-01 04:13:11",3,182,46.278427,3.6480665,3,15,46,7,1,3
1593576851,"2020-07-01 04:14:11",3,181,8.684689,2,3,14,9,4,1,3
1593576911,"2020-07-01 04:15:11",2,180,39.55065,4.047407,2,14,40,8,1,3
1593576971,"2020-07-01 04:16:11",3,177,3,2,3,14,3,4,1,3
1593577031,"2020-07-01 04:17:11",0,181,94.8699,7.634777,0,14,109,15,1,3
1593577091,"2020-07-01 04:18:11",3,178,16.192596,2,3,14,16,4,1,3
1593577151,"2020-07-01 04:19:11",3,183,64.69847,3.311924,3,15,74,7,1,3
1593577211,"2020-07-01 04:20:11",2,177,17.985765,2,2,14,18,4,1,3
1593577271,"2020-07-01 04:21:11",4,182,20.88433,2,3,15,21,4,1,3
1593577331,"2020-07-01 04:22:11",0,178,3,2,0,14,3,4,1,3
1593577391,"2020-07-01 04:23:11",3,178,54.36496,3.6454678,3,14,57,7,1,3
1593577451,"2020-07-01 04:24:11",2,177,29.730743,2,2,14,30,4,1,3
1593577511,"2020-07-01 04:25:11",3,181,11.870177,2,3,14,12,4,1,3
1593577571,"2020-07-01 04:26:11",4,182,72.55541,4.152338,4,15,88,8,1,3
1593577631,"2020-07-01 04:27:11",2,179,85.21035,5.6771555,2,14,103,11,1,3
1593577691,"2020-07-01 04:28:11",4,180,99.11098,7.9535265,4,14,112,16,1,3
1593577751,"2020-07-01 04:29:11",4,181,11.776312,2,4,14,12,4,1,3
1593577811,"2020-07-01 04:30:11",3,181,3,2,3,14,3,4,1,3
1593577871,"2020-07-01 04:31:11",4,177,3,2,4,14,3,4,1,3
1593577931,"2020-07-01 04:32:11",3,178,9.48732,2,3,14,9,4,1,3
1593577991,"2020-07-01 04:33:11",2,177,59.899998,3.7165413,2,14,67,7,1,3
1593578051,"2020-07-01 04:34:11",3,178,29.553196,2.7165594,3,14,30,5,1,3
1593578111,"2020-07-01 04:35:11",3,182,12.15138,2,3,15,12,4,1,3
1593578171,"2020-07-01 04:36:11",4,178,46.466076,2.7550697,4,14,46,6,1,3
1593578231,"2020-07-01 04:37:11",3,181,3,2,3,14,3,4,1,3
1593578291,"2020-07-01 04:38:11",4,180,3,2,4,14,3,4,1,3
1593578351,"2020-07-01 04:39:11",3,178,3,2,3,14,3,4,1,3
1593578411,"2020-07-01 04:40:11",3,178,85.7478,6.0097675,3,14,104,12,1,3
1593578471,"2020-07-01 04:41:11",4,177,73.82384,3.9972153,4,14,90,8,1,3
1593578531,"2020-07-01 04:42:11",3,175,41.46992,2,3,14,41,4,1,3
1593578591,"2020-07-01 04:43:11",3,181,16.071,2,3,14,16,4,1,3
1593578651,"2020-07-01 04:44:11",3,179,61.14602,4.0071974,3,14,69,8,1,3
1593578711,"2020-07-01 04:45:11",4,183,3,2,4,15,3,4,1,3
1593578771,"2020-07-01 04:46:11",3,179,3,2,3,14,3,4,1,3
1593578831,"2020-07-01 04:47:11",3,181,27.246527,2.2967033,3,14,27,5,1,3
1593578891,"2020-07-01 04:48:11",4,180,11.741605,2,4,14,12,4,1,3
1593578951,"2020-07-01 04:49:11",3,178,28.575483,2.0874214,3,14,29,4,1,3
1593579011,"2020-07-01 04:50:11",2,178,47.100952,2,2,14,47,4,1,3
1593579071,"2020-07-01 04:51:11",4,179,36.503754,2,3,14,37,4,1,3
1593579131,"2020-07-01 04:52:11",3,180,57.526443,4.6621456,3,14,63,9,1,3
1593579191,"2020-07-01 04:53:11",2,181,46.66336,4.3747807,2,14,47,9,1,3
1593579251,"2020-07-01 04:54:11",4,180,63.712227,4.1126432,3,14,73,8,1,3
1593579311,"2020-07-01 04:55:11",3,180,3,2,3,14,3,4,1,3
1593579371,"2020-07-01 04:56:11",4,179,39.230515,2.070053,3,14,39,4,1,3
1593579431,"2020-07-01 04:57:11",4,180,5.409287,2,3,14,5,4,1,3
1593579491,"2020-07-01 04:58:11",2,178,25.464216,2,2,14,25,4,1,3
1593579551,"2020-07-01 04:59:11",3,177,3,2,3,14,3,4,1,3
1593579611,"2020-07-01 05:00:11",3,181,13.433701,2,3,14,13,4,1,3
1593579671,"2020-07-01 05:01:11",3,179,3,2,3,14,3,4,1,3
1593579731,"2020-07-01 05:02:11",3,180,3,2,3,14,3,4,1,3
1593579791,"2020-07-01 05:03:11",3,179,12.25808,2,3,14,12,4,1,3
1593579851,"2020-07-01 05:04:11",3,182,14.087535,2,3,15,14,4,1,3
1593579911,"2020-07-01 05:05:11",3,184,38.6877,2,3,15,39,4,1,3
1593579971,"2020-07-01 05:06:11",3,179,10.203806,2,3,14,10,4,1,3
1593580031,"2020-07-01 05:07:11",3,181,3,2,3,14,3,4,1,3
1593580091,"2020-07-01 05:08:11",2,180,8.509054,2,2,14,9,4,1,3
1593580151,"2020-07-01 05:09:11",4,181,3,2,3,14,3,4,1,3
1593580211,"2020-07-01 05:10:11",3,187,14.3153305,2,3,15,14,4,1,3
1593580271,"2020-07-01 05:11:11",4,187,3,2,3,15,3,4,1,3
1593580331,"2020-07-01 05:12:11",2,190,18.554068,2,2,15,19,4,1,3
1593580391,"2020-07-01 05:13:11",4,193,8.40596,2,3,15,8,4,1,3
1593580451,"2020-07-01 05:14:11",2,191,3,2,2,15,3,4,1,3
1593580511,"2020-07-01 05:15:11",2,193,6.872744,2,2,15,7,4,1,3
1593580571,"2020-07-01 05:16:11",3,190,3,2,3,15,3,4,1,3
1593580631,"2020-07-01 05:17:11",3,187,3,2,3,15,3,4,1,3
1593580691,"2020-07-01 05:18:11",3,184,3,2,3,15,3,4,1,3
1593580751,"2020-07-01 05:19:11",3,188,3,2,3,15,3,4,1,3
1593580811,"2020-07-01 05:20:11",2,185,3,2,2,15,3,4,1,3
1593580871,"2020-07-01 05:21:11",3,189,3,2,3,15,3,4,1,3
1593580931,"2020-07-01 05:22:11",3,186,3,2,3,15,3,4,1,3
1593580991,"2020-07-01 05:23:11",3,181,54.899025,4.3135767,3,14,58,9,1,3
1593581051,"2020-07-01 05:24:11",4,181,36.631435,3.0060759,3,14,37,6,1,3
1593581111,"2020-07-01 05:25:11",3,185,3,2,3,15,3,4,1,3
1593581171,"2020-07-01 05:26:11",2,184,37.753845,2.7574348,2,15,38,6,1,3
1593581231,"2020-07-01 05:27:11",2,181,3,2,2,14,3,4,1,3
1593581291,"2020-07-01 05:28:11",3,182,61.739822,4.6003733,3,15,70,9,1,3
1593581351,"2020-07-01 05:29:11",3,184,52.16044,4.012061,3,15,54,8,1,3
1593581411,"2020-07-01 05:30:11",3,182,3,2,3,15,3,4,1,3
1593581471,"2020-07-01 05:31:11",3,182,3,2,3,15,3,4,1,3
1593581531,"2020-07-01 05:32:11",4,183,31.971922,2.8724308,3,15,32,6,1,3
1593581591,"2020-07-01 05:33:11",3,177,3,2,3,14,3,4,1,3
1593581651,"2020-07-01 05:34:11",4,181,3,2,3,14,3,4,1,3
1593581711,"2020-07-01 05:35:11",4,178,3,2,3,14,3,4,1,3
1593581771,"2020-07-01 05:36:11",4,181,4.053065,2,3,14,4,4,1,3
1593581831,"2020-07-01 05:37:11",4,183,8.167856,2,3,15,8,4,1,3
1593581891,"2020-07-01 05:38:11",4,184,3,2,3,15,3,4,1,3
1593581951,"2020-07-01 05:39:11",3,185,11.699314,2,3,15,12,4,1,3
1593582011,"2020-07-01 05:40:11",3,184,15.184604,2,3,15,15,4,1,3
1593582071,"2020-07-01 05:41:11",4,184,72.34859,5.3528023,3,15,87,11,1,3
1593582131,"2020-07-01 05:42:11",4,187,8.652928,2,3,15,9,4,1,3
1593582191,"2020-07-01 05:43:11",4,185,3,2,3,15,3,4,1,3
1593582251,"2020-07-01 05:44:11",3,185,3,2,3,15,3,4,1,3
1593582311,"2020-07-01 05:45:11",4,189,15.9298935,2,3,15,16,4,1,3
1593582371,"2020-07-01 05:46:11",4,183,24.741383,3.082635,3,15,25,6,1,3
1593582431,"2020-07-01 05:47:11",4,182,36.03345,2.30231,3,15,36,5,1,3
1593582491,"2020-07-01 05:48:11",4,181,37.926323,2,3,14,38,4,1,3
1593582551,"2020-07-01 05:49:11",4,185,12.5603485,2,3,15,13,4,1,3
1593582611,"2020-07-01 05:50:11",3,190,46.535324,3.4538898,3,15,47,7,1,3
1593582671,"2020-07-01 05:51:11",3,193,3,2,3,15,3,4,1,3
1593582731,"2020-07-01 05:52:11",2,192,3,2,2,15,3,4,1,3
1593582791,"2020-07-01 05:53:11",4,194,3,2,3,16,3,4,1,3
1593582851,"2020-07-01 05:54:11",4,191,11.648582,2,3,15,12,4,1,3
1593582911,"2020-07-01 05:55:11",4,190,3,2,3,15,3,4,1,3
1593582971,"2020-07-01 05:56:11",4,188,20.392637,2,3,15,20,4,1,3
1593583031,"2020-07-01 05:57:11",4,186,20.952705,2,3,15,21,4,1,3
1593583091,"2020-07-01 05:58:11",3,186,3,2,3,15,3,4,1,3
1593583151,"2020-07-01 05:59:11",4,181,3,2,3,14,3,4,1,3
1593583211,"2020-07-01 06:00:11",4,186,3,2,3,15,3,4,1,3
1593583271,"2020-07-01 06:01:11",4,181,41.65789,2.5924969,3,14,42,5,1,3
1593583331,"2020-07-01 06:02:11",4,180,22.01972,2,3,14,22,4,1,3
1593583391,"2020-07-01 06:03:11",4,178,17.409489,2,3,14,17,4,1,3
1593583451,"2020-07-01 06:04:11",5,179,14.855509,2,4,14,15,4,1,3
1593583511,"2020-07-01 06:05:11",5,178,27.99645,2,4,14,28,4,1,3
1593583571,"2020-07-01 06:06:11",4,178,16.429958,2,3,14,16,4,1,3
1593583631,"2020-07-01 06:07:11",0,179,33.941647,2,0,14,34,4,1,3
1593583691,"2020-07-01 06:08:11",5,180,49.080822,2.362359,4,14,49,5,1,3
1593583751,"2020-07-01 06:09:11",4,180,16.393711,2,3,14,16,4,1,3
1593583811,"2020-07-01 06:10:11",5,176,3,2,4,14,3,4,1,3
1593583871,"2020-07-01 06:11:11",5,180,84.83127,4.211397,4,14,103,8,1,3
1593583931,"2020-07-01 06:12:11",5,179,48.96585,2.9951067,4,14,49,6,1,3
1593583991,"2020-07-01 06:13:11",6,180,108.236664,6.2238626,5,14,118,12,1,3
1593584051,"2020-07-01 06:14:11",6,179,35.70765,4.0638666,5,14,36,8,1,3
1593584111,"2020-07-01 06:15:11",6,178,44.75082,3.4451609,5,14,45,7,1,3
1593584171,"2020-07-01 06:16:11",6,177,28.776827,2.0633602,5,14,29,4,1,3
1593584231,"2020-07-01 06:17:11",0,184,3,2,0,15,3,4,1,3
1593584291,"2020-07-01 06:18:11",3,196,3,2,3,16,3,4,1,3
1593584351,"2020-07-01 06:19:11",2,209,11.542002,2,2,17,12,4,1,3
1593584411,"2020-07-01 06:20:11",1,207,3,2,1,17,3,4,1,3
1593584471,"2020-07-01 06:21:11",1,215,3.0177803,2,0,17,3,4,1,3
1593584531,"2020-07-01 06:22:11",0,219,3,2,0,18,3,4,1,3
1593584591,"2020-07-01 06:23:11",1,222,3,2,1,18,3,4,1,3
1593584651,"2020-07-01 06:24:11",0,223,3,2,0,18,3,4,1,3
1593584771,"2020-07-01 06:26:11",0,227,3,2,0,18,3,4,1,3
1593584831,"2020-07-01 06:27:11",0,230,3,2,0,18,3,4,1,3
1593584891,"2020-07-01 06:28:11",0,230,3,2,0,18,3,4,1,3
1593584951,"2020-07-01 06:29:11",0,0,3,2,0,0,3,4,1,3
1593585011,"2020-07-01 06:30:11",0,231,3,2,0,18,3,4,1,3
1593585071,"2020-07-01 06:31:11",0,231,3,2,0,18,3,4,1,3
1593585131,"2020-07-01 06:32:11",0,233,3,2,0,19,3,4,1,3
1593585191,"2020-07-01 06:33:11",0,237,24.929865,2.6820621,0,19,25,5,1,3
1593585251,"2020-07-01 06:34:11",0,237,3,2,0,19,3,4,1,3
1593585311,"2020-07-01 06:35:11",0,237,3,2,0,19,3,4,1,3
1593585371,"2020-07-01 06:36:11",0,239,3,2,0,19,3,4,1,3
1593585431,"2020-07-01 06:37:11",0,239,3,2,0,19,3,4,1,3
1593585491,"2020-07-01 06:38:11",0,239,3,2,0,19,3,4,1,3
1593585551,"2020-07-01 06:39:11",0,239,3,2,0,19,3,4,1,3
1593585611,"2020-07-01 06:40:11",0,242,3,2,0,19,3,4,1,3
1593585671,"2020-07-01 06:41:11",0,240,3,2,0,19,3,4,1,3
1593585731,"2020-07-01 06:42:11",0,247,3,2,0,20,3,4,1,3
1593585791,"2020-07-01 06:43:11",0,243,3,2,0,19,3,4,1,3
1593585851,"2020-07-01 06:44:11",0,239,3,2,0,19,3,4,1,3
1593585911,"2020-07-01 06:45:11",0,244,10.313094,2.1904707,0,20,10,4,1,3
1593585971,"2020-07-01 06:46:11",0,242,3,2,0,19,3,4,1,3
1593586031,"2020-07-01 06:47:11",0,248,4.281024,2,0,20,4,4,1,3
1593586091,"2020-07-01 06:48:11",0,241,3,2,0,19,3,4,1,3
1593586151,"2020-07-01 06:49:11",0,244,3,2,0,20,3,4,1,3
1593586211,"2020-07-01 06:50:11",0,247,3,2,0,20,3,4,1,3
1593586271,"2020-07-01 06:51:11",0,244,3,2,0,20,3,4,1,3
1593586331,"2020-07-01 06:52:11",0,245,6.714192,2,0,20,7,4,1,3
1593586391,"2020-07-01 06:53:11",0,246,3,2,0,20,3,4,1,3
1593586451,"2020-07-01 06:54:11",0,247,3,2,0,20,3,4,1,3
1593586511,"2020-07-01 06:55:11",0,249,3,2,0,20,3,4,1,3
1593586571,"2020-07-01 06:56:11",0,247,3,2,0,20,3,4,1,3
1593586631,"2020-07-01 06:57:11",0,247,3,2,0,20,3,4,1,3
1593586691,"2020-07-01 06:58:11",0,250,3,2,0,20,3,4,1,3
1593586751,"2020-07-01 06:59:11",0,245,3,2,0,20,3,4,1,3
1593586811,"2020-07-01 07:00:11",0,246,3,2,0,20,3,4,1,3
1593586871,"2020-07-01 07:01:11",0,244,3,2,0,20,3,4,1,3
1593586931,"2020-07-01 07:02:11",0,246,3,2,0,20,3,4,1,3
1593586991,"2020-07-01 07:03:11",0,249,3,2,0,20,3,4,1,3
1593587051,"2020-07-01 07:04:11",0,248,3,2,0,20,3,4,1,3
1593587111,"2020-07-01 07:05:11",0,244,9.825918,2,0,20,10,4,1,3
1593587171,"2020-07-01 07:06:11",0,249,16.537529,2,0,20,17,4,1,3
1593587231,"2020-07-01 07:07:11",0,248,3,2,0,20,3,4,1,3
1593587291,"2020-07-01 07:08:11",0,248,3,2,0,20,3,4,1,3
1593587351,"2020-07-01 07:09:11",0,250,15.5583315,2,0,20,16,4,1,3
1593587411,"2020-07-01 07:10:11",0,253,3,2,0,20,3,4,1,3
1593587471,"2020-07-01 07:11:11",0,251,3,2,0,20,3,4,1,3
1593587531,"2020-07-01 07:12:11",0,252,3,2,0,20,3,4,1,3
1593587591,"2020-07-01 07:13:11",0,253,3,2,0,20,3,4,1,3
1593587651,"2020-07-01 07:14:11",0,250,3,2,0,20,3,4,1,3
1593587711,"2020-07-01 07:15:11",0,250,3,2,0,20,3,4,1,3
1593587771,"2020-07-01 07:16:11",0,249,8.494124,2,0,20,8,4,1,3
1593587831,"2020-07-01 07:17:11",0,249,7.810783,2,0,20,8,4,1,3
1593587891,"2020-07-01 07:18:11",0,255,3,2,0,20,3,4,1,3
1593587951,"2020-07-01 07:19:11",0,257,3,2,0,21,3,4,1,3
1593588011,"2020-07-01 07:20:11",0,255,3,2,0,20,3,4,1,3
1593588071,"2020-07-01 07:21:11",0,256,19.707672,2,0,20,20,4,1,3
1593588131,"2020-07-01 07:22:11",0,255,3.5447035,2,0,20,4,4,1,3
1593588191,"2020-07-01 07:23:11",0,254,3,2,0,20,3,4,1,3
1593588251,"2020-07-01 07:24:11",0,251,3,2,0,20,3,4,1,3
1593588311,"2020-07-01 07:25:11",0,253,3,2,0,20,3,4,1,3
1593588371,"2020-07-01 07:26:11",0,260,8.715757,2,0,21,9,4,1,3
1593588431,"2020-07-01 07:27:11",0,254,4.9712887,2,0,20,5,4,1,3
1593588491,"2020-07-01 07:28:11",0,257,3,2,0,21,3,4,1,3
1593588551,"2020-07-01 07:29:11",0,257,3,2,0,21,3,4,1,3
1593588611,"2020-07-01 07:30:11",0,254,3,2,0,20,3,4,1,3
1593588671,"2020-07-01 07:31:11",0,259,3,2,0,21,3,4,1,3
1593588731,"2020-07-01 07:32:11",0,256,3,2,0,20,3,4,1,3
1593588791,"2020-07-01 07:33:11",0,263,3,2,0,21,3,4,1,3
1593588851,"2020-07-01 07:34:11",0,256,22.34174,2,0,20,22,4,1,3
1593588911,"2020-07-01 07:35:11",0,257,3,2,0,21,3,4,1,3
1593588971,"2020-07-01 07:36:11",0,257,23.675623,2,0,21,24,4,1,3
1593589031,"2020-07-01 07:37:11",0,257,3,2,0,21,3,4,1,3
1593589091,"2020-07-01 07:38:11",0,261,3,2,0,21,3,4,1,3
1593589151,"2020-07-01 07:39:11",0,258,3,2,0,21,3,4,1,3
1593589211,"2020-07-01 07:40:11",0,260,3,2,0,21,3,4,1,3
1593589271,"2020-07-01 07:41:11",0,258,3,2,0,21,3,4,1,3
1593589331,"2020-07-01 07:42:11",0,261,11.566983,2,0,21,12,4,1,3
1593589391,"2020-07-01 07:43:11",1,261,3,2,1,21,3,4,1,3
1593589451,"2020-07-01 07:44:11",1,258,3,2,1,21,3,4,1,3
1593589511,"2020-07-01 07:45:11",0,260,3,2,0,21,3,4,1,3
1593589571,"2020-07-01 07:46:11",0,263,3,2,0,21,3,4,1,3
1593589631,"2020-07-01 07:47:11",1,259,3,2,1,21,3,4,1,3
1593589691,"2020-07-01 07:48:11",1,256,3,2,1,20,3,4,1,3
1593589751,"2020-07-01 07:49:11",1,259,6.0006194,2,1,21,6,4,1,3
1593589811,"2020-07-01 07:50:11",1,259,3,2,1,21,3,4,1,3
1593589871,"2020-07-01 07:51:11",1,261,3,2,1,21,3,4,1,3
1593589931,"2020-07-01 07:52:11",1,261,5.5969057,2,1,21,6,4,1,3
1593589991,"2020-07-01 07:53:11",2,262,3,2,2,21,3,4,1,3
1593590051,"2020-07-01 07:54:11",1,262,3,2,1,21,3,4,1,3
1593590111,"2020-07-01 07:55:11",1,261,3,2,1,21,3,4,1,3
1593590171,"2020-07-01 07:56:11",1,265,3,2,1,21,3,4,1,3
1593590231,"2020-07-01 07:57:11",0,262,3,2,0,21,3,4,1,3
1593590291,"2020-07-01 07:58:11",0,265,5.303342,2,0,21,5,4,1,3
1593590351,"2020-07-01 07:59:11",1,265,3,2,1,21,3,4,1,3
1593590411,"2020-07-01 08:00:11",1,265,4.171825,2,1,21,4,4,1,3
1593590471,"2020-07-01 08:01:11",0,264,6.091338,2,0,21,6,4,1,3
1593590531,"2020-07-01 08:02:11",1,261,3,2,1,21,3,4,1,3
1593590591,"2020-07-01 08:03:11",1,262,3,2,1,21,3,4,1,3
1593590651,"2020-07-01 08:04:11",1,264,3,2,1,21,3,4,1,3
1593590711,"2020-07-01 08:05:11",1,266,3,2,1,21,3,4,1,3
1593590771,"2020-07-01 08:06:11",0,262,3,2,0,21,3,4,1,3
1593590831,"2020-07-01 08:07:11",0,262,3,2,0,21,3,4,1,3
1593590891,"2020-07-01 08:08:11",1,266,3,2,1,21,3,4,1,3
1593590951,"2020-07-01 08:09:11",1,268,3,2,1,21,3,4,1,3
1593591011,"2020-07-01 08:10:11",0,265,3,2,0,21,3,4,1,3
1593591071,"2020-07-01 08:11:11",1,266,32.47403,3.079464,1,21,32,6,1,3
1593591131,"2020-07-01 08:12:11",0,265,3,2,0,21,3,4,1,3
1593591191,"2020-07-01 08:13:11",0,264,3,2,0,21,3,4,1,3
1593591251,"2020-07-01 08:14:11",0,264,3,2,0,21,3,4,1,3
1593591311,"2020-07-01 08:15:11",1,262,3,2,1,21,3,4,1,3
1593591371,"2020-07-01 08:16:11",1,263,3,2,1,21,3,4,1,3
1593591431,"2020-07-01 08:17:11",1,267,3,2,1,21,3,4,1,3
1593591491,"2020-07-01 08:18:11",2,265,3,2,2,21,3,4,1,3
1593591551,"2020-07-01 08:19:11",0,270,3,2,0,21,3,4,1,3
1593591611,"2020-07-01 08:20:11",0,266,3,2,0,21,3,4,1,3
1593591671,"2020-07-01 08:21:11",1,269,3,2,1,21,3,4,1,3
1593591731,"2020-07-01 08:22:11",1,265,3,2,1,21,3,4,1,3
1593591791,"2020-07-01 08:23:11",1,268,3,2,1,21,3,4,1,3
1593591851,"2020-07-01 08:24:11",1,272,3,2,1,22,3,4,1,3
1593591911,"2020-07-01 08:25:11",1,262,3,2,1,21,3,4,1,3
1593591971,"2020-07-01 08:26:11",1,268,3,2,1,21,3,4,1,3
1593592031,"2020-07-01 08:27:11",0,261,3,2,0,21,3,4,1,3
1593592091,"2020-07-01 08:28:11",1,270,3,2,1,21,3,4,1,3
1593592151,"2020-07-01 08:29:11",1,266,3,2,1,21,3,4,1,3
1593592211,"2020-07-01 08:30:11",2,267,3,2,2,21,3,4,1,3
1593592271,"2020-07-01 08:31:11",1,268,3,2,1,21,3,4,1,3
1593592331,"2020-07-01 08:32:11",1,272,3,2,1,22,3,4,1,3
1593592391,"2020-07-01 08:33:11",1,268,3,2,1,21,3,4,1,3
1593592451,"2020-07-01 08:34:11",1,265,3,2,1,21,3,4,1,3
1593592511,"2020-07-01 08:35:11",1,270,3,2,1,21,3,4,1,3
1593592571,"2020-07-01 08:36:11",1,272,3,2,1,22,3,4,1,3
1593592631,"2020-07-01 08:37:11",0,270,3,2,0,21,3,4,1,3
1593592691,"2020-07-01 08:38:11",2,270,3,2,2,21,3,4,1,3
1593592751,"2020-07-01 08:39:11",1,272,3,2,1,22,3,4,1,3
1593592811,"2020-07-01 08:40:11",2,271,3,2,2,22,3,4,1,3
1593592871,"2020-07-01 08:41:11",1,271,3,2,1,22,3,4,1,3
1593592931,"2020-07-01 08:42:11",1,274,3,2,1,22,3,4,1,3
1593592991,"2020-07-01 08:43:11",1,266,3,2,1,21,3,4,1,3
1593593051,"2020-07-01 08:44:11",1,267,3,2,1,21,3,4,1,3
1593593111,"2020-07-01 08:45:11",1,272,3,2,1,22,3,4,1,3
1593593231,"2020-07-01 08:47:11",0,274,3,2,0,22,3,4,1,3
1593593291,"2020-07-01 08:48:11",1,276,3,2,1,22,3,4,1,3
1593593351,"2020-07-01 08:49:11",1,274,3,2,1,22,3,4,1,3
1593593411,"2020-07-01 08:50:11",0,272,5.5706215,2,0,22,6,4,1,3
1593593471,"2020-07-01 08:51:11",0,0,3,2,0,0,3,4,1,3
1593593531,"2020-07-01 08:52:11",1,270,3,2,1,21,3,4,1,3
1593593591,"2020-07-01 08:53:11",1,270,3,2,1,21,3,4,1,3
1593593651,"2020-07-01 08:54:11",1,270,3,2,1,21,3,4,1,3
1593593711,"2020-07-01 08:55:11",0,274,3,2,0,22,3,4,1,3
1593593771,"2020-07-01 08:56:11",0,276,3,2,0,22,3,4,1,3
1593593831,"2020-07-01 08:57:11",0,273,3,2,0,22,3,4,1,3
1593593891,"2020-07-01 08:58:11",1,270,3,2,1,21,3,4,1,3
1593593951,"2020-07-01 08:59:11",1,280,6.994683,2,1,22,7,4,1,3
1593594011,"2020-07-01 09:00:11",1,270,3,2,1,21,3,4,1,3
1593594071,"2020-07-01 09:01:11",0,275,3,2,0,22,3,4,1,3
1593594131,"2020-07-01 09:02:11",0,279,3,2,0,22,3,4,1,3
1593594191,"2020-07-01 09:03:11",0,276,3,2,0,22,3,4,1,3
1593594251,"2020-07-01 09:04:11",1,275,3,2,1,22,3,4,1,3
1593594311,"2020-07-01 09:05:11",0,275,3,2,0,22,3,4,1,3
1593594371,"2020-07-01 09:06:11",0,278,3,2,0,22,3,4,1,3
1593594431,"2020-07-01 09:07:11",0,274,3,2,0,22,3,4,1,3
1593594491,"2020-07-01 09:08:11",0,272,3,2,0,22,3,4,1,3
1593594551,"2020-07-01 09:09:11",0,275,3,2,0,22,3,4,1,3
1593594611,"2020-07-01 09:10:11",0,277,3,2,0,22,3,4,1,3
1593594671,"2020-07-01 09:11:11",0,273,3,2,0,22,3,4,1,3
1593594731,"2020-07-01 09:12:11",0,277,3,2,0,22,3,4,1,3
1593594791,"2020-07-01 09:13:11",0,279,3,2,0,22,3,4,1,3
1593594851,"2020-07-01 09:14:11",0,277,3,2,0,22,3,4,1,3
1593594911,"2020-07-01 09:15:11",0,280,3,2,0,22,3,4,1,3
1593594971,"2020-07-01 09:16:11",0,276,12.094133,2,0,22,12,4,1,3
1593595031,"2020-07-01 09:17:11",0,274,3,2,0,22,3,4,1,3
1593595091,"2020-07-01 09:18:11",0,277,3,2,0,22,3,4,1,3
1593595151,"2020-07-01 09:19:11",1,274,3,2,1,22,3,4,1,3
1593595211,"2020-07-01 09:20:11",1,275,8.212752,2,1,22,8,4,1,3
1593595271,"2020-07-01 09:21:11",0,279,12.438624,2,0,22,12,4,1,3
1593595331,"2020-07-01 09:22:11",0,279,3,2,0,22,3,4,1,3
1593595391,"2020-07-01 09:23:11",0,275,3,2,0,22,3,4,1,3
1593595451,"2020-07-01 09:24:11",0,277,3,2,0,22,3,4,1,3
1593595511,"2020-07-01 09:25:11",1,279,3,2,1,22,3,4,1,3
1593595571,"2020-07-01 09:26:11",0,281,3,2,0,22,3,4,1,3
1593595631,"2020-07-01 09:27:11",1,277,3,2,0,22,3,4,1,3
1593595691,"2020-07-01 09:28:11",1,280,3,2,1,22,3,4,1,3
1593595751,"2020-07-01 09:29:11",1,280,3,2,1,22,3,4,1,3
1593595811,"2020-07-01 09:30:11",1,274,3,2,1,22,3,4,1,3
1593595871,"2020-07-01 09:31:11",1,281,3,2,1,22,3,4,1,3
1593595931,"2020-07-01 09:32:11",1,277,3,2,1,22,3,4,1,3
1593595991,"2020-07-01 09:33:11",1,276,3,2,1,22,3,4,1,3
1593596051,"2020-07-01 09:34:11",0,280,3,2,0,22,3,4,1,3
1593596111,"2020-07-01 09:35:11",0,276,9.136591,2,0,22,9,4,1,3
1593596171,"2020-07-01 09:36:11",0,276,3,2,0,22,3,4,1,3
1593596231,"2020-07-01 09:37:11",1,281,3,2,1,22,3,4,1,3
1593596291,"2020-07-01 09:38:11",1,280,3,2,1,22,3,4,1,3
1593596351,"2020-07-01 09:39:11",1,274,3,2,1,22,3,4,1,3
1593596411,"2020-07-01 09:40:11",1,278,3,2,1,22,3,4,1,3
1593596471,"2020-07-01 09:41:11",1,279,3,2,1,22,3,4,1,3
1593596531,"2020-07-01 09:42:11",1,279,3,2,1,22,3,4,1,3
1593596591,"2020-07-01 09:43:11",1,281,3,2,1,22,3,4,1,3
1593596651,"2020-07-01 09:44:11",1,283,3,2,1,22,3,4,1,3
1593596711,"2020-07-01 09:45:11",1,284,3,2,1,22,3,4,1,3
1593596771,"2020-07-01 09:46:11",1,279,3,2,1,22,3,4,1,3
1593596831,"2020-07-01 09:47:11",0,281,3,2,0,22,3,4,1,3
1593596891,"2020-07-01 09:48:11",0,278,3,2,0,22,3,4,1,3
1593596951,"2020-07-01 09:49:11",0,278,3,2,0,22,3,4,1,3
1593597011,"2020-07-01 09:50:11",0,281,3,2,0,22,3,4,1,3
1593597071,"2020-07-01 09:51:11",0,284,3,2,0,22,3,4,1,3
1593597131,"2020-07-01 09:52:11",0,283,3,2,0,22,3,4,1,3
1593597191,"2020-07-01 09:53:11",1,285,3,2,1,23,3,4,1,3
1593597251,"2020-07-01 09:54:11",0,286,3,2,0,23,3,4,1,3
1593597311,"2020-07-01 09:55:11",0,285,3,2,0,23,3,4,1,3
1593597371,"2020-07-01 09:56:11",0,283,3,2,0,22,3,4,1,3
1593597431,"2020-07-01 09:57:11",0,285,3,2,0,23,3,4,1,3
1593597491,"2020-07-01 09:58:11",0,283,3,2,0,22,3,4,1,3
1593597551,"2020-07-01 09:59:11",0,285,3.7530935,2,0,23,4,4,1,3
1593597611,"2020-07-01 10:00:11",0,285,3,2,0,23,3,4,1,3
1593597671,"2020-07-01 10:01:11",0,281,3,2,0,22,3,4,1,3
1593597731,"2020-07-01 10:02:11",0,286,3,2,0,23,3,4,1,3
1593597791,"2020-07-01 10:03:11",0,288,3,2,0,23,3,4,1,3
1593597851,"2020-07-01 10:04:11",0,280,3,2,0,22,3,4,1,3
1593597911,"2020-07-01 10:05:11",0,281,3,2,0,22,3,4,1,3
1593597971,"2020-07-01 10:06:11",0,284,3,2,0,22,3,4,1,3
1593598031,"2020-07-01 10:07:11",0,281,3,2,0,22,3,4,1,3
1593598091,"2020-07-01 10:08:11",0,283,3,2,0,22,3,4,1,3
1593598151,"2020-07-01 10:09:11",0,283,3,2,0,22,3,4,1,3
1593598211,"2020-07-01 10:10:11",0,285,3,2,0,23,3,4,1,3
1593598271,"2020-07-01 10:11:11",0,285,3,2,0,23,3,4,1,3
1593598331,"2020-07-01 10:12:11",0,290,3,2,0,23,3,4,1,3
1593598391,"2020-07-01 10:13:11",0,284,3,2,0,22,3,4,1,3
1593598451,"2020-07-01 10:14:11",0,285,5.643326,2,0,23,6,4,1,3
1593598511,"2020-07-01 10:15:11",0,283,3,2,0,22,3,4,1,3
1593598571,"2020-07-01 10:16:11",0,287,3,2,0,23,3,4,1,3
1593598631,"2020-07-01 10:17:11",0,284,3,2,0,22,3,4,1,3
1593598691,"2020-07-01 10:18:11",0,288,3,2,0,23,3,4,1,3
1593598751,"2020-07-01 10:19:11",0,286,3,2,0,23,3,4,1,3
1593598811,"2020-07-01 10:20:11",0,284,3,2,0,22,3,4,1,3
1593598871,"2020-07-01 10:21:11",0,286,3,2,0,23,3,4,1,3
1593598931,"2020-07-01 10:22:11",0,283,3,2,0,22,3,4,1,3
1593598991,"2020-07-01 10:23:11",0,290,3,2,0,23,3,4,1,3
1593599051,"2020-07-01 10:24:11",0,284,3,2,0,22,3,4,1,3
1593599111,"2020-07-01 10:25:11",0,284,3,2,0,22,3,4,1,3
1593599171,"2020-07-01 10:26:11",0,289,4.1102858,2,0,23,4,4,1,3
1593599231,"2020-07-01 10:27:11",0,286,3,2,0,23,3,4,1,3
1593599291,"2020-07-01 10:28:11",0,289,3,2,0,23,3,4,1,3
1593599351,"2020-07-01 10:29:11",0,287,3,2,0,23,3,4,1,3
1593599411,"2020-07-01 10:30:11",0,282,3,2,0,22,3,4,1,3
1593599471,"2020-07-01 10:31:11",0,284,3,2,0,22,3,4,1,3
1593599531,"2020-07-01 10:32:11",0,285,3,2,0,23,3,4,1,3
1593599591,"2020-07-01 10:33:11",0,286,3,2,0,23,3,4,1,3
1593599651,"2020-07-01 10:34:11",0,288,3,2,0,23,3,4,1,3
1593599711,"2020-07-01 10:35:11",0,286,3,2,0,23,3,4,1,3
1593599771,"2020-07-01 10:36:11",0,283,3,2,0,22,3,4,1,3
1593599831,"2020-07-01 10:37:11",0,286,3,2,0,23,3,4,1,3
1593599891,"2020-07-01 10:38:11",0,284,3,2,0,22,3,4,1,3
1593599951,"2020-07-01 10:39:11",0,283,3,2,0,22,3,4,1,3
1593600011,"2020-07-01 10:40:11",0,285,3,2,0,23,3,4,1,3
1593600071,"2020-07-01 10:41:11",0,289,3,2,0,23,3,4,1,3
1593600131,"2020-07-01 10:42:11",0,289,3,2,0,23,3,4,1,3
1593600191,"2020-07-01 10:43:11",1,286,3,2,1,23,3,4,1,3
1593600251,"2020-07-01 10:44:11",0,286,3,2,0,23,3,4,1,3
1593600311,"2020-07-01 10:45:11",0,284,3,2,0,22,3,4,1,3
1593600371,"2020-07-01 10:46:11",1,291,3,2,1,23,3,4,1,3
1593600431,"2020-07-01 10:47:11",0,286,3,2,0,23,3,4,1,3
1593600491,"2020-07-01 10:48:11",0,287,3.891397,2,0,23,4,4,1,3
1593600551,"2020-07-01 10:49:11",0,285,3,2,0,23,3,4,1,3
1593600611,"2020-07-01 10:50:11",0,287,3,2,0,23,3,4,1,3
1593600671,"2020-07-01 10:51:11",0,286,3,2,0,23,3,4,1,3
1593600731,"2020-07-01 10:52:11",0,291,3,2,0,23,3,4,1,3
1593600791,"2020-07-01 10:53:11",1,287,3,2,1,23,3,4,1,3
1593600851,"2020-07-01 10:54:11",0,287,3.8700595,2,0,23,4,4,1,3
1593600911,"2020-07-01 10:55:11",0,289,3,2,0,23,3,4,1,3
1593600971,"2020-07-01 10:56:11",0,292,3,2,0,23,3,4,1,3
1593601031,"2020-07-01 10:57:11",0,287,3,2,0,23,3,4,1,3
1593601091,"2020-07-01 10:58:11",1,289,3,2,1,23,3,4,1,3
1593601151,"2020-07-01 10:59:11",0,289,3,2,0,23,3,4,1,3
1593601211,"2020-07-01 11:00:11",1,286,3,2,1,23,3,4,1,3
1593601271,"2020-07-01 11:01:11",0,292,3,2,0,23,3,4,1,3
1593601331,"2020-07-01 11:02:11",1,289,3,2,1,23,3,4,1,3
1593601391,"2020-07-01 11:03:11",1,290,3,2,1,23,3,4,1,3
1593601451,"2020-07-01 11:04:11",1,287,3,2,1,23,3,4,1,3
1593601511,"2020-07-01 11:05:11",0,287,3,2,0,23,3,4,1,3
1593601571,"2020-07-01 11:06:11",0,286,4.7735615,2.2520094,0,23,5,5,1,3
1593601631,"2020-07-01 11:07:11",0,289,4.82586,2,0,23,5,4,1,3
1593601751,"2020-07-01 11:09:11",1,285,3,2,1,23,3,4,1,3
1593601811,"2020-07-01 11:10:11",1,292,3,2,1,23,3,4,1,3
1593601871,"2020-07-01 11:11:11",0,290,3,2,0,23,3,4,1,3
1593601931,"2020-07-01 11:12:11",0,291,3,2,0,23,3,4,1,3
1593601991,"2020-07-01 11:13:11",1,0,3,2,1,0,3,4,1,3
1593602051,"2020-07-01 11:14:11",0,293,3,2,0,23,3,4,1,3
1593602111,"2020-07-01 11:15:11",1,287,3,2,1,23,3,4,1,3
1593602171,"2020-07-01 11:16:11",1,290,3,2,1,23,3,4,1,3
1593602231,"2020-07-01 11:17:11",0,296,3,2,0,23,3,4,1,3
1593602291,"2020-07-01 11:18:11",0,289,3,2,0,23,3,4,1,3
1593602351,"2020-07-01 11:19:11",1,292,3,2,1,23,3,4,1,3
1593602411,"2020-07-01 11:20:11",1,294,3,2,1,23,3,4,1,3
1593602471,"2020-07-01 11:21:11",1,290,10.98605,2,1,23,11,4,1,3
1593602531,"2020-07-01 11:22:11",1,291,3,2,1,23,3,4,1,3
1593602591,"2020-07-01 11:23:11",1,289,3,2,1,23,3,4,1,3
1593602651,"2020-07-01 11:24:11",1,291,3,2,1,23,3,4,1,3
1593602711,"2020-07-01 11:25:11",1,290,3,2,1,23,3,4,1,3
1593602771,"2020-07-01 11:26:11",1,288,3,2,1,23,3,4,1,3
1593602831,"2020-07-01 11:27:11",0,290,3,2,0,23,3,4,1,3
1593602891,"2020-07-01 11:28:11",1,288,3,2,1,23,3,4,1,3
1593602951,"2020-07-01 11:29:11",1,293,3,2,1,23,3,4,1,3
1593603011,"2020-07-01 11:30:11",1,294,3,2,1,23,3,4,1,3
1593603071,"2020-07-01 11:31:11",1,289,3,2,1,23,3,4,1,3
1593603131,"2020-07-01 11:32:11",1,292,3,2,1,23,3,4,1,3
1593603191,"2020-07-01 11:33:11",1,293,4.1551137,2,1,23,4,4,1,3
1593603251,"2020-07-01 11:34:11",1,287,3,2,1,23,3,4,1,3
1593603311,"2020-07-01 11:35:11",1,293,4.376501,2,1,23,4,4,1,3
1593603371,"2020-07-01 11:36:11",0,287,3,2,0,23,3,4,1,3
1593603431,"2020-07-01 11:37:11",1,297,3,2,1,23,3,4,1,3
1593603491,"2020-07-01 11:38:11",1,291,3,2,1,23,3,4,1,3
1593603551,"2020-07-01 11:39:11",1,299,3,2,1,24,3,4,1,3
1593603611,"2020-07-01 11:40:11",1,293,3,2,1,23,3,4,1,3
1593603671,"2020-07-01 11:41:11",0,291,3,2,0,23,3,4,1,3
1593603731,"2020-07-01 11:42:11",1,289,3,2,1,23,3,4,1,3
1593603791,"2020-07-01 11:43:11",1,291,3,2,1,23,3,4,1,3
1593603851,"2020-07-01 11:44:11",1,295,3,2,1,23,3,4,1,3
1593603911,"2020-07-01 11:45:11",1,293,3.1777928,2,1,23,3,4,1,3
1593603971,"2020-07-01 11:46:11",1,299,3,2,1,24,3,4,1,3
1593604031,"2020-07-01 11:47:11",1,294,3.5403605,2,1,23,4,4,1,3
1593604091,"2020-07-01 11:48:11",1,291,3,2,1,23,3,4,1,3
1593604151,"2020-07-01 11:49:11",1,289,3,2,1,23,3,4,1,3
1593604211,"2020-07-01 11:50:11",1,296,3,2,1,23,3,4,1,3
1593604271,"2020-07-01 11:51:11",1,289,3,2,1,23,3,4,1,3
1593604331,"2020-07-01 11:52:11",1,290,3,2,1,23,3,4,1,3
1593604391,"2020-07-01 11:53:11",1,294,3,2,1,23,3,4,1,3
1593604451,"2020-07-01 11:54:11",1,297,3,2,1,23,3,4,1,3
1593604511,"2020-07-01 11:55:11",1,291,3,2,1,23,3,4,1,3
1593604571,"2020-07-01 11:56:11",2,296,3,2,1,23,3,4,1,3
1593604631,"2020-07-01 11:57:11",1,294,3,2,1,23,3,4,1,3
1593604691,"2020-07-01 11:58:11",1,294,3,2,1,23,3,4,1,3
1593604751,"2020-07-01 11:59:11",1,293,3,2,1,23,3,4,1,3
1593604811,"2020-07-01 12:00:11",1,296,3,2,1,23,3,4,1,3
1593604871,"2020-07-01 12:01:11",2,293,3,2,1,23,3,4,1,3
1593604931,"2020-07-01 12:02:11",1,296,3,2,1,23,3,4,1,3
1593604991,"2020-07-01 12:03:11",0,291,3,2,0,23,3,4,1,3
1593605051,"2020-07-01 12:04:11",1,297,3,2,1,23,3,4,1,3
1593605111,"2020-07-01 12:05:11",1,300,3,2,1,24,3,4,1,3
1593605171,"2020-07-01 12:06:11",1,296,3,2,1,23,3,4,1,3
1593605231,"2020-07-01 12:07:11",1,298,3,2,1,24,3,4,1,3
1593605291,"2020-07-01 12:08:11",1,293,6.410803,2,1,23,6,4,1,3
1593605351,"2020-07-01 12:09:11",1,294,3,2,1,23,3,4,1,3
1593605411,"2020-07-01 12:10:11",1,297,3,2,1,23,3,4,1,3
1593605471,"2020-07-01 12:11:11",1,300,3,2,1,24,3,4,1,3
1593605531,"2020-07-01 12:12:11",1,297,3,2,1,23,3,4,1,3
1593605591,"2020-07-01 12:13:11",1,296,3,2,1,23,3,4,1,3
1593605651,"2020-07-01 12:14:11",0,296,3,2,0,23,3,4,1,3
1593605711,"2020-07-01 12:15:11",1,297,3,2,1,23,3,4,1,3
1593605771,"2020-07-01 12:16:11",1,294,3,2,1,23,3,4,1,3
1593605831,"2020-07-01 12:17:11",1,292,3,2,1,23,3,4,1,3
1593605891,"2020-07-01 12:18:11",1,294,3.4948845,2,1,23,3,4,1,3
1593605951,"2020-07-01 12:19:11",1,301,3,2,1,24,3,4,1,3
1593606011,"2020-07-01 12:20:11",1,301,3,2,1,24,3,4,1,3
1593606071,"2020-07-01 12:21:11",1,297,3,2,1,23,3,4,1,3
1593606131,"2020-07-01 12:22:11",0,295,3,2,0,23,3,4,1,3
1593606191,"2020-07-01 12:23:11",1,291,3,2,1,23,3,4,1,3
1593606251,"2020-07-01 12:24:11",1,299,3,2,1,24,3,4,1,3
1593606311,"2020-07-01 12:25:11",0,297,3,2,0,23,3,4,1,3
1593606371,"2020-07-01 12:26:11",1,293,3,2,1,23,3,4,1,3
1593606431,"2020-07-01 12:27:11",1,296,3,2,1,23,3,4,1,3
1593606491,"2020-07-01 12:28:11",1,296,3,2,1,23,3,4,1,3
1593606551,"2020-07-01 12:29:11",1,294,3,2,1,23,3,4,1,3
1593606611,"2020-07-01 12:30:11",0,295,3,2,0,23,3,4,1,3
1593606671,"2020-07-01 12:31:11",0,290,3,2,0,23,3,4,1,3
1593606731,"2020-07-01 12:32:11",1,296,3,2,1,23,3,4,1,3
1593606791,"2020-07-01 12:33:11",0,300,3,2,0,24,3,4,1,3
1593606851,"2020-07-01 12:34:11",1,293,3,2,1,23,3,4,1,3
1593606911,"2020-07-01 12:35:11",1,295,3,2,1,23,3,4,1,3
1593606971,"2020-07-01 12:36:11",1,292,3,2,1,23,3,4,1,3
1593607031,"2020-07-01 12:37:11",0,294,3,2,0,23,3,4,1,3
1593607091,"2020-07-01 12:38:11",1,293,3,2,1,23,3,4,1,3
1593607151,"2020-07-01 12:39:11",1,296,3,2,1,23,3,4,1,3
1593607211,"2020-07-01 12:40:11",0,295,3,2,0,23,3,4,1,3
1593607271,"2020-07-01 12:41:11",1,296,3,2,1,23,3,4,1,3
1593607331,"2020-07-01 12:42:11",1,291,3,2,1,23,3,4,1,3
1593607391,"2020-07-01 12:43:11",0,293,3,2,0,23,3,4,1,3
1593607451,"2020-07-01 12:44:11",0,299,9.133664,2,0,24,9,4,1,3
1593607511,"2020-07-01 12:45:11",0,296,3,2,0,23,3,4,1,3
1593607571,"2020-07-01 12:46:11",0,296,3,2,0,23,3,4,1,3
1593607631,"2020-07-01 12:47:11",0,297,3,2,0,23,3,4,1,3
1593607691,"2020-07-01 12:48:11",1,298,3,2,1,24,3,4,1,3
1593607751,"2020-07-01 12:49:11",1,295,3,2,1,23,3,4,1,3
1593607811,"2020-07-01 12:50:11",1,291,3,2,1,23,3,4,1,3
1593607871,"2020-07-01 12:51:11",0,286,3,2,0,23,3,4,1,3
1593607931,"2020-07-01 12:52:11",0,294,3,2,0,23,3,4,1,3
1593607991,"2020-07-01 12:53:11",0,295,3,2,0,23,3,4,1,3
1593608051,"2020-07-01 12:54:11",1,292,17.498283,2,1,23,17,4,1,3
1593608111,"2020-07-01 12:55:11",0,295,11.407009,2,0,23,11,4,1,3
1593608171,"2020-07-01 12:56:11",0,303,3,2,0,24,3,4,1,3
1593608231,"2020-07-01 12:57:11",0,295,3,2,0,23,3,4,1,3
1593608291,"2020-07-01 12:58:11",1,297,3,2,1,23,3,4,1,3
1593608351,"2020-07-01 12:59:11",0,297,3,2,0,23,3,4,1,3
1593608411,"2020-07-01 13:00:11",1,293,3,2,1,23,3,4,1,3
1593608471,"2020-07-01 13:01:11",0,296,3,2,0,23,3,4,1,3
1593608531,"2020-07-01 13:02:11",0,297,3,2,0,23,3,4,1,3
1593608591,"2020-07-01 13:03:11",0,293,13.474419,2,0,23,13,4,1,3
1593608651,"2020-07-01 13:04:11",0,290,3,2,0,23,3,4,1,3
1593608711,"2020-07-01 13:05:11",0,293,3,2,0,23,3,4,1,3
1593608771,"2020-07-01 13:06:11",0,291,3,2,0,23,3,4,1,3
1593608831,"2020-07-01 13:07:11",1,295,3,2,1,23,3,4,1,3
1593608891,"2020-07-01 13:08:11",0,295,3,2,0,23,3,4,1,3
1593608951,"2020-07-01 13:09:11",1,296,3,2,1,23,3,4,1,3
1593609011,"2020-07-01 13:10:11",0,293,3,2,0,23,3,4,1,3
1593609071,"2020-07-01 13:11:11",0,295,3,2,0,23,3,4,1,3
1593609131,"2020-07-01 13:12:11",1,293,3,2,1,23,3,4,1,3
1593609191,"2020-07-01 13:13:11",0,297,3,2,0,23,3,4,1,3
1593609251,"2020-07-01 13:14:11",0,298,3,2,0,24,3,4,1,3
1593609311,"2020-07-01 13:15:11",0,297,3,2,0,23,3,4,1,3
1593609371,"2020-07-01 13:16:11",0,294,3,2,0,23,3,4,1,3
1593609431,"2020-07-01 13:17:11",0,294,3,2,0,23,3,4,1,3
1593609491,"2020-07-01 13:18:11",0,296,3,2,0,23,3,4,1,3
1593609551,"2020-07-01 13:19:11",0,298,3,2,0,24,3,4,1,3
1593609611,"2020-07-01 13:20:11",0,296,3,2,0,23,3,4,1,3
1593609671,"2020-07-01 13:21:11",0,295,3,2,0,23,3,4,1,3
1593609731,"2020-07-01 13:22:11",0,297,19.689934,2,0,23,20,4,1,3
1593609791,"2020-07-01 13:23:11",1,298,3,2,1,24,3,4,1,3
1593609851,"2020-07-01 13:24:11",0,295,3,2,0,23,3,4,1,3
1593609911,"2020-07-01 13:25:11",0,297,3,2,0,23,3,4,1,3
1593609971,"2020-07-01 13:26:11",0,298,3,2,0,24,3,4,1,3
1593610031,"2020-07-01 13:27:11",0,292,3,2,0,23,3,4,1,3
1593610091,"2020-07-01 13:28:11",0,291,3,2,0,23,3,4,1,3
1593610151,"2020-07-01 13:29:11",1,293,6.877553,2,1,23,7,4,1,3
1593610271,"2020-07-01 13:31:11",1,300,3,2,1,24,3,4,1,3
1593610331,"2020-07-01 13:32:11",1,296,3,2,1,23,3,4,1,3
1593610391,"2020-07-01 13:33:11",0,299,3,2,0,24,3,4,1,3
1593610451,"2020-07-01 13:34:11",0,289,3,2,0,23,3,4,1,3
1593610511,"2020-07-01 13:35:11",1,0,6.474331,2,1,0,6,4,1,3
1593610571,"2020-07-01 13:36:11",0,294,3,2,0,23,3,4,1,3
1593610631,"2020-07-01 13:37:11",0,294,3,2,0,23,3,4,1,3
1593610691,"2020-07-01 13:38:11",0,291,3,2,0,23,3,4,1,3
1593610751,"2020-07-01 13:39:11",1,295,3,2,1,23,3,4,1,3
1593610811,"2020-07-01 13:40:11",0,289,3,2,0,23,3,4,1,3
1593610871,"2020-07-01 13:41:11",1,296,3,2,1,23,3,4,1,3
1593610931,"2020-07-01 13:42:11",1,290,3,2,1,23,3,4,1,3
1593610991,"2020-07-01 13:43:11",0,291,11.733335,2,0,23,12,4,1,3
1593611051,"2020-07-01 13:44:11",0,287,3,2,0,23,3,4,1,3
1593611111,"2020-07-01 13:45:11",0,290,3,2,0,23,3,4,1,3
1593611171,"2020-07-01 13:46:11",1,288,3,2,1,23,3,4,1,3
1593611231,"2020-07-01 13:47:11",1,291,9.834737,2,1,23,10,4,1,3
1593611291,"2020-07-01 13:48:11",0,293,3,2,0,23,3,4,1,3
1593611351,"2020-07-01 13:49:11",1,291,3,2,1,23,3,4,1,3
1593611411,"2020-07-01 13:50:11",1,289,3.0687764,2,1,23,3,4,1,3
1593611471,"2020-07-01 13:51:11",1,291,3,2,1,23,3,4,1,3
1593611531,"2020-07-01 13:52:11",1,290,20.710976,2,1,23,21,4,1,3
1593611591,"2020-07-01 13:53:11",1,289,18.41144,2,1,23,18,4,1,3
1593611651,"2020-07-01 13:54:11",1,290,3,2,1,23,3,4,1,3
1593611711,"2020-07-01 13:55:11",2,287,3,2,1,23,3,4,1,3
1593611771,"2020-07-01 13:56:11",1,287,3,2,1,23,3,4,1,3
1593611831,"2020-07-01 13:57:11",1,286,34.507618,2,1,23,35,4,1,3
1593611891,"2020-07-01 13:58:11",1,286,3,2,1,23,3,4,1,3
1593611951,"2020-07-01 13:59:11",1,287,20.94886,2,1,23,21,4,1,3
1593612011,"2020-07-01 14:00:11",1,285,29.57683,2,1,23,30,4,1,3
1593612071,"2020-07-01 14:01:11",1,281,3.8673027,2,1,22,4,4,1,3
1593612131,"2020-07-01 14:02:11",1,285,13.607831,2,1,23,14,4,1,3
1593612191,"2020-07-01 14:03:11",1,287,3,2,1,23,3,4,1,3
1593612251,"2020-07-01 14:04:11",1,286,3,2,1,23,3,4,1,3
1593612311,"2020-07-01 14:05:11",1,284,3,2,1,22,3,4,1,3
1593612371,"2020-07-01 14:06:11",1,285,11.145268,2,1,23,11,4,1,3
1593612431,"2020-07-01 14:07:11",2,288,48.46658,2,1,23,48,4,1,3
1593612491,"2020-07-01 14:08:11",1,282,3,2,1,22,3,4,1,3
1593612551,"2020-07-01 14:09:11",2,281,29.128105,2,1,22,29,4,1,3
1593612611,"2020-07-01 14:10:11",2,286,3,2,1,23,3,4,1,3
1593612671,"2020-07-01 14:11:11",1,285,3,2,1,23,3,4,1,3
1593612731,"2020-07-01 14:12:11",2,283,3.0057142,2,1,22,3,4,1,3
1593612791,"2020-07-01 14:13:11",2,285,3,2,1,23,3,4,1,3
1593612851,"2020-07-01 14:14:11",2,282,10.708825,2,1,22,11,4,1,3
1593612911,"2020-07-01 14:15:11",1,285,3,2,1,23,3,4,1,3
1593612971,"2020-07-01 14:16:11",2,283,32.030315,2,1,22,32,4,1,3
1593613031,"2020-07-01 14:17:11",2,283,3,2,1,22,3,4,1,3
1593613091,"2020-07-01 14:18:11",2,278,3,2,1,22,3,4,1,3
1593613151,"2020-07-01 14:19:11",2,277,6.0653496,2,1,22,6,4,1,3
1593613211,"2020-07-01 14:20:11",2,283,3,2,1,22,3,4,1,3
1593613271,"2020-07-01 14:21:11",2,281,3,2,1,22,3,4,1,3
1593613331,"2020-07-01 14:22:11",2,285,3,2,1,23,3,4,1,3
1593613391,"2020-07-01 14:23:11",2,278,3,2,1,22,3,4,1,3
1593613451,"2020-07-01 14:24:11",2,282,3,2,1,22,3,4,1,3
1593613511,"2020-07-01 14:25:11",2,277,4.14943,2,2,22,4,4,1,3
1593613571,"2020-07-01 14:26:11",2,276,3,2,2,22,3,4,1,3
1593613631,"2020-07-01 14:27:11",2,275,3,2,1,22,3,4,1,3
1593613691,"2020-07-01 14:28:11",2,274,3,2,1,22,3,4,1,3
1593613751,"2020-07-01 14:29:11",2,277,4.037279,2,1,22,4,4,1,3
1593613811,"2020-07-01 14:30:11",2,276,3,2,1,22,3,4,1,3
1593613871,"2020-07-01 14:31:11",2,280,22.190628,2,2,22,22,4,1,3
1593613931,"2020-07-01 14:32:11",2,282,4.5804224,2,2,22,5,4,1,3
1593613991,"2020-07-01 14:33:11",2,280,3,2,2,22,3,4,1,3
1593614051,"2020-07-01 14:34:11",2,275,13.967063,2,1,22,14,4,1,3
1593614111,"2020-07-01 14:35:11",2,273,24.750385,2,2,22,25,4,1,3
1593614171,"2020-07-01 14:36:11",2,275,3,2,2,22,3,4,1,3
1593614231,"2020-07-01 14:37:11",2,275,34.559647,2,2,22,35,4,1,3
1593614291,"2020-07-01 14:38:11",2,275,3,2,2,22,3,4,1,3
1593614351,"2020-07-01 14:39:11",2,275,3,2,2,22,3,4,1,3
1593614411,"2020-07-01 14:40:11",2,276,3,2,2,22,3,4,1,3
1593614471,"2020-07-01 14:41:11",2,275,5.488242,2,1,22,5,4,1,3
1593614531,"2020-07-01 14:42:11",2,272,3,2,2,22,3,4,1,3
1593614591,"2020-07-01 14:43:11",2,274,3,2,2,22,3,4,1,3
1593614651,"2020-07-01 14:44:11",2,272,20.213484,2,2,22,20,4,1,3
1593614711,"2020-07-01 14:45:11",2,272,3,2,2,22,3,4,1,3
1593614771,"2020-07-01 14:46:11",2,277,3,2,2,22,3,4,1,3
1593614831,"2020-07-01 14:47:11",2,275,3,2,2,22,3,4,1,3
1593614891,"2020-07-01 14:48:11",2,273,3,2,2,22,3,4,1,3
1593614951,"2020-07-01 14:49:11",2,275,3,2,2,22,3,4,1,3
1593615011,"2020-07-01 14:50:11",3,276,3,2,3,22,3,4,1,3
1593615071,"2020-07-01 14:51:11",3,272,3,2,3,22,3,4,1,3
1593615131,"2020-07-01 14:52:11",3,271,3,2,3,22,3,4,1,3
1593615191,"2020-07-01 14:53:11",2,269,4.3789434,2,2,21,4,4,1,3
1593615251,"2020-07-01 14:54:11",2,270,3,2,2,21,3,4,1,3
1593615311,"2020-07-01 14:55:11",3,271,3,2,3,22,3,4,1,3
1593615371,"2020-07-01 14:56:11",2,275,3,2,2,22,3,4,1,3
1593615431,"2020-07-01 14:57:11",3,273,3,2,3,22,3,4,1,3
1593615491,"2020-07-01 14:58:11",3,272,3,2,3,22,3,4,1,3
1593615551,"2020-07-01 14:59:11",3,271,3,2,3,22,3,4,1,3
1593615611,"2020-07-01 15:00:11",3,268,3,2,3,21,3,4,1,3
1593615671,"2020-07-01 15:01:11",2,270,3,2,2,21,3,4,1,3
1593615731,"2020-07-01 15:02:11",3,266,3,2,3,21,3,4,1,3
1593615791,"2020-07-01 15:03:11",3,268,3,2,3,21,3,4,1,3
1593615851,"2020-07-01 15:04:11",4,265,3,2,4,21,3,4,1,3
1593615911,"2020-07-01 15:05:11",4,267,3,2,4,21,3,4,1,3
1593615971,"2020-07-01 15:06:11",3,273,3,2,3,22,3,4,1,3
1593616031,"2020-07-01 15:07:11",3,269,3,2,3,21,3,4,1,3
1593616091,"2020-07-01 15:08:11",2,270,3,2,2,21,3,4,1,3
1593616151,"2020-07-01 15:09:11",3,269,10.099202,2,3,21,10,4,1,3
1593616211,"2020-07-01 15:10:11",2,269,5.3360405,2,2,21,5,4,1,3
1593616271,"2020-07-01 15:11:11",2,268,3,2,2,21,3,4,1,3
1593616331,"2020-07-01 15:12:11",3,269,3,2,3,21,3,4,1,3
1593616391,"2020-07-01 15:13:11",3,264,3,2,3,21,3,4,1,3
1593616451,"2020-07-01 15:14:11",3,266,3,2,3,21,3,4,1,3
1593616511,"2020-07-01 15:15:11",4,266,3,2,4,21,3,4,1,3
1593616571,"2020-07-01 15:16:11",4,271,3,2,4,22,3,4,1,3
1593616631,"2020-07-01 15:17:11",3,265,3,2,3,21,3,4,1,3
1593616691,"2020-07-01 15:18:11",3,266,3,2,3,21,3,4,1,3
1593616751,"2020-07-01 15:19:11",3,266,3,2,3,21,3,4,1,3
1593616811,"2020-07-01 15:20:11",4,265,3,2,4,21,3,4,1,3
1593616871,"2020-07-01 15:21:11",4,266,3,2,4,21,3,4,1,3
1593616931,"2020-07-01 15:22:11",3,265,3,2,3,21,3,4,1,3
1593616991,"2020-07-01 15:23:11",3,266,3,2,3,21,3,4,1,3
1593617051,"2020-07-01 15:24:11",4,268,3,2,4,21,3,4,1,3
1593617111,"2020-07-01 15:25:11",3,263,3,2,3,21,3,4,1,3
1593617171,"2020-07-01 15:26:11",3,265,3,2,3,21,3,4,1,3
1593617231,"2020-07-01 15:27:11",3,263,3,2,3,21,3,4,1,3
1593617291,"2020-07-01 15:28:11",0,257,3,2,0,21,3,4,1,3
1593617351,"2020-07-01 15:29:11",4,265,3,2,4,21,3,4,1,3
1593617411,"2020-07-01 15:30:11",4,264,3,2,4,21,3,4,1,3
1593617471,"2020-07-01 15:31:11",4,262,3,2,4,21,3,4,1,3
1593617531,"2020-07-01 15:32:11",4,260,3.0939596,2,4,21,3,4,1,3
1593617591,"2020-07-01 15:33:11",3,259,3,2,3,21,3,4,1,3
1593617651,"2020-07-01 15:34:11",4,264,3,2,4,21,3,4,1,3
1593617711,"2020-07-01 15:35:11",4,261,3,2,4,21,3,4,1,3
1593617771,"2020-07-01 15:36:11",4,261,3,2,4,21,3,4,1,3
1593617831,"2020-07-01 15:37:11",4,260,3,2,4,21,3,4,1,3
1593617891,"2020-07-01 15:38:11",0,261,3,2,0,21,3,4,1,3
1593617951,"2020-07-01 15:39:11",4,265,3,2,4,21,3,4,1,3
1593618011,"2020-07-01 15:40:11",4,261,3,2,4,21,3,4,1,3
1593618071,"2020-07-01 15:41:11",4,260,3,2,4,21,3,4,1,3
1593618131,"2020-07-01 15:42:11",4,258,3,2,4,21,3,4,1,3
1593618191,"2020-07-01 15:43:11",5,264,3,2,5,21,3,4,1,3
1593618251,"2020-07-01 15:44:11",4,260,3,2,4,21,3,4,1,3
1593618311,"2020-07-01 15:45:11",5,263,3,2,5,21,3,4,1,3
1593618371,"2020-07-01 15:46:11",5,264,3,2,5,21,3,4,1,3
1593618431,"2020-07-01 15:47:11",5,260,3,2,5,21,3,4,1,3
1593618491,"2020-07-01 15:48:11",0,261,3,2,0,21,3,4,1,3
1593618551,"2020-07-01 15:49:11",5,261,5.889966,2,5,21,6,4,1,3
1593618611,"2020-07-01 15:50:11",4,260,3,2,4,21,3,4,1,3
1593618671,"2020-07-01 15:51:11",4,259,3,2,4,21,3,4,1,3
1593618791,"2020-07-01 15:53:11",4,259,3,2,4,21,3,4,1,3
1593618851,"2020-07-01 15:54:11",3,260,3,2,3,21,3,4,1,3
1593618911,"2020-07-01 15:55:11",4,256,3,2,4,20,3,4,1,3
1593618971,"2020-07-01 15:56:11",5,259,3,2,5,21,3,4,1,3
1593619031,"2020-07-01 15:57:11",5,0,3,2,5,0,3,4,1,3
1593619091,"2020-07-01 15:58:11",0,260,3,2,0,21,3,4,1,3
1593619151,"2020-07-01 15:59:11",4,258,3,2,4,21,3,4,1,3
1593619211,"2020-07-01 16:00:11",6,259,3,2,6,21,3,4,1,3
1593619271,"2020-07-01 16:01:11",5,258,3,2,5,21,3,4,1,3
1593619331,"2020-07-01 16:02:11",5,260,3,2,5,21,3,4,1,3
1593619391,"2020-07-01 16:03:11",5,255,3,2,5,20,3,4,1,3
1593619451,"2020-07-01 16:04:11",5,260,3,2,5,21,3,4,1,3
1593619511,"2020-07-01 16:05:11",4,258,3,2,4,21,3,4,1,3
1593619571,"2020-07-01 16:06:11",4,258,3,2,4,21,3,4,1,3
1593619631,"2020-07-01 16:07:11",4,263,3,2,4,21,3,4,1,3
1593619691,"2020-07-01 16:08:11",0,256,3,2,0,20,3,4,1,3
1593619751,"2020-07-01 16:09:11",4,264,3,2,4,21,3,4,1,3
1593619811,"2020-07-01 16:10:11",5,262,3,2,5,21,3,4,1,3
1593619871,"2020-07-01 16:11:11",0,258,3,2,0,21,3,4,1,3
1593619931,"2020-07-01 16:12:11",5,262,22.387646,2.519843,5,21,22,5,1,3
1593619991,"2020-07-01 16:13:11",5,266,13.513606,2,5,21,14,4,1,3
1593620051,"2020-07-01 16:14:11",4,259,3,2,4,21,3,4,1,3
1593620111,"2020-07-01 16:15:11",5,262,3,2,5,21,3,4,1,3
1593620171,"2020-07-01 16:16:11",5,264,3,2,5,21,3,4,1,3
1593620231,"2020-07-01 16:17:11",5,266,3,2,5,21,3,4,1,3
1593620291,"2020-07-01 16:18:11",5,263,3,2,5,21,3,4,1,3
1593620351,"2020-07-01 16:19:11",5,254,3,2,5,20,3,4,1,3
1593620411,"2020-07-01 16:20:11",4,260,4.749234,2,4,21,5,4,1,3
1593620471,"2020-07-01 16:21:11",5,263,3,2,5,21,3,4,1,3
1593620531,"2020-07-01 16:22:11",4,260,3,2,4,21,3,4,1,3
1593620591,"2020-07-01 16:23:11",5,263,3,2,5,21,3,4,1,3
1593620651,"2020-07-01 16:24:11",5,260,3.192899,2,5,21,3,4,1,3
1593620711,"2020-07-01 16:25:11",5,261,3,2,5,21,3,4,1,3
1593620771,"2020-07-01 16:26:11",4,259,3,2,4,21,3,4,1,3
1593620831,"2020-07-01 16:27:11",4,262,3,2,4,21,3,4,1,3
1593620891,"2020-07-01 16:28:11",5,261,3,2,5,21,3,4,1,3
1593620951,"2020-07-01 16:29:11",5,263,3,2,5,21,3,4,1,3
1593621011,"2020-07-01 16:30:11",5,259,3,2,5,21,3,4,1,3
1593621071,"2020-07-01 16:31:11",5,265,3,2,5,21,3,4,1,3
1593621131,"2020-07-01 16:32:11",4,258,3,2,4,21,3,4,1,3
1593621191,"2020-07-01 16:33:11",4,263,3,2,4,21,3,4,1,3
1593621251,"2020-07-01 16:34:11",5,264,3,2,5,21,3,4,1,3
1593621311,"2020-07-01 16:35:11",4,262,3,2,4,21,3,4,1,3
1593621371,"2020-07-01 16:36:11",4,270,3,2,4,21,3,4,1,3
1593621431,"2020-07-01 16:37:11",5,266,3,2,5,21,3,4,1,3
1593621491,"2020-07-01 16:38:11",5,264,3,2,5,21,3,4,1,3
1593621551,"2020-07-01 16:39:11",4,263,3,2,4,21,3,4,1,3
1593621611,"2020-07-01 16:40:11",4,264,3,2,4,21,3,4,1,3
1593621671,"2020-07-01 16:41:11",4,265,3,2,4,21,3,4,1,3
1593621731,"2020-07-01 16:42:11",4,269,3,2,4,21,3,4,1,3
1593621791,"2020-07-01 16:43:11",3,262,3,2,3,21,3,4,1,3
1593621851,"2020-07-01 16:44:11",4,266,3,2,4,21,3,4,1,3
1593621911,"2020-07-01 16:45:11",4,268,3,2,4,21,3,4,1,3
1593621971,"2020-07-01 16:46:11",4,269,3,2,4,21,3,4,1,3
1593622031,"2020-07-01 16:47:11",4,265,3,2,4,21,3,4,1,3
1593622091,"2020-07-01 16:48:11",4,263,3,2,4,21,3,4,1,3
1593622151,"2020-07-01 16:49:11",4,268,3,2,4,21,3,4,1,3
1593622211,"2020-07-01 16:50:11",4,270,3,2,4,21,3,4,1,3
1593622271,"2020-07-01 16:51:11",4,268,3,2,4,21,3,4,1,3
1593622331,"2020-07-01 16:52:11",4,268,3,2,4,21,3,4,1,3
1593622391,"2020-07-01 16:53:11",3,266,3,2,3,21,3,4,1,3
1593622451,"2020-07-01 16:54:11",4,264,3,2,4,21,3,4,1,3
1593622511,"2020-07-01 16:55:11",4,274,3,2,4,22,3,4,1,3
1593622571,"2020-07-01 16:56:11",4,265,3,2,4,21,3,4,1,3
1593622631,"2020-07-01 16:57:11",4,270,7.207271,2,4,21,7,4,1,3
1593622691,"2020-07-01 16:58:11",3,269,3,2,3,21,3,4,1,3
1593622751,"2020-07-01 16:59:11",4,269,3,2,4,21,3,4,1,3
1593622811,"2020-07-01 17:00:11",3,269,3,2,3,21,3,4,1,3
1593622871,"2020-07-01 17:01:11",3,271,3,2,3,22,3,4,1,3
1593622931,"2020-07-01 17:02:11",4,273,3,2,4,22,3,4,1,3
1593622991,"2020-07-01 17:03:11",4,272,3,2,4,22,3,4,1,3
1593623051,"2020-07-01 17:04:11",4,271,3,2,4,22,3,4,1,3
1593623111,"2020-07-01 17:05:11",3,270,3,2,3,21,3,4,1,3
1593623171,"2020-07-01 17:06:11",3,271,3,2,3,22,3,4,1,3
1593623231,"2020-07-01 17:07:11",3,273,3,2,3,22,3,4,1,3
1593623291,"2020-07-01 17:08:11",3,276,3,2,3,22,3,4,1,3
1593623351,"2020-07-01 17:09:11",3,277,3,2,3,22,3,4,1,3
1593623411,"2020-07-01 17:10:11",4,278,3,2,4,22,3,4,1,3
1593623471,"2020-07-01 17:11:11",3,274,3,2,3,22,3,4,1,3
1593623531,"2020-07-01 17:12:11",3,273,3,2,3,22,3,4,1,3
1593623591,"2020-07-01 17:13:11",4,272,3,2,4,22,3,4,1,3
1593623651,"2020-07-01 17:14:11",3,279,3,2,3,22,3,4,1,3
1593623711,"2020-07-01 17:15:11",4,278,3,2,4,22,3,4,1,3
1593623771,"2020-07-01 17:16:11",4,277,3,2,4,22,3,4,1,3
1593623831,"2020-07-01 17:17:11",3,277,26.753647,3.1233501,3,22,27,6,1,3
1593623891,"2020-07-01 17:18:11",4,275,3,2,4,22,3,4,1,3
1593623951,"2020-07-01 17:19:11",2,273,3,2,2,22,3,4,1,3
1593624011,"2020-07-01 17:20:11",3,279,3,2,3,22,3,4,1,3
1593624071,"2020-07-01 17:21:11",4,275,3,2,4,22,3,4,1,3
1593624131,"2020-07-01 17:22:11",3,282,3,2,3,22,3,4,1,3
1593624191,"2020-07-01 17:23:11",3,276,3,2,3,22,3,4,1,3
1593624251,"2020-07-01 17:24:11",2,277,3,2,2,22,3,4,1,3
1593624311,"2020-07-01 17:25:11",3,284,3,2,3,22,3,4,1,3
1593624371,"2020-07-01 17:26:11",3,282,3,2,3,22,3,4,1,3
1593624431,"2020-07-01 17:27:11",3,280,3,2,3,22,3,4,1,3
1593624491,"2020-07-01 17:28:11",2,280,3,2,2,22,3,4,1,3
1593624551,"2020-07-01 17:29:11",3,281,3,2,3,22,3,4,1,3
1593624611,"2020-07-01 17:30:11",2,274,3,2,2,22,3,4,1,3
1593624671,"2020-07-01 17:31:11",4,281,3,2,4,22,3,4,1,3
1593624731,"2020-07-01 17:32:11",3,287,3,2,3,23,3,4,1,3
1593624791,"2020-07-01 17:33:11",2,283,3,2,2,22,3,4,1,3
1593624851,"2020-07-01 17:34:11",2,282,3,2,2,22,3,4,1,3
1593624911,"2020-07-01 17:35:11",2,284,3,2,2,22,3,4,1,3
1593624971,"2020-07-01 17:36:11",2,282,3,2,2,22,3,4,1,3
1593625031,"2020-07-01 17:37:11",2,283,3,2,2,22,3,4,1,3
1593625091,"2020-07-01 17:38:11",2,283,3,2,2,22,3,4,1,3
1593625151,"2020-07-01 17:39:11",2,290,3,2,2,23,3,4,1,3
1593625211,"2020-07-01 17:40:11",3,285,3,2,3,23,3,4,1,3
1593625271,"2020-07-01 17:41:11",2,284,3,2,2,22,3,4,1,3
1593625331,"2020-07-01 17:42:11",3,286,3,2,3,23,3,4,1,3
1593625391,"2020-07-01 17:43:11",2,287,3,2,2,23,3,4,1,3
1593625451,"2020-07-01 17:44:11",2,290,3,2,2,23,3,4,1,3
1593625511,"2020-07-01 17:45:11",3,288,3,2,3,23,3,4,1,3
1593625571,"2020-07-01 17:46:11",2,287,3,2,2,23,3,4,1,3
1593625631,"2020-07-01 17:47:11",2,285,3,2,2,23,3,4,1,3
1593625691,"2020-07-01 17:48:11",2,286,3,2,2,23,3,4,1,3
1593625751,"2020-07-01 17:49:11",2,284,3,2,2,22,3,4,1,3
1593625811,"2020-07-01 17:50:11",2,284,3,2,2,22,3,4,1,3
1593625871,"2020-07-01 17:51:11",2,285,3,2,2,23,3,4,1,3
1593625931,"2020-07-01 17:52:11",3,289,3,2,3,23,3,4,1,3
1593625991,"2020-07-01 17:53:11",3,284,3,2,3,22,3,4,1,3
1593626051,"2020-07-01 17:54:11",2,289,3,2,2,23,3,4,1,3
1593626111,"2020-07-01 17:55:11",2,290,3,2,2,23,3,4,1,3
1593626171,"2020-07-01 17:56:11",3,287,3,2,3,23,3,4,1,3
1593626231,"2020-07-01 17:57:11",2,282,3,2,2,22,3,4,1,3
1593626291,"2020-07-01 17:58:11",0,292,3,2,0,23,3,4,1,3
1593626351,"2020-07-01 17:59:11",3,294,3,2,3,23,3,4,1,3
1593626411,"2020-07-01 18:00:11",2,287,3,2,2,23,3,4,1,3
1593626471,"2020-07-01 18:01:11",2,290,3,2,2,23,3,4,1,3
1593626531,"2020-07-01 18:02:11",2,286,3,2,2,23,3,4,1,3
1593626591,"2020-07-01 18:03:11",3,284,3,2,3,22,3,4,1,3
1593626651,"2020-07-01 18:04:11",3,291,3,2,3,23,3,4,1,3
1593626711,"2020-07-01 18:05:11",3,287,3,2,3,23,3,4,1,3
1593626771,"2020-07-01 18:06:11",3,288,3,2,3,23,3,4,1,3
1593626831,"2020-07-01 18:07:11",3,288,3,2,3,23,3,4,1,3
1593626891,"2020-07-01 18:08:11",0,289,3,2,0,23,3,4,1,3
1593626951,"2020-07-01 18:09:11",2,291,3,2,2,23,3,4,1,3
1593627011,"2020-07-01 18:10:11",3,292,3,2,3,23,3,4,1,3
1593627071,"2020-07-01 18:11:11",2,288,3,2,2,23,3,4,1,3
1593627131,"2020-07-01 18:12:11",3,296,3,2,3,23,3,4,1,3
1593627191,"2020-07-01 18:13:11",2,288,3,2,2,23,3,4,1,3
1593627311,"2020-07-01 18:15:11",2,290,3,2,2,23,3,4,1,3
1593627371,"2020-07-01 18:16:11",2,292,3,2,2,23,3,4,1,3
1593627431,"2020-07-01 18:17:11",2,294,5.6946054,2,2,23,6,4,1,3
1593627491,"2020-07-01 18:18:11",0,291,3,2,0,23,3,4,1,3
1593627551,"2020-07-01 18:19:11",2,0,11.37425,2.4793167,2,0,11,5,1,3
1593627611,"2020-07-01 18:20:11",2,296,3,2,2,23,3,4,1,3
1593627671,"2020-07-01 18:21:11",3,294,3,2,3,23,3,4,1,3
1593627731,"2020-07-01 18:22:11",2,295,3,2,2,23,3,4,1,3
1593627791,"2020-07-01 18:23:11",3,296,3,2,3,23,3,4,1,3
1593627851,"2020-07-01 18:24:11",3,293,3,2,3,23,3,4,1,3
1593627911,"2020-07-01 18:25:11",3,293,3,2,3,23,3,4,1,3
1593627971,"2020-07-01 18:26:11",2,296,3,2,2,23,3,4,1,3
1593628031,"2020-07-01 18:27:11",3,294,7.31112,3.5912876,3,23,7,7,1,4
1593628091,"2020-07-01 18:28:11",0,291,3.7327316,2,0,23,4,4,1,3
1593628151,"2020-07-01 18:29:11",2,293,3,2,2,23,3,4,1,3
1593628211,"2020-07-01 18:30:11",2,296,3,2,2,23,3,4,1,3
1593628271,"2020-07-01 18:31:11",2,295,3,2,2,23,3,4,1,3
1593628331,"2020-07-01 18:32:11",2,294,3,2,2,23,3,4,1,3
1593628391,"2020-07-01 18:33:11",0,293,3,2,0,23,3,4,1,3
1593628451,"2020-07-01 18:34:11",3,296,10.356736,2.160552,3,23,10,4,1,3
1593628511,"2020-07-01 18:35:11",2,295,3,2,2,23,3,4,1,3
1593628571,"2020-07-01 18:36:11",2,304,3,2,2,24,3,4,1,3
1593628631,"2020-07-01 18:37:11",3,293,3,2,3,23,3,4,1,3
1593628691,"2020-07-01 18:38:11",3,303,3,2,3,24,3,4,1,3
1593628751,"2020-07-01 18:39:11",3,301,3,2,3,24,3,4,1,3
1593628811,"2020-07-01 18:40:11",2,296,3,2,2,23,3,4,1,3
1593628871,"2020-07-01 18:41:11",3,297,3,2,3,23,3,4,1,3
1593628931,"2020-07-01 18:42:11",2,299,3,2,2,24,3,4,1,3
1593628991,"2020-07-01 18:43:11",2,299,3,2,2,24,3,4,1,3
1593629051,"2020-07-01 18:44:11",3,304,3,2,3,24,3,4,1,3
1593629111,"2020-07-01 18:45:11",2,298,3,2,2,24,3,4,1,3
1593629171,"2020-07-01 18:46:11",3,301,4.8742075,2.290059,3,24,5,5,1,3
1593629231,"2020-07-01 18:47:11",3,300,3,2,3,24,3,4,1,3
1593629291,"2020-07-01 18:48:11",2,297,3,2,2,23,3,4,1,3
1593629351,"2020-07-01 18:49:11",2,298,3,2,2,24,3,4,1,3
1593629411,"2020-07-01 18:50:11",3,300,3,2,3,24,3,4,1,3
1593629471,"2020-07-01 18:51:11",2,294,3,2,2,23,3,4,1,3
1593629531,"2020-07-01 18:52:11",2,302,3,2,2,24,3,4,1,3
1593629591,"2020-07-01 18:53:11",2,296,3,2,2,23,3,4,1,3
1593629651,"2020-07-01 18:54:11",3,302,3,2,3,24,3,4,1,3
1593629711,"2020-07-01 18:55:11",3,301,5.7362995,2.4632015,3,24,6,5,1,3
1593629771,"2020-07-01 18:56:11",2,301,3,2,2,24,3,4,1,3
1593629831,"2020-07-01 18:57:11",3,298,3,2,3,24,3,4,1,3
1593629891,"2020-07-01 18:58:11",3,295,3,2,3,23,3,4,1,3
1593629951,"2020-07-01 18:59:11",3,302,3,2,3,24,3,4,1,3
1593630011,"2020-07-01 19:00:11",3,302,3,2,3,24,3,4,1,3
1593630071,"2020-07-01 19:01:11",2,304,3,2,2,24,3,4,1,3
1593630131,"2020-07-01 19:02:11",3,298,3,2,3,24,3,4,1,3
1593630191,"2020-07-01 19:03:11",2,303,3,2,2,24,3,4,1,3
1593630251,"2020-07-01 19:04:11",2,302,5.28645,2.3295937,2,24,5,5,1,3
1593630311,"2020-07-01 19:05:11",2,301,3,2,2,24,3,4,1,3
1593630371,"2020-07-01 19:06:11",4,300,3,2,4,24,3,4,1,3
1593630431,"2020-07-01 19:07:11",3,297,3,2,3,23,3,4,1,3
1593630491,"2020-07-01 19:08:11",3,305,3,2,3,24,3,4,1,3
1593630551,"2020-07-01 19:09:11",2,301,3,2,2,24,3,4,1,3
1593630611,"2020-07-01 19:10:11",3,300,3,2,3,24,3,4,1,3
1593630671,"2020-07-01 19:11:11",2,301,3,2,2,24,3,4,1,3
1593630731,"2020-07-01 19:12:11",3,300,3,2,3,24,3,4,1,3
1593630791,"2020-07-01 19:13:11",2,301,3,2,2,24,3,4,1,3
1593630851,"2020-07-01 19:14:11",2,302,3,2,2,24,3,4,1,3
1593630911,"2020-07-01 19:15:11",2,309,3,2,2,24,3,4,1,3
1593630971,"2020-07-01 19:16:11",3,305,3,2,3,24,3,4,1,3
1593631031,"2020-07-01 19:17:11",3,304,3,2,3,24,3,4,1,3
1593631091,"2020-07-01 19:18:11",3,302,3,2,3,24,3,4,1,3
1593631151,"2020-07-01 19:19:11",2,301,5.6935883,2.1922102,2,24,6,4,1,3
1593631211,"2020-07-01 19:20:11",3,305,3,2,3,24,3,4,1,3
1593631271,"2020-07-01 19:21:11",2,302,3,2,2,24,3,4,1,3
1593631331,"2020-07-01 19:22:11",3,301,3,2,3,24,3,4,1,3
1593631391,"2020-07-01 19:23:11",3,311,5.5377903,2,3,24,6,4,1,3
1593631451,"2020-07-01 19:24:11",3,308,5.3620844,2.2818985,3,24,5,5,1,3
1593631511,"2020-07-01 19:25:11",3,307,12.17606,2,3,24,12,4,1,3
1593631571,"2020-07-01 19:26:11",3,311,3,2,3,24,3,4,1,3
1593631631,"2020-07-01 19:27:11",3,307,3,2,3,24,3,4,1,3
1593631691,"2020-07-01 19:28:11",3,304,3,2,3,24,3,4,1,3
1593631751,"2020-07-01 19:29:11",3,307,3,2,3,24,3,4,1,3
1593631811,"2020-07-01 19:30:11",3,305,3,2,3,24,3,4,1,3
1593631871,"2020-07-01 19:31:11",2,303,3,2,2,24,3,4,1,3
1593631931,"2020-07-01 19:32:11",3,308,3,2,3,24,3,4,1,3
1593631991,"2020-07-01 19:33:11",2,305,3,2,2,24,3,4,1,3
1593632051,"2020-07-01 19:34:11",3,307,3,2,3,24,3,4,1,3
1593632111,"2020-07-01 19:35:11",3,307,3,2,3,24,3,4,1,3
1593632171,"2020-07-01 19:36:11",3,307,3,2,3,24,3,4,1,3
1593632231,"2020-07-01 19:37:11",3,301,13.900566,2.8737125,3,24,14,6,1,3
1593632291,"2020-07-01 19:38:11",3,306,3,2,3,24,3,4,1,3
1593632351,"2020-07-01 19:39:11",3,307,3,2,3,24,3,4,1,3
1593632411,"2020-07-01 19:40:11",3,305,3,2,3,24,3,4,1,3
1593632471,"2020-07-01 19:41:11",2,309,3,2,2,24,3,4,1,3
1593632531,"2020-07-01 19:42:11",3,308,3,2,3,24,3,4,1,3
1593632591,"2020-07-01 19:43:11",3,310,3,2,3,24,3,4,1,3
1593632651,"2020-07-01 19:44:11",3,308,3,2,3,24,3,4,1,3
1593632711,"2020-07-01 19:45:11",3,311,3,2,3,24,3,4,1,3
1593632771,"2020-07-01 19:46:11",4,309,3,2,4,24,3,4,1,3
1593632831,"2020-07-01 19:47:11",3,313,4.5318937,2,3,25,5,4,1,3
1593632891,"2020-07-01 19:48:11",4,306,3,2,4,24,3,4,1,3
1593632951,"2020-07-01 19:49:11",3,312,3,2,3,25,3,4,1,3
1593633011,"2020-07-01 19:50:11",3,312,3,2,3,25,3,4,1,3
1593633071,"2020-07-01 19:51:11",3,308,3,2,3,24,3,4,1,3
1593633131,"2020-07-01 19:52:11",3,310,3,2,3,24,3,4,1,3
1593633191,"2020-07-01 19:53:11",4,307,3,2,4,24,3,4,1,3
1593633251,"2020-07-01 19:54:11",2,311,3,2,2,24,3,4,1,3
1593633311,"2020-07-01 19:55:11",3,312,3,2,3,25,3,4,1,3
1593633371,"2020-07-01 19:56:11",2,307,3,2,2,24,3,4,1,3
1593633431,"2020-07-01 19:57:11",4,310,3,2,4,24,3,4,1,3
1593633491,"2020-07-01 19:58:11",3,315,3,2,3,25,3,4,1,3
1593633551,"2020-07-01 19:59:11",3,311,3,2,3,24,3,4,1,3
1593633611,"2020-07-01 20:00:11",3,314,3,2,3,25,3,4,1,3
1593633671,"2020-07-01 20:01:11",4,312,3,2,4,25,3,4,1,3
1593633731,"2020-07-01 20:02:11",3,312,3,2,3,25,3,4,1,3
1593633791,"2020-07-01 20:03:11",3,307,3,2,3,24,3,4,1,3
1593633851,"2020-07-01 20:04:11",4,308,3,2,4,24,3,4,1,3
1593633911,"2020-07-01 20:05:11",3,311,8.538763,2,3,24,9,4,1,3
1593633971,"2020-07-01 20:06:11",4,311,3,2,4,24,3,4,1,3
1593634031,"2020-07-01 20:07:11",4,311,3,2,4,24,3,4,1,3
1593634091,"2020-07-01 20:08:11",4,315,3,2,4,25,3,4,1,3
1593634151,"2020-07-01 20:09:11",3,312,3,2,3,25,3,4,1,3
1593634211,"2020-07-01 20:10:11",4,311,3,2,4,24,3,4,1,3
1593634271,"2020-07-01 20:11:11",3,313,3,2,3,25,3,4,1,3
1593634331,"2020-07-01 20:12:11",3,316,9.433365,2,3,25,9,4,1,3
1593634391,"2020-07-01 20:13:11",4,314,3,2,4,25,3,4,1,3
1593634451,"2020-07-01 20:14:11",3,318,3,2,3,25,3,4,1,3
1593634511,"2020-07-01 20:15:11",4,310,5.0334196,2,4,24,5,4,1,3
1593634571,"2020-07-01 20:16:11",4,315,3,2,4,25,3,4,1,3
1593634631,"2020-07-01 20:17:11",4,314,11.0974455,2,4,25,11,4,1,3
1593634691,"2020-07-01 20:18:11",0,319,3,2,0,25,3,4,1,3
1593634751,"2020-07-01 20:19:11",3,316,3,2,3,25,3,4,1,3
1593634811,"2020-07-01 20:20:11",4,312,5.604371,2,4,25,6,4,1,3
1593634871,"2020-07-01 20:21:11",3,314,3,2,3,25,3,4,1,3
1593634931,"2020-07-01 20:22:11",3,314,3,2,3,25,3,4,1,3
1593634991,"2020-07-01 20:23:11",3,316,3,2,3,25,3,4,1,3
1593635051,"2020-07-01 20:24:11",4,314,3,2,4,25,3,4,1,3
1593635111,"2020-07-01 20:25:11",3,314,8.954154,2.3279762,3,25,9,5,1,3
1593635171,"2020-07-01 20:26:11",4,318,3,2,4,25,3,4,1,3
1593635231,"2020-07-01 20:27:11",4,315,3,2,4,25,3,4,1,3
1593635291,"2020-07-01 20:28:11",0,320,5.224847,2,0,25,5,4,1,3
1593635351,"2020-07-01 20:29:11",4,317,3,2,4,25,3,4,1,3
1593635411,"2020-07-01 20:30:11",3,316,3,2,3,25,3,4,1,3
1593635471,"2020-07-01 20:31:11",4,320,5.575877,2,4,25,6,4,1,3
1593635531,"2020-07-01 20:32:11",4,318,3,2,4,25,3,4,1,3
1593635591,"2020-07-01 20:33:11",3,319,20.51039,5.0619454,3,25,21,10,2,5
1593635651,"2020-07-01 20:34:11",4,323,3,2,4,25,3,4,1,3
1593635711,"2020-07-01 20:35:11",4,314,10.4513855,2.5655136,4,25,10,5,1,3
1593635831,"2020-07-01 20:37:11",3,321,3,2,3,25,3,4,1,3
1593635891,"2020-07-01 20:38:11",0,319,8.935786,3.6225514,0,25,9,7,1,3
1593635951,"2020-07-01 20:39:11",3,314,3,2,3,25,3,4,1,3
1593636011,"2020-07-01 20:40:11",4,0,12.998823,3.998323,4,0,13,8,2,4
1593636071,"2020-07-01 20:41:11",4,321,3,2,4,25,3,4,1,3
1593636131,"2020-07-01 20:42:11",4,322,7.352782,2,4,25,7,4,1,3
1593636191,"2020-07-01 20:43:11",3,315,3,2,3,25,3,4,1,3
1593636251,"2020-07-01 20:44:11",3,320,3,2,3,25,3,4,1,3
1593636311,"2020-07-01 20:45:11",3,323,5.5643396,2,3,25,6,4,1,3
1593636371,"2020-07-01 20:46:11",3,320,14.089392,3.021594,3,25,14,6,1,3
1593636431,"2020-07-01 20:47:11",4,315,3,2,4,25,3,4,1,3
1593636491,"2020-07-01 20:48:11",0,322,3,2,0,25,3,4,1,3
1593636551,"2020-07-01 20:49:11",4,324,3,2,4,25,3,4,1,3
1593636611,"2020-07-01 20:50:11",3,324,3,2,3,25,3,4,1,3
1593636671,"2020-07-01 20:51:11",4,320,5.5904226,2,4,25,6,4,1,3
1593636731,"2020-07-01 20:52:11",4,323,3,2,4,25,3,4,1,3
1593636791,"2020-07-01 20:53:11",4,322,3,2,4,25,3,4,1,3
1593636851,"2020-07-01 20:54:11",2,324,3,2,2,25,3,4,1,3
1593636911,"2020-07-01 20:55:11",0,322,3,2,0,25,3,4,1,3
1593636971,"2020-07-01 20:56:11",4,317,3,2,4,25,3,4,1,3
1593637031,"2020-07-01 20:57:11",3,324,3,2,3,25,3,4,1,3
1593637091,"2020-07-01 20:58:11",4,318,3,2,4,25,3,4,1,3
1593637151,"2020-07-01 20:59:11",3,327,3,2,3,26,3,4,1,3
1593637211,"2020-07-01 21:00:11",3,319,7.9135175,2,3,25,8,4,1,3
1593637271,"2020-07-01 21:01:11",4,324,3,2,4,25,3,4,1,3
1593637331,"2020-07-01 21:02:11",3,321,3,2,3,25,3,4,1,3
1593637391,"2020-07-01 21:03:11",3,328,6.2510486,2,3,26,6,4,1,3
1593637451,"2020-07-01 21:04:11",3,328,3,2,3,26,3,4,1,3
1593637511,"2020-07-01 21:05:11",3,327,3,2,3,26,3,4,1,3
1593637571,"2020-07-01 21:06:11",3,324,7.103265,2,3,25,7,4,1,3
1593637631,"2020-07-01 21:07:11",3,324,4.7190533,2,3,25,5,4,1,3
1593637691,"2020-07-01 21:08:11",4,326,3,2,4,26,3,4,1,3
1593637751,"2020-07-01 21:09:11",3,330,8.756932,2.4801674,3,26,9,5,1,3
1593637811,"2020-07-01 21:10:11",3,323,12.861288,4.1480374,3,25,13,8,2,4
1593637871,"2020-07-01 21:11:11",3,326,3,2,3,26,3,4,1,3
1593637931,"2020-07-01 21:12:11",3,327,3,2,3,26,3,4,1,3
1593637991,"2020-07-01 21:13:11",3,328,3,2,3,26,3,4,1,3
1593638051,"2020-07-01 21:14:11",3,324,3,2,3,25,3,4,1,3
1593638111,"2020-07-01 21:15:11",3,334,3,2,3,26,3,4,1,3
1593638171,"2020-07-01 21:16:11",3,325,3,2,3,25,3,4,1,3
1593638231,"2020-07-01 21:17:11",3,327,3,2,3,26,3,4,1,3
1593638291,"2020-07-01 21:18:11",4,329,3,2,4,26,3,4,1,3
1593638351,"2020-07-01 21:19:11",3,328,3,2,3,26,3,4,1,3
1593638411,"2020-07-01 21:20:11",3,332,3.1199255,2.1199255,3,26,3,4,1,3
1593638471,"2020-07-01 21:21:11",3,328,3,2,3,26,3,4,1,3
1593638531,"2020-07-01 21:22:11",3,328,18.24743,2,3,26,18,4,1,3
1593638591,"2020-07-01 21:23:11",3,323,3.639476,2,3,25,4,4,1,3
1593638651,"2020-07-01 21:24:11",3,330,3.4308217,2,3,26,3,4,1,3
1593638711,"2020-07-01 21:25:11",4,328,3,2,4,26,3,4,1,3
1593638771,"2020-07-01 21:26:11",3,323,3,2,3,25,3,4,1,3
1593638831,"2020-07-01 21:27:11",3,324,3,2,3,25,3,4,1,3
1593638891,"2020-07-01 21:28:11",2,329,3,2,2,26,3,4,1,3
1593638951,"2020-07-01 21:29:11",3,332,3,2,3,26,3,4,1,3
1593639011,"2020-07-01 21:30:11",3,337,11.946306,2,3,26,12,4,1,3
1593639071,"2020-07-01 21:31:11",3,328,3,2,3,26,3,4,1,3
1593639131,"2020-07-01 21:32:11",3,327,3.5697987,2,3,26,4,4,1,3
1593639191,"2020-07-01 21:33:11",4,328,3.1531823,2,4,26,3,4,1,3
1593639251,"2020-07-01 21:34:11",3,327,3,2,3,26,3,4,1,3
1593639311,"2020-07-01 21:35:11",3,328,8.606251,2,3,26,9,4,1,3
1593639371,"2020-07-01 21:36:11",4,326,3,2,4,26,3,4,1,3
1593639431,"2020-07-01 21:37:11",4,326,3,2,4,26,3,4,1,3
1593639491,"2020-07-01 21:38:11",4,325,3,2,4,25,3,4,1,3
1593639551,"2020-07-01 21:39:11",4,327,3,2,4,26,3,4,1,3
1593639611,"2020-07-01 21:40:11",3,328,3,2,3,26,3,4,1,3
1593639671,"2020-07-01 21:41:11",4,332,5.985274,2,4,26,6,4,1,3
1593639731,"2020-07-01 21:42:11",3,332,3,2,3,26,3,4,1,3
1593639791,"2020-07-01 21:43:11",3,329,3,2,3,26,3,4,1,3
1593639851,"2020-07-01 21:44:11",3,330,3,2,3,26,3,4,1,3
1593639911,"2020-07-01 21:45:11",4,328,3,2,4,26,3,4,1,3
1593639971,"2020-07-01 21:46:11",3,326,3.2553,2,3,26,3,4,1,3
1593640031,"2020-07-01 21:47:11",3,326,5.930671,2,3,26,6,4,1,3
1593640091,"2020-07-01 21:48:11",3,324,3,2,3,25,3,4,1,3
1593640151,"2020-07-01 21:49:11",3,331,3,2,3,26,3,4,1,3
1593640211,"2020-07-01 21:50:11",3,328,3,2,3,26,3,4,1,3
1593640271,"2020-07-01 21:51:11",3,333,3,2,3,26,3,4,1,3
1593640331,"2020-07-01 21:52:11",3,322,3,2,3,25,3,4,1,3
1593640391,"2020-07-01 21:53:11",4,332,3,2,4,26,3,4,1,3
1593640451,"2020-07-01 21:54:11",3,328,3,2,3,26,3,4,1,3
1593640511,"2020-07-01 21:55:11",3,323,3,2,3,25,3,4,1,3
1593640571,"2020-07-01 21:56:11",4,331,3,2,4,26,3,4,1,3
1593640631,"2020-07-01 21:57:11",4,331,3,2,4,26,3,4,1,3
1593640691,"2020-07-01 21:58:11",4,334,3,2,4,26,3,4,1,3
1593640751,"2020-07-01 21:59:11",4,324,6.2283163,2.2806635,4,25,6,5,1,3
1593640811,"2020-07-01 22:00:11",4,330,3,2,4,26,3,4,1,3
1593640871,"2020-07-01 22:01:11",3,326,3,2,3,26,3,4,1,3
1593640931,"2020-07-01 22:02:11",4,322,3,2,4,25,3,4,1,3
1593640991,"2020-07-01 22:03:11",3,327,3,2,3,26,3,4,1,3
1593641051,"2020-07-01 22:04:11",3,330,3,2,3,26,3,4,1,3
1593641111,"2020-07-01 22:05:11",4,331,3,2,4,26,3,4,1,3
1593641171,"2020-07-01 22:06:11",4,326,3,2,4,26,3,4,1,3
1593641231,"2020-07-01 22:07:11",4,330,3,2,4,26,3,4,1,3
1593641291,"2020-07-01 22:08:11",4,325,3,2,4,25,3,4,1,3
1593641351,"2020-07-01 22:09:11",4,325,3,2,4,25,3,4,1,3
1593641411,"2020-07-01 22:10:11",4,323,3,2,4,25,3,4,1,3
1593641471,"2020-07-01 22:11:11",4,320,3,2,4,25,3,4,1,3
1593641531,"2020-07-01 22:12:11",4,323,4.513156,2,4,25,5,4,1,3
1593641591,"2020-07-01 22:13:11",4,327,3,2,4,26,3,4,1,3
1593641651,"2020-07-01 22:14:11",4,331,3,2,4,26,3,4,1,3
1593641711,"2020-07-01 22:15:11",4,324,3,2,4,25,3,4,1,3
1593641771,"2020-07-01 22:16:11",4,323,3,2,4,25,3,4,1,3
1593641831,"2020-07-01 22:17:11",4,326,3,2,4,26,3,4,1,3
1593641891,"2020-07-01 22:18:11",4,323,3,2,4,25,3,4,1,3
1593641951,"2020-07-01 22:19:11",4,317,3,2,4,25,3,4,1,3
1593642011,"2020-07-01 22:20:11",4,326,3,2,4,26,3,4,1,3
1593642071,"2020-07-01 22:21:11",4,321,3,2,4,25,3,4,1,3
1593642131,"2020-07-01 22:22:11",4,320,3,2,4,25,3,4,1,3
1593642191,"2020-07-01 22:23:11",4,320,3,2,4,25,3,4,1,3
1593642251,"2020-07-01 22:24:11",5,327,3,2,5,26,3,4,1,3
1593642311,"2020-07-01 22:25:11",4,327,3,2,4,26,3,4,1,3
1593642371,"2020-07-01 22:26:11",4,317,3,2,4,25,3,4,1,3
1593642431,"2020-07-01 22:27:11",5,322,3,2,5,25,3,4,1,3
1593642491,"2020-07-01 22:28:11",5,322,24.21294,2.3555517,5,25,24,5,1,3
1593642551,"2020-07-01 22:29:11",4,316,3,2,4,25,3,4,1,3
1593642611,"2020-07-01 22:30:11",4,323,3,2,4,25,3,4,1,3
1593642671,"2020-07-01 22:31:11",5,325,3,2,5,25,3,4,1,3
1593642731,"2020-07-01 22:32:11",5,326,3,2,5,26,3,4,1,3
1593642791,"2020-07-01 22:33:11",4,324,3,2,4,25,3,4,1,3
1593642851,"2020-07-01 22:34:11",5,324,3,2,5,25,3,4,1,3
1593642911,"2020-07-01 22:35:11",4,321,12.235848,2,4,25,12,4,1,3
1593642971,"2020-07-01 22:36:11",5,318,3,2,5,25,3,4,1,3
1593643031,"2020-07-01 22:37:11",5,316,3,2,5,25,3,4,1,3
1593643091,"2020-07-01 22:38:11",0,321,8.356186,2,0,25,8,4,1,3
1593643151,"2020-07-01 22:39:11",5,319,3,2,5,25,3,4,1,3
1593643211,"2020-07-01 22:40:11",5,321,4.114434,2,5,25,4,4,1,3
1593643271,"2020-07-01 22:41:11",6,323,5.4190745,2,5,25,5,4,1,3
1593643331,"2020-07-01 22:42:11",5,320,3,2,5,25,3,4,1,3
1593643391,"2020-07-01 22:43:11",5,319,3,2,5,25,3,4,1,3
1593643451,"2020-07-01 22:44:11",5,318,3,2,5,25,3,4,1,3
1593643511,"2020-07-01 22:45:11",5,310,11.811402,2,5,24,12,4,1,3
1593643571,"2020-07-01 22:46:11",5,323,3,2,5,25,3,4,1,3
1593643631,"2020-07-01 22:47:11",5,320,3,2,5,25,3,4,1,3
1593643691,"2020-07-01 22:48:11",0,314,3,2,0,25,3,4,1,3
1593643751,"2020-07-01 22:49:11",5,316,4.020253,2,5,25,4,4,1,3
1593643811,"2020-07-01 22:50:11",5,323,3,2,5,25,3,4,1,3
1593643871,"2020-07-01 22:51:11",5,317,3,2,5,25,3,4,1,3
1593643931,"2020-07-01 22:52:11",4,320,3,2,4,25,3,4,1,3
1593643991,"2020-07-01 22:53:11",4,311,3,2,4,24,3,4,1,3
1593644051,"2020-07-01 22:54:11",5,321,16.551243,2,5,25,17,4,1,3
1593644111,"2020-07-01 22:55:11",5,319,3,2,5,25,3,4,1,3
1593644171,"2020-07-01 22:56:11",5,321,3,2,5,25,3,4,1,3
1593644231,"2020-07-01 22:57:11",5,317,3,2,5,25,3,4,1,3
1593644351,"2020-07-01 22:59:11",6,320,3,2,5,25,3,4,1,3
1593644411,"2020-07-01 23:00:11",6,320,13.5524235,2,5,25,14,4,1,3
1593644471,"2020-07-01 23:01:11",5,322,3,2,5,25,3,4,1,3
1593644531,"2020-07-01 23:02:11",5,0,3,2,5,0,3,4,1,3
1593644591,"2020-07-01 23:03:11",5,318,3,2,5,25,3,4,1,3
1593644651,"2020-07-01 23:04:11",6,319,4.6078653,2,5,25,5,4,1,3
1593644711,"2020-07-01 23:05:11",5,317,3,2,5,25,3,4,1,3
1593644771,"2020-07-01 23:06:11",6,319,3,2,5,25,3,4,1,3
1593644831,"2020-07-01 23:07:11",6,320,3,2,5,25,3,4,1,3
1593644891,"2020-07-01 23:08:11",0,327,3,2,0,26,3,4,1,3
1593644951,"2020-07-01 23:09:11",5,319,3,2,5,25,3,4,1,3
1593645011,"2020-07-01 23:10:11",5,319,3,2,5,25,3,4,1,3
1593645071,"2020-07-01 23:11:11",6,316,3,2,5,25,3,4,1,3
1593645131,"2020-07-01 23:12:11",5,316,3,2,5,25,3,4,1,3
1593645191,"2020-07-01 23:13:11",5,316,3,2,5,25,3,4,1,3
1593645251,"2020-07-01 23:14:11",5,317,3,2,5,25,3,4,1,3
1593645311,"2020-07-01 23:15:11",6,319,3,2,5,25,3,4,1,3
1593645371,"2020-07-01 23:16:11",5,315,3,2,5,25,3,4,1,3
1593645431,"2020-07-01 23:17:11",0,319,3,2,0,25,3,4,1,3
1593645491,"2020-07-01 23:18:11",6,323,6.2199364,2,5,25,6,4,1,3
1593645551,"2020-07-01 23:19:11",5,320,3,2,5,25,3,4,1,3
1593645611,"2020-07-01 23:20:11",5,317,3,2,5,25,3,4,1,3
1593645671,"2020-07-01 23:21:11",5,318,3,2,5,25,3,4,1,3
1593645731,"2020-07-01 23:22:11",5,322,3,2,5,25,3,4,1,3
1593645791,"2020-07-01 23:23:11",6,321,3,2,5,25,3,4,1,3
1593645851,"2020-07-01 23:24:11",6,318,3,2,5,25,3,4,1,3
1593645911,"2020-07-01 23:25:11",6,318,3,2,5,25,3,4,1,3
1593645971,"2020-07-01 23:26:11",6,319,3,2,5,25,3,4,1,3
1593646031,"2020-07-01 23:27:11",5,321,3,2,5,25,3,4,1,3
1593646091,"2020-07-01 23:28:11",6,322,3,2,5,25,3,4,1,3
1593646151,"2020-07-01 23:29:11",6,317,3,2,5,25,3,4,1,3
1593646211,"2020-07-01 23:30:11",6,316,3,2,5,25,3,4,1,3
1593646271,"2020-07-01 23:31:11",5,320,3,2,5,25,3,4,1,3
1593646331,"2020-07-01 23:32:11",6,309,3,2,5,24,3,4,1,3
1593646391,"2020-07-01 23:33:11",5,311,3,2,5,24,3,4,1,3
1593646451,"2020-07-01 23:34:11",6,317,3,2,5,25,3,4,1,3
1593646511,"2020-07-01 23:35:11",6,314,3,2,5,25,3,4,1,3
1593646571,"2020-07-01 23:36:11",6,315,3,2,5,25,3,4,1,3
1593646631,"2020-07-01 23:37:11",6,313,3,2,5,25,3,4,1,3
1593646691,"2020-07-01 23:38:11",6,314,3,2,5,25,3,4,1,3
1593646751,"2020-07-01 23:39:11",6,315,3,2,5,25,3,4,1,3
1593646811,"2020-07-01 23:40:11",6,314,3,2,5,25,3,4,1,3
1593646871,"2020-07-01 23:41:11",6,316,3,2,5,25,3,4,1,3
1593646931,"2020-07-01 23:42:11",6,316,3,2,5,25,3,4,1,3
1593646991,"2020-07-01 23:43:11",6,313,3,2,5,25,3,4,1,3
1593647051,"2020-07-01 23:44:11",5,316,3,2,5,25,3,4,1,3
1593647111,"2020-07-01 23:45:11",7,313,3,2,6,25,3,4,1,3
1593647171,"2020-07-01 23:46:11",6,313,3,2,5,25,3,4,1,3
1593647231,"2020-07-01 23:47:11",6,308,3,2,5,24,3,4,1,3
1593647291,"2020-07-01 23:48:11",6,315,3,2,5,25,3,4,1,3
1593647351,"2020-07-01 23:49:11",6,312,3,2,5,25,3,4,1,3
1593647411,"2020-07-01 23:50:11",6,312,3,2,5,25,3,4,1,3
1593647471,"2020-07-01 23:51:11",6,312,3,2,5,25,3,4,1,3
1593647531,"2020-07-01 23:52:11",7,314,3,2,6,25,3,4,1,3
1593647591,"2020-07-01 23:53:11",6,314,5.263242,2,5,25,5,4,1,3
1593647651,"2020-07-01 23:54:11",6,317,3,2,5,25,3,4,1,3
1593647711,"2020-07-01 23:55:11",6,309,3,2,5,24,3,4,1,3
1593647771,"2020-07-01 23:56:11",6,311,5.999234,2,5,24,6,4,1,3
1593647831,"2020-07-01 23:57:11",7,309,3,2,6,24,3,4,1,3
1593647891,"2020-07-01 23:58:11",7,307,3,2,6,24,3,4,1,3
1593647951,"2020-07-01 23:59:11",6,311,3,2,5,24,3,4,1,3
