1593216056,"2020-06-27 00:00:56",50,163,10.915252,2,56,13,11,4,1,3
1593216116,"2020-06-27 00:01:56",51,162,3,2,56,13,3,4,1,3
1593216176,"2020-06-27 00:02:56",51,160,4.2339554,2,56,13,4,4,1,3
1593216236,"2020-06-27 00:03:56",51,164,3,2,56,13,3,4,1,3
1593216296,"2020-06-27 00:04:56",51,164,3,2,56,13,3,4,1,3
1593216356,"2020-06-27 00:05:56",51,160,3,2,56,13,3,4,1,3
1593216416,"2020-06-27 00:06:56",52,164,3,2,57,13,3,4,1,3
1593216476,"2020-06-27 00:07:56",51,163,3,2,56,13,3,4,1,3
1593216536,"2020-06-27 00:08:56",51,164,3,2,56,13,3,4,1,3
1593216596,"2020-06-27 00:09:56",50,163,3,2,56,13,3,4,1,3
1593216656,"2020-06-27 00:10:56",51,162,3,2,56,13,3,4,1,3
1593216716,"2020-06-27 00:11:56",51,162,3,2,56,13,3,4,1,3
1593216776,"2020-06-27 00:12:56",52,164,3,2,57,13,3,4,1,3
1593216836,"2020-06-27 00:13:56",52,164,3,2,57,13,3,4,1,3
1593216896,"2020-06-27 00:14:56",51,164,3,2,56,13,3,4,1,3
1593217016,"2020-06-27 00:16:56",52,163,3,2,57,13,3,4,1,3
1593217076,"2020-06-27 00:17:56",52,161,7.1078095,2,57,13,7,4,1,3
1593217136,"2020-06-27 00:18:56",51,165,3,2,56,13,3,4,1,3
1593217196,"2020-06-27 00:19:56",52,162,3,2,57,13,3,4,1,3
1593217256,"2020-06-27 00:20:56",0,0,3,2,0,0,3,4,1,3
1593217316,"2020-06-27 00:21:56",46,161,3,2,53,13,3,4,1,3
1593217376,"2020-06-27 00:22:56",46,166,3,2,52,13,3,4,1,3
1593217436,"2020-06-27 00:23:56",46,165,3,2,53,13,3,4,1,3
1593217496,"2020-06-27 00:24:56",46,162,14.590735,2,53,13,15,4,1,3
1593217556,"2020-06-27 00:25:56",46,164,25.160896,2,53,13,25,4,1,3
1593217616,"2020-06-27 00:26:56",45,165,3,2,52,13,3,4,1,3
1593217676,"2020-06-27 00:27:56",46,165,9.499712,2,53,13,9,4,1,3
1593217736,"2020-06-27 00:28:56",46,164,3,2,53,13,3,4,1,3
1593217796,"2020-06-27 00:29:56",46,162,6.0666084,2,53,13,6,4,1,3
1593217856,"2020-06-27 00:30:56",0,163,3,2,0,13,3,4,1,3
1593217916,"2020-06-27 00:31:56",47,164,21.795216,2,53,13,22,4,1,3
1593217976,"2020-06-27 00:32:56",47,165,23.300411,2,53,13,23,4,1,3
1593218036,"2020-06-27 00:33:56",47,161,7.8270597,2,54,13,8,4,1,3
1593218096,"2020-06-27 00:34:56",0,165,3,2,0,13,3,4,1,3
1593218156,"2020-06-27 00:35:56",47,162,3,2,54,13,3,4,1,3
1593218216,"2020-06-27 00:36:56",47,164,12.56116,2,53,13,13,4,1,3
1593218276,"2020-06-27 00:37:56",47,161,3,2,53,13,3,4,1,3
1593218336,"2020-06-27 00:38:56",47,162,3,2,54,13,3,4,1,3
1593218396,"2020-06-27 00:39:56",47,163,3,2,54,13,3,4,1,3
1593218456,"2020-06-27 00:40:56",47,160,3,2,54,13,3,4,1,3
1593218516,"2020-06-27 00:41:56",47,165,19.522123,2,54,13,20,4,1,3
1593218576,"2020-06-27 00:42:56",47,163,3,2,54,13,3,4,1,3
1593218636,"2020-06-27 00:43:56",47,164,57.476646,3.6773643,54,13,62,7,1,3
1593218696,"2020-06-27 00:44:56",47,165,3,2,53,13,3,4,1,3
1593218756,"2020-06-27 00:45:56",47,165,9.589991,2,53,13,10,4,1,3
1593218816,"2020-06-27 00:46:56",47,165,7.9340806,2,54,13,8,4,1,3
1593218876,"2020-06-27 00:47:56",47,163,3,2,54,13,3,4,1,3
1593218936,"2020-06-27 00:48:56",47,162,3,2,54,13,3,4,1,3
1593218996,"2020-06-27 00:49:56",47,163,3,2,53,13,3,4,1,3
1593219056,"2020-06-27 00:50:56",47,166,3,2,53,13,3,4,1,3
1593219116,"2020-06-27 00:51:56",47,164,3,2,54,13,3,4,1,3
1593219176,"2020-06-27 00:52:56",47,165,3,2,54,13,3,4,1,3
1593219236,"2020-06-27 00:53:56",47,165,3,2,53,13,3,4,1,3
1593219296,"2020-06-27 00:54:56",47,162,3,2,53,13,3,4,1,3
1593219356,"2020-06-27 00:55:56",47,162,3,2,53,13,3,4,1,3
1593219416,"2020-06-27 00:56:56",47,162,3,2,53,13,3,4,1,3
1593219476,"2020-06-27 00:57:56",47,165,3,2,53,13,3,4,1,3
1593219536,"2020-06-27 00:58:56",47,161,39.96135,2,54,13,40,4,1,3
1593219596,"2020-06-27 00:59:56",47,162,3.6218395,2,54,13,4,4,1,3
1593219656,"2020-06-27 01:00:56",47,165,3,2,53,13,3,4,1,3
1593219716,"2020-06-27 01:01:56",47,164,3,2,53,13,3,4,1,3
1593219776,"2020-06-27 01:02:56",47,167,3,2,54,13,3,4,1,3
1593219836,"2020-06-27 01:03:56",47,163,3,2,54,13,3,4,1,3
1593219896,"2020-06-27 01:04:56",47,165,3,2,54,13,3,4,1,3
1593219956,"2020-06-27 01:05:56",47,164,3,2,54,13,3,4,1,3
1593220016,"2020-06-27 01:06:56",47,162,3,2,53,13,3,4,1,3
1593220076,"2020-06-27 01:07:56",47,164,37.23778,2,54,13,37,4,1,3
1593220136,"2020-06-27 01:08:56",47,162,3,2,54,13,3,4,1,3
1593220196,"2020-06-27 01:09:56",47,166,3,2,54,13,3,4,1,3
1593220256,"2020-06-27 01:10:56",47,164,3,2,54,13,3,4,1,3
1593220316,"2020-06-27 01:11:56",47,165,3,2,54,13,3,4,1,3
1593220376,"2020-06-27 01:12:56",47,168,3,2,54,13,3,4,1,3
1593220436,"2020-06-27 01:13:56",47,166,3,2,54,13,3,4,1,3
1593220496,"2020-06-27 01:14:56",47,165,3,2,54,13,3,4,1,3
1593220556,"2020-06-27 01:15:56",47,164,3,2,54,13,3,4,1,3
1593220616,"2020-06-27 01:16:56",47,165,3,2,54,13,3,4,1,3
1593220676,"2020-06-27 01:17:56",47,165,32.611923,2.4551144,54,13,33,5,1,3
1593220736,"2020-06-27 01:18:56",47,167,65.30287,4.2566776,54,13,76,9,1,3
1593220796,"2020-06-27 01:19:56",48,165,3,2,54,13,3,4,1,3
1593220856,"2020-06-27 01:20:56",47,165,27.493628,2,54,13,27,4,1,3
1593220916,"2020-06-27 01:21:56",47,168,3,2,54,13,3,4,1,3
1593220976,"2020-06-27 01:22:56",47,167,23.399797,2,54,13,23,4,1,3
1593221036,"2020-06-27 01:23:56",47,166,3,2,54,13,3,4,1,3
1593221096,"2020-06-27 01:24:56",47,167,3,2,54,13,3,4,1,3
1593221156,"2020-06-27 01:25:56",46,163,3,2,53,13,3,4,1,3
1593221216,"2020-06-27 01:26:56",47,163,14.267204,2,54,13,14,4,1,3
1593221276,"2020-06-27 01:27:56",47,165,12.380601,2.1156168,54,13,12,4,1,3
1593221336,"2020-06-27 01:28:56",47,168,3.3673,2,54,13,3,4,1,3
1593221396,"2020-06-27 01:29:56",47,167,5.228692,2,54,13,5,4,1,3
1593221456,"2020-06-27 01:30:56",47,166,3,2,54,13,3,4,1,3
1593221516,"2020-06-27 01:31:56",47,169,3,2,54,14,3,4,1,3
1593221576,"2020-06-27 01:32:56",47,163,3,2,54,13,3,4,1,3
1593221636,"2020-06-27 01:33:56",48,165,3,2,54,13,3,4,1,3
1593221696,"2020-06-27 01:34:56",48,167,3,2,54,13,3,4,1,3
1593221756,"2020-06-27 01:35:56",49,165,3,2,55,13,3,4,1,3
1593221816,"2020-06-27 01:36:56",47,163,32.71067,2.8808594,54,13,33,6,1,3
1593221876,"2020-06-27 01:37:56",47,165,3,2,54,13,3,4,1,3
1593221936,"2020-06-27 01:38:56",47,165,3,2,54,13,3,4,1,3
1593221996,"2020-06-27 01:39:56",47,167,3,2,54,13,3,4,1,3
1593222056,"2020-06-27 01:40:56",47,167,18.306005,2,54,13,18,4,1,3
1593222116,"2020-06-27 01:41:56",47,165,14.478578,2,54,13,14,4,1,3
1593222176,"2020-06-27 01:42:56",48,166,12.643665,2,54,13,13,4,1,3
1593222236,"2020-06-27 01:43:56",47,167,25.22208,2.996045,54,13,25,6,1,3
1593222296,"2020-06-27 01:44:56",47,166,7.434733,2,54,13,7,4,1,3
1593222356,"2020-06-27 01:45:56",47,168,30.800955,2.9531384,54,13,31,6,1,3
1593222416,"2020-06-27 01:46:56",46,171,7.0645804,2,53,14,7,4,1,3
1593222476,"2020-06-27 01:47:56",47,166,3,2,54,13,3,4,1,3
1593222536,"2020-06-27 01:48:56",47,169,82.31599,5.574789,54,14,101,11,1,3
1593222596,"2020-06-27 01:49:56",47,166,19.044157,2,54,13,19,4,1,3
1593222656,"2020-06-27 01:50:56",47,168,3,2,54,13,3,4,1,3
1593222716,"2020-06-27 01:51:56",47,167,44.136494,3.8041868,54,13,44,8,1,3
1593222776,"2020-06-27 01:52:56",49,168,3,2,55,13,3,4,1,3
1593222836,"2020-06-27 01:53:56",47,167,8.328755,2,54,13,8,4,1,3
1593222896,"2020-06-27 01:54:56",47,170,3,2,54,14,3,4,1,3
1593222956,"2020-06-27 01:55:56",48,168,3,2,54,13,3,4,1,3
1593223016,"2020-06-27 01:56:56",47,167,17.776413,2,54,13,18,4,1,3
1593223076,"2020-06-27 01:57:56",46,167,106.17433,7.4693117,53,13,116,15,1,3
1593223136,"2020-06-27 01:58:56",47,169,82.64654,5.5687637,54,14,102,11,1,3
1593223196,"2020-06-27 01:59:56",46,168,3,2,53,13,3,4,1,3
1593223256,"2020-06-27 02:00:56",43,171,4.1900167,3.1900165,50,14,4,6,2,5
1593223316,"2020-06-27 02:01:56",43,170,5.9129844,2,50,14,6,4,1,3
1593223376,"2020-06-27 02:02:56",43,167,5.44456,2,50,13,5,4,1,3
1593223436,"2020-06-27 02:03:56",44,170,3,2,51,14,3,4,1,3
1593223496,"2020-06-27 02:04:56",44,170,27.460966,2,51,14,27,4,1,3
1593223556,"2020-06-27 02:05:56",44,172,23.818396,2,51,14,24,4,1,3
1593223616,"2020-06-27 02:06:56",44,167,26.811874,2.3010502,51,13,27,5,1,3
1593223676,"2020-06-27 02:07:56",44,170,3,2,51,14,3,4,1,3
1593223736,"2020-06-27 02:08:56",43,167,3,2,50,13,3,4,1,3
1593223796,"2020-06-27 02:09:56",44,168,29.028563,2.9214015,51,13,29,6,2,5
1593223856,"2020-06-27 02:10:56",44,169,3,2,51,14,3,4,1,3
1593223916,"2020-06-27 02:11:56",43,169,11.5893345,2,50,14,12,4,1,3
1593223976,"2020-06-27 02:12:56",44,165,70.91387,8.260169,51,13,85,17,4,11
1593224036,"2020-06-27 02:13:56",44,168,81.52108,7.0952578,51,13,101,14,1,3
1593224096,"2020-06-27 02:14:56",44,167,4.658059,3.658059,51,13,5,7,3,7
1593224156,"2020-06-27 02:15:56",44,170,42.900124,8.961599,51,14,43,18,6,15
1593224216,"2020-06-27 02:16:56",43,168,14.8568535,2.5805984,50,13,15,5,2,4
1593224276,"2020-06-27 02:17:56",43,171,3,2,50,14,3,4,1,3
1593224336,"2020-06-27 02:18:56",43,170,4.738943,2,50,14,5,4,1,3
1593224396,"2020-06-27 02:19:56",44,168,28.23343,2.3684483,51,13,28,5,1,3
1593224456,"2020-06-27 02:20:56",44,169,3,2,51,14,3,4,1,3
1593224516,"2020-06-27 02:21:56",45,169,36.85573,4.4792004,52,14,37,9,3,7
1593224576,"2020-06-27 02:22:56",44,169,7.304385,2,51,14,7,4,1,3
1593224636,"2020-06-27 02:23:56",44,166,80.26991,5.9223557,51,13,100,12,1,3
1593224696,"2020-06-27 02:24:56",44,167,3,2,51,13,3,4,1,3
1593224756,"2020-06-27 02:25:56",44,168,45.077587,3.8273172,51,13,45,8,1,3
1593224816,"2020-06-27 02:26:56",44,166,60.942818,4.6244383,51,13,68,9,1,3
1593224876,"2020-06-27 02:27:56",44,166,4.565033,2,51,13,5,4,1,3
1593224936,"2020-06-27 02:28:56",44,167,54.814095,4.3732586,51,13,58,9,1,3
1593224996,"2020-06-27 02:29:56",44,169,14.718037,2,51,14,15,4,1,3
1593225056,"2020-06-27 02:30:56",44,170,72.74865,5.4632416,51,14,88,11,1,3
1593225116,"2020-06-27 02:31:56",44,167,86.82777,6.0365925,51,13,104,12,1,3
1593225176,"2020-06-27 02:32:56",45,169,55.049942,4.822713,52,14,58,10,1,3
1593225236,"2020-06-27 02:33:56",45,166,63.248363,4.996418,52,13,72,10,1,3
1593225296,"2020-06-27 02:34:56",44,169,63.600464,5.8155155,51,14,73,12,1,3
1593225356,"2020-06-27 02:35:56",44,170,6.4690375,2,51,14,6,4,1,3
1593225416,"2020-06-27 02:36:56",45,170,18.291195,2,52,14,18,4,1,3
1593225536,"2020-06-27 02:38:56",44,168,31.47829,2,51,13,31,4,1,3
1593225596,"2020-06-27 02:39:56",44,169,35.07469,2,51,14,35,4,1,3
1593225656,"2020-06-27 02:40:56",0,167,13.548357,2,0,13,14,4,1,3
1593225716,"2020-06-27 02:41:56",44,0,3,2,51,0,3,4,1,3
1593225776,"2020-06-27 02:42:56",44,166,3,2,51,13,3,4,1,3
1593225836,"2020-06-27 02:43:56",44,166,13.856889,2,51,13,14,4,1,3
1593225896,"2020-06-27 02:44:56",44,167,48.95399,3.5454626,51,13,49,7,1,3
1593225956,"2020-06-27 02:45:56",43,168,15.31334,2,50,13,15,4,1,3
1593226016,"2020-06-27 02:46:56",44,168,27.462955,2,51,13,27,4,1,3
1593226076,"2020-06-27 02:47:56",45,171,19.137331,2,52,14,19,4,1,3
1593226136,"2020-06-27 02:48:56",45,169,20.193361,2,52,14,20,4,1,3
1593226196,"2020-06-27 02:49:56",45,168,3,2,52,13,3,4,1,3
1593226256,"2020-06-27 02:50:56",0,169,13.703196,2,0,14,14,4,1,3
1593226316,"2020-06-27 02:51:56",44,167,60.092327,3.8014917,51,13,67,8,1,3
1593226376,"2020-06-27 02:52:56",44,168,86.06271,6.190846,51,13,104,12,1,3
1593226436,"2020-06-27 02:53:56",45,167,3,2,52,13,3,4,1,3
1593226496,"2020-06-27 02:54:56",44,168,3,2,51,13,3,4,1,3
1593226556,"2020-06-27 02:55:56",44,166,72.21574,6.17507,51,13,87,12,1,3
1593226616,"2020-06-27 02:56:56",0,169,28.363377,2.5500193,0,14,28,5,1,3
1593226676,"2020-06-27 02:57:56",44,166,3,2,51,13,3,4,1,3
1593226736,"2020-06-27 02:58:56",44,170,48.61221,2.448986,51,14,49,5,1,3
1593226796,"2020-06-27 02:59:56",45,166,3,2,52,13,3,4,1,3
1593226856,"2020-06-27 03:00:56",45,166,33.92617,2,52,13,34,4,1,3
1593226916,"2020-06-27 03:01:56",45,168,17.140076,2,52,13,17,4,1,3
1593226976,"2020-06-27 03:02:56",45,166,3,2,52,13,3,4,1,3
1593227036,"2020-06-27 03:03:56",45,168,11.8151655,2,52,13,12,4,1,3
1593227096,"2020-06-27 03:04:56",44,166,60.435974,4.19785,51,13,67,8,1,3
1593227156,"2020-06-27 03:05:56",45,168,4.832551,2,52,13,5,4,1,3
1593227216,"2020-06-27 03:06:56",45,168,12.028037,2,52,13,12,4,1,3
1593227276,"2020-06-27 03:07:56",45,164,8.397331,2,52,13,8,4,1,3
1593227336,"2020-06-27 03:08:56",45,168,23.282143,2.8921452,52,13,23,6,1,3
1593227396,"2020-06-27 03:09:56",46,169,25.960424,2,53,14,26,4,1,3
1593227456,"2020-06-27 03:10:56",45,167,31.97056,2.5265484,52,13,32,5,1,3
1593227516,"2020-06-27 03:11:56",46,169,53.872704,4.697013,53,14,56,9,1,3
1593227576,"2020-06-27 03:12:56",45,166,51.742004,3.9480667,52,13,53,8,1,3
1593227636,"2020-06-27 03:13:56",45,166,3,2,52,13,3,4,1,3
1593227696,"2020-06-27 03:14:56",46,164,3,2,53,13,3,4,1,3
1593227756,"2020-06-27 03:15:56",47,166,24.104713,2.1411219,54,13,24,4,1,3
1593227816,"2020-06-27 03:16:56",45,169,62.554996,5.417938,52,14,71,11,1,3
1593227876,"2020-06-27 03:17:56",46,167,17.031563,2,53,13,17,4,1,3
1593227936,"2020-06-27 03:18:56",47,166,48.247364,3.4389143,54,13,48,7,1,3
1593227996,"2020-06-27 03:19:56",47,165,19.623857,2,54,13,20,4,1,3
1593228056,"2020-06-27 03:20:56",46,167,45.74594,3.765791,53,13,46,8,1,3
1593228116,"2020-06-27 03:21:56",47,166,43.85132,4.363738,54,13,44,9,1,3
1593228176,"2020-06-27 03:22:56",47,170,3.863155,2,54,14,4,4,1,3
1593228236,"2020-06-27 03:23:56",46,166,3,2,53,13,3,4,1,3
1593228296,"2020-06-27 03:24:56",46,164,32.33625,2.3712626,53,13,32,5,1,3
1593228356,"2020-06-27 03:25:56",47,165,32.427914,2.1018133,54,13,32,4,1,3
1593228416,"2020-06-27 03:26:56",47,164,27.260975,2.5123777,54,13,27,5,1,3
1593228476,"2020-06-27 03:27:56",47,166,3,2,54,13,3,4,1,3
1593228536,"2020-06-27 03:28:56",48,165,10.156027,2,54,13,10,4,1,3
1593228596,"2020-06-27 03:29:56",49,165,3,2,55,13,3,4,1,3
1593228656,"2020-06-27 03:30:56",48,162,3,2,54,13,3,4,1,3
1593228716,"2020-06-27 03:31:56",48,168,8.937177,2,54,13,9,4,1,3
1593228776,"2020-06-27 03:32:56",47,167,45.249798,3.336955,54,13,45,7,1,3
1593228836,"2020-06-27 03:33:56",47,163,8.230137,2,54,13,8,4,1,3
1593228896,"2020-06-27 03:34:56",48,168,3,2,54,13,3,4,1,3
1593228956,"2020-06-27 03:35:56",49,164,109.886566,8.333157,55,13,119,17,1,3
1593229016,"2020-06-27 03:36:56",49,165,45.1657,2.8668432,55,13,45,6,1,3
1593229076,"2020-06-27 03:37:56",47,166,34.45812,2.635869,54,13,34,5,1,3
1593229136,"2020-06-27 03:38:56",48,167,3,2,54,13,3,4,1,3
1593229196,"2020-06-27 03:39:56",47,165,3,2,54,13,3,4,1,3
1593229256,"2020-06-27 03:40:56",45,165,25.643627,2,52,13,26,4,1,3
1593229316,"2020-06-27 03:41:56",45,164,17.098276,2,52,13,17,4,1,3
1593229376,"2020-06-27 03:42:56",45,164,13.238598,2,52,13,13,4,1,3
1593229436,"2020-06-27 03:43:56",45,165,5.554508,2,52,13,6,4,1,3
1593229496,"2020-06-27 03:44:56",45,167,22.61749,2,52,13,23,4,1,3
1593229556,"2020-06-27 03:45:56",45,165,32.990112,2.5126076,52,13,33,5,1,3
1593229616,"2020-06-27 03:46:56",45,168,11.319449,2,52,13,11,4,1,3
1593229676,"2020-06-27 03:47:56",45,165,3.387297,2,52,13,3,4,1,3
1593229736,"2020-06-27 03:48:56",45,164,3,2,52,13,3,4,1,3
1593229796,"2020-06-27 03:49:56",45,163,3,2,52,13,3,4,1,3
1593229856,"2020-06-27 03:50:56",44,164,46.34022,3.0038986,51,13,46,6,1,3
1593229916,"2020-06-27 03:51:56",45,164,10.8252,2,52,13,11,4,1,3
1593229976,"2020-06-27 03:52:56",45,165,21.40243,2,52,13,21,4,1,3
1593230036,"2020-06-27 03:53:56",45,162,35.08992,2.3261957,52,13,35,5,1,3
1593230096,"2020-06-27 03:54:56",45,164,9.236128,2,52,13,9,4,1,3
1593230156,"2020-06-27 03:55:56",45,164,3.8041713,2,52,13,4,4,1,3
1593230216,"2020-06-27 03:56:56",45,165,3,2,52,13,3,4,1,3
1593230276,"2020-06-27 03:57:56",45,164,3,2,52,13,3,4,1,3
1593230336,"2020-06-27 03:58:56",45,163,46.162346,2.780693,52,13,46,6,1,3
1593230396,"2020-06-27 03:59:56",45,164,6.880549,2,52,13,7,4,1,3
1593230456,"2020-06-27 04:00:56",45,164,49.597916,3.6248064,52,13,50,7,1,3
1593230516,"2020-06-27 04:01:56",45,164,3,2,52,13,3,4,1,3
1593230576,"2020-06-27 04:02:56",45,167,26.240593,2,52,13,26,4,1,3
1593230636,"2020-06-27 04:03:56",45,162,32.81454,2.0990772,52,13,33,4,1,3
1593230696,"2020-06-27 04:04:56",45,164,22.089975,2,52,13,22,4,1,3
1593230756,"2020-06-27 04:05:56",45,165,3,2,52,13,3,4,1,3
1593230816,"2020-06-27 04:06:56",45,168,18.255009,2,52,13,18,4,1,3
1593230876,"2020-06-27 04:07:56",45,164,17.88884,2.142086,52,13,18,4,1,3
1593230936,"2020-06-27 04:08:56",45,165,17.202076,2,52,13,17,4,1,3
1593230996,"2020-06-27 04:09:56",45,163,25.928518,2,52,13,26,4,1,3
1593231056,"2020-06-27 04:10:56",46,162,82.37511,8.557959,53,13,101,17,1,3
1593231116,"2020-06-27 04:11:56",45,164,3,2,52,13,3,4,1,3
1593231176,"2020-06-27 04:12:56",46,163,3,2,53,13,3,4,1,3
1593231236,"2020-06-27 04:13:56",46,163,26.407875,2,53,13,26,4,1,3
1593231296,"2020-06-27 04:14:56",46,163,3,2,53,13,3,4,1,3
1593231356,"2020-06-27 04:15:56",45,164,32.830418,2.356515,52,13,33,5,1,3
1593231416,"2020-06-27 04:16:56",46,164,20.832228,2,53,13,21,4,1,3
1593231476,"2020-06-27 04:17:56",47,163,3,2,54,13,3,4,1,3
1593231536,"2020-06-27 04:18:56",45,162,46.11744,2,52,13,46,4,1,3
1593231596,"2020-06-27 04:19:56",47,164,22.270727,2,54,13,22,4,1,3
1593231656,"2020-06-27 04:20:56",46,165,3,2,53,13,3,4,1,3
1593231716,"2020-06-27 04:21:56",46,166,3,2,53,13,3,4,1,3
1593231776,"2020-06-27 04:22:56",46,164,4.7569256,2,53,13,5,4,1,3
1593231836,"2020-06-27 04:23:56",45,166,3,2,52,13,3,4,1,3
1593231896,"2020-06-27 04:24:56",47,163,3,2,54,13,3,4,1,3
1593231956,"2020-06-27 04:25:56",47,162,26.153702,2,54,13,26,4,1,3
1593232016,"2020-06-27 04:26:56",47,164,3,2,54,13,3,4,1,3
1593232076,"2020-06-27 04:27:56",47,164,21.688843,2,54,13,22,4,1,3
1593232136,"2020-06-27 04:28:56",46,165,4.4564886,2,53,13,4,4,1,3
1593232196,"2020-06-27 04:29:56",46,163,22.53542,2,53,13,23,4,1,3
1593232256,"2020-06-27 04:30:56",47,166,68.77561,3.9674845,54,13,81,8,1,3
1593232316,"2020-06-27 04:31:56",47,167,3,2,54,13,3,4,1,3
1593232376,"2020-06-27 04:32:56",48,163,23.386963,2,54,13,23,4,1,3
1593232436,"2020-06-27 04:33:56",47,164,16.852398,2,54,13,17,4,1,3
1593232496,"2020-06-27 04:34:56",47,164,16.297634,2,54,13,16,4,1,3
1593232556,"2020-06-27 04:35:56",47,163,24.39777,2,54,13,24,4,1,3
1593232616,"2020-06-27 04:36:56",48,163,49.54871,4.0653687,54,13,50,8,1,3
1593232676,"2020-06-27 04:37:56",46,165,36.12587,2.2428741,53,13,36,4,1,3
1593232736,"2020-06-27 04:38:56",47,163,24.20723,2,54,13,24,4,1,3
1593232796,"2020-06-27 04:39:56",47,164,17.388031,2,54,13,17,4,1,3
1593232856,"2020-06-27 04:40:56",48,165,11.043076,2,54,13,11,4,1,3
1593232916,"2020-06-27 04:41:56",47,164,98.7735,6.448797,54,13,112,13,1,3
1593232976,"2020-06-27 04:42:56",48,163,53.38927,3.1886148,54,13,56,6,1,3
1593233036,"2020-06-27 04:43:56",46,163,3,2,53,13,3,4,1,3
1593233096,"2020-06-27 04:44:56",46,166,3,2,53,13,3,4,1,3
1593233156,"2020-06-27 04:45:56",48,166,49.43451,2.4674702,54,13,49,5,1,3
1593233216,"2020-06-27 04:46:56",47,165,3,2,54,13,3,4,1,3
1593233276,"2020-06-27 04:47:56",48,162,3,2,54,13,3,4,1,3
1593233336,"2020-06-27 04:48:56",47,168,29.204777,2,54,13,29,4,1,3
1593233396,"2020-06-27 04:49:56",48,164,22.54257,2,54,13,23,4,1,3
1593233456,"2020-06-27 04:50:56",47,164,5.3843303,2,54,13,5,4,1,3
1593233516,"2020-06-27 04:51:56",48,166,3,2,54,13,3,4,1,3
1593233576,"2020-06-27 04:52:56",47,166,3,2,54,13,3,4,1,3
1593233636,"2020-06-27 04:53:56",46,168,3,2,53,13,3,4,1,3
1593233696,"2020-06-27 04:54:56",47,164,4.4497414,2,54,13,4,4,1,3
1593233756,"2020-06-27 04:55:56",46,164,45.89608,2.7339334,53,13,46,5,1,3
1593233816,"2020-06-27 04:56:56",48,167,54.27171,4.2528954,54,13,57,9,1,3
1593233876,"2020-06-27 04:57:56",48,163,13.034715,2,54,13,13,4,1,3
1593233936,"2020-06-27 04:58:56",50,164,3,2,56,13,3,4,1,3
1593234056,"2020-06-27 05:00:56",0,164,3,2,0,13,3,4,1,3
1593234116,"2020-06-27 05:01:56",47,162,3,2,54,13,3,4,1,3
1593234176,"2020-06-27 05:02:56",48,166,14.330959,2,54,13,14,4,1,3
1593234236,"2020-06-27 05:03:56",48,0,3,2,54,0,3,4,1,3
1593234296,"2020-06-27 05:04:56",50,163,3.6674476,2,56,13,4,4,1,3
1593234356,"2020-06-27 05:05:56",49,166,3,2,55,13,3,4,1,3
1593234416,"2020-06-27 05:06:56",51,166,3,2,56,13,3,4,1,3
1593234476,"2020-06-27 05:07:56",50,162,32.014023,2.696412,56,13,32,5,1,3
1593234536,"2020-06-27 05:08:56",51,168,78.07393,6.1964855,56,13,97,12,1,3
1593234596,"2020-06-27 05:09:56",50,163,22.115286,2,56,13,22,4,1,3
1593234656,"2020-06-27 05:10:56",0,163,83.46604,5.8365946,0,13,102,12,1,3
1593234716,"2020-06-27 05:11:56",52,163,3,2,57,13,3,4,1,3
1593234776,"2020-06-27 05:12:56",52,162,3,2,57,13,3,4,1,3
1593234836,"2020-06-27 05:13:56",52,163,11.274452,2,57,13,11,4,1,3
1593234896,"2020-06-27 05:14:56",52,167,10.500669,2,57,13,11,4,1,3
1593234956,"2020-06-27 05:15:56",52,165,33.893795,2.693039,58,13,34,5,1,3
1593235016,"2020-06-27 05:16:56",52,165,3,2,57,13,3,4,1,3
1593235076,"2020-06-27 05:17:56",0,165,3,2,0,13,3,4,1,3
1593235136,"2020-06-27 05:18:56",50,164,3,2,56,13,3,4,1,3
1593235196,"2020-06-27 05:19:56",52,162,3,2,57,13,3,4,1,3
1593235256,"2020-06-27 05:20:56",49,166,25.292341,2.0812664,55,13,25,4,1,3
1593235316,"2020-06-27 05:21:56",49,165,3,2,55,13,3,4,1,3
1593235376,"2020-06-27 05:22:56",48,163,16.786139,2,54,13,17,4,1,3
1593235436,"2020-06-27 05:23:56",48,164,16.658,2,54,13,17,4,1,3
1593235496,"2020-06-27 05:24:56",49,164,3,2,55,13,3,4,1,3
1593235556,"2020-06-27 05:25:56",48,160,3,2,54,13,3,4,1,3
1593235616,"2020-06-27 05:26:56",49,164,3,2,55,13,3,4,1,3
1593235676,"2020-06-27 05:27:56",48,163,3,2,54,13,3,4,1,3
1593235736,"2020-06-27 05:28:56",46,165,3,2,53,13,3,4,1,3
1593235796,"2020-06-27 05:29:56",47,161,12.108566,2,54,13,12,4,1,3
1593235856,"2020-06-27 05:30:56",47,169,13.760014,2,54,14,14,4,1,3
1593235916,"2020-06-27 05:31:56",49,164,3,2,55,13,3,4,1,3
1593235976,"2020-06-27 05:32:56",49,163,3,2,55,13,3,4,1,3
1593236036,"2020-06-27 05:33:56",50,160,3,2,56,13,3,4,1,3
1593236096,"2020-06-27 05:34:56",49,160,53.71225,5.0495567,55,13,56,10,1,3
1593236156,"2020-06-27 05:35:56",51,163,3,2,56,13,3,4,1,3
1593236216,"2020-06-27 05:36:56",49,160,3,2,55,13,3,4,1,3
1593236276,"2020-06-27 05:37:56",49,164,3,2,55,13,3,4,1,3
1593236336,"2020-06-27 05:38:56",48,164,3,2,54,13,3,4,1,3
1593236396,"2020-06-27 05:39:56",50,165,3,2,56,13,3,4,1,3
1593236456,"2020-06-27 05:40:56",49,162,3,2,55,13,3,4,1,3
1593236516,"2020-06-27 05:41:56",49,161,3,2,55,13,3,4,1,3
1593236576,"2020-06-27 05:42:56",49,165,3.2671459,2,55,13,3,4,1,3
1593236636,"2020-06-27 05:43:56",48,163,12.202092,2,54,13,12,4,1,3
1593236696,"2020-06-27 05:44:56",49,163,24.329773,2,55,13,24,4,1,3
1593236756,"2020-06-27 05:45:56",50,162,32.307076,2.3660545,56,13,32,5,1,3
1593236816,"2020-06-27 05:46:56",50,164,21.357916,2,56,13,21,4,1,3
1593236876,"2020-06-27 05:47:56",51,163,3,2,56,13,3,4,1,3
1593236936,"2020-06-27 05:48:56",51,170,70.61557,3.3465986,57,14,84,7,1,3
1593236996,"2020-06-27 05:49:56",47,165,15.098744,2,53,13,15,4,1,3
1593237056,"2020-06-27 05:50:56",47,143,3,2,53,11,3,4,1,3
1593237116,"2020-06-27 05:51:56",48,133,3.0134373,2,54,11,3,4,1,3
1593237176,"2020-06-27 05:52:56",49,129,3,2,55,10,3,4,1,3
1593237236,"2020-06-27 05:53:56",49,125,33.978065,2,55,10,34,4,1,3
1593237296,"2020-06-27 05:54:56",52,122,3,2,58,10,3,4,1,3
1593237356,"2020-06-27 05:55:56",53,119,60.515533,4.638295,58,10,68,9,1,3
1593237416,"2020-06-27 05:56:56",53,116,3,2,58,9,3,4,1,3
1593237476,"2020-06-27 05:57:56",55,114,3,2,60,9,3,4,1,3
1593237536,"2020-06-27 05:58:56",55,107,3,2,60,9,3,4,1,3
1593237596,"2020-06-27 05:59:56",56,104,3,2,60,8,3,4,1,3
1593237656,"2020-06-27 06:00:56",55,104,3,2,60,8,3,4,1,3
1593237716,"2020-06-27 06:01:56",53,100,3,2,58,8,3,4,1,3
1593237776,"2020-06-27 06:02:56",54,99,3,2,59,8,3,4,1,3
1593237836,"2020-06-27 06:03:56",52,97,3,2,58,8,3,4,1,3
1593237896,"2020-06-27 06:04:56",52,94,3,2,58,8,3,4,1,3
1593237956,"2020-06-27 06:05:56",52,92,3,2,58,7,3,4,1,3
1593238016,"2020-06-27 06:06:56",53,91,3,2,58,7,3,4,1,3
1593238076,"2020-06-27 06:07:56",51,91,3,2,57,7,3,4,1,3
1593238136,"2020-06-27 06:08:56",51,89,3,2,56,7,3,4,1,3
1593238196,"2020-06-27 06:09:56",51,86,3,2,57,7,3,4,1,3
1593238256,"2020-06-27 06:10:56",52,87,3.9717493,2,57,7,4,4,1,3
1593238316,"2020-06-27 06:11:56",50,86,25.027668,2.450758,56,7,25,5,1,3
1593238376,"2020-06-27 06:12:56",50,84,21.953964,2,55,7,22,4,1,3
1593238436,"2020-06-27 06:13:56",49,86,83.28945,5.786474,55,7,102,12,1,3
1593238496,"2020-06-27 06:14:56",47,89,3,2,53,7,3,4,1,3
1593238556,"2020-06-27 06:15:56",38,96,47.023914,2.6735497,43,8,47,5,1,3
1593238616,"2020-06-27 06:16:56",14,116,3,2,13,9,3,4,1,3
1593238676,"2020-06-27 06:17:56",12,123,3,2,11,10,3,4,1,3
1593238736,"2020-06-27 06:18:56",17,115,34.985394,2.1926003,16,9,35,4,1,3
1593238796,"2020-06-27 06:19:56",26,112,3,2,27,9,3,4,1,3
1593238856,"2020-06-27 06:20:56",34,104,3,2,38,8,3,4,1,3
1593238916,"2020-06-27 06:21:56",37,101,23.282686,2,42,8,23,4,1,3
1593238976,"2020-06-27 06:22:56",36,105,18.956596,2,41,8,19,4,1,3
1593239036,"2020-06-27 06:23:56",35,103,3,2,40,8,3,4,1,3
1593239096,"2020-06-27 06:24:56",35,103,9.78517,2,39,8,10,4,1,3
1593239156,"2020-06-27 06:25:56",33,105,3,2,37,8,3,4,1,3
1593239216,"2020-06-27 06:26:56",33,103,3,2,36,8,3,4,1,3
1593239276,"2020-06-27 06:27:56",32,107,3,2,35,9,3,4,1,3
1593239336,"2020-06-27 06:28:56",32,106,3,2,35,8,3,4,1,3
1593239396,"2020-06-27 06:29:56",31,110,3,2,34,9,3,4,1,3
1593239456,"2020-06-27 06:30:56",30,110,3,2,32,9,3,4,1,3
1593239516,"2020-06-27 06:31:56",29,112,3,2,30,9,3,4,1,3
1593239576,"2020-06-27 06:32:56",28,113,3,2,29,9,3,4,1,3
1593239636,"2020-06-27 06:33:56",28,114,110.6113,8.5002575,29,9,119,17,1,3
1593239696,"2020-06-27 06:34:56",27,112,66.70494,4.286812,28,9,78,9,1,3
1593239756,"2020-06-27 06:35:56",29,111,39.502045,2,30,9,40,4,1,3
1593239816,"2020-06-27 06:36:56",29,112,27.791346,2,30,9,28,4,1,3
1593239876,"2020-06-27 06:37:56",30,110,41.27472,2.5201654,32,9,41,5,1,3
1593239936,"2020-06-27 06:38:56",35,112,15.032125,2,39,9,15,4,1,3
1593240056,"2020-06-27 06:40:56",46,0,3,2,53,0,3,4,1,3
1593240116,"2020-06-27 06:41:56",51,111,3,2,57,9,3,4,1,3
1593240176,"2020-06-27 06:42:56",52,110,25.509737,2,57,9,26,4,1,3
1593240236,"2020-06-27 06:43:56",54,105,3,2,59,8,3,4,1,3
1593240296,"2020-06-27 06:44:56",54,109,3,2,59,9,3,4,1,3
1593241508,"2020-06-27 07:05:08",0,137,52.482666,3.5453777,0,11,54,7,1,3
1593241568,"2020-06-27 07:06:08",0,129,3,2,0,10,3,4,1,3
1593241628,"2020-06-27 07:07:08",0,147,3,2,0,12,3,4,1,3
1593241688,"2020-06-27 07:08:08",0,122,29.19111,2,0,10,29,4,1,3
1593241748,"2020-06-27 07:09:08",0,121,3,2,0,10,3,4,1,3
1593241808,"2020-06-27 07:10:08",0,109,3,2,0,9,3,4,1,3
1593241868,"2020-06-27 07:11:08",0,129,26.034485,2.3441467,0,10,26,5,1,3
1593241928,"2020-06-27 07:12:08",0,120,10.25236,2,0,10,10,4,1,3
1593241988,"2020-06-27 07:13:08",0,128,104.09495,11.728393,0,10,115,23,4,9
1593242048,"2020-06-27 07:14:08",0,139,102.7992,6.9842114,0,11,114,14,1,3
1593242108,"2020-06-27 07:15:08",0,141,3,2,0,11,3,4,1,3
1593242168,"2020-06-27 07:16:08",0,160,3,2,0,13,3,4,1,3
1593242228,"2020-06-27 07:17:08",9,115,90.03192,5.4392366,8,9,106,11,1,3
1593242288,"2020-06-27 07:18:08",19,99,35.71093,2,18,8,36,4,1,3
1593242348,"2020-06-27 07:19:08",27,99,82.53025,3.7404337,27,8,102,7,1,3
1593242408,"2020-06-27 07:20:08",33,93,3,2,36,7,3,4,1,3
1593242468,"2020-06-27 07:21:08",34,89,3,2,39,7,3,4,1,3
1593242528,"2020-06-27 07:22:08",36,82,3,2,40,7,3,4,1,3
1593242588,"2020-06-27 07:23:08",39,87,95.0243,4.677869,44,7,109,9,1,3
1593242648,"2020-06-27 07:24:08",42,85,10.113074,2,49,7,10,4,1,3
1593242708,"2020-06-27 07:25:08",49,80,3,2,55,6,3,4,1,3
1593242768,"2020-06-27 07:26:08",51,85,3,2,56,7,3,4,1,3
1593242828,"2020-06-27 07:27:08",53,79,3,2,58,6,3,4,1,3
1593242888,"2020-06-27 07:28:08",58,78,13.067326,2,62,6,13,4,1,3
1593242948,"2020-06-27 07:29:08",62,78,9.24494,2,65,6,9,4,1,3
1593243008,"2020-06-27 07:30:08",63,81,109.814186,5.6803827,66,6,119,11,1,3
1593243068,"2020-06-27 07:31:08",64,83,114.97579,11.262529,67,7,122,23,1,3
1593243128,"2020-06-27 07:32:08",67,84,3,2,69,7,3,4,1,3
1593243188,"2020-06-27 07:33:08",75,81,3,2,76,6,3,4,1,3
1593243248,"2020-06-27 07:34:08",75,86,3,2,76,7,3,4,1,3
1593243308,"2020-06-27 07:35:08",99,86,3,2,94,7,3,4,1,3
1593243368,"2020-06-27 07:36:08",108,79,29.126326,2,101,6,29,4,1,3
1593243428,"2020-06-27 07:37:08",112,78,10.235259,2,103,6,10,4,1,3
1593243488,"2020-06-27 07:38:08",115,84,4.845498,2,104,7,5,4,1,3
1593243548,"2020-06-27 07:39:08",124,81,112.85706,6.913678,108,6,121,14,1,3
1593243608,"2020-06-27 07:40:08",134,83,3,2,113,7,3,4,1,3
1593243668,"2020-06-27 07:41:08",138,83,7.434198,2,115,7,7,4,1,3
1593243728,"2020-06-27 07:42:08",139,81,4.872551,2,115,6,5,4,1,3
1593243788,"2020-06-27 07:43:08",142,86,30.491144,2,117,7,30,4,1,3
1593243848,"2020-06-27 07:44:08",132,88,3,2,112,7,3,4,1,3
1593243908,"2020-06-27 07:45:08",0,89,95.711,5.4683056,0,7,110,11,1,3
1593243968,"2020-06-27 07:46:08",128,96,22.81688,2,110,8,23,4,1,3
1593244028,"2020-06-27 07:47:08",117,118,30.933813,2,105,9,31,4,1,3
1593244088,"2020-06-27 07:48:08",133,113,120.48234,8.458078,113,9,125,17,1,3
1593244148,"2020-06-27 07:49:08",140,114,108.1445,5.5249043,116,9,118,11,1,3
1593244268,"2020-06-27 07:51:08",159,109,50.096867,12.673431,125,9,50,25,3,7
1593244328,"2020-06-27 07:52:08",167,103,122.728966,15.675239,128,8,127,31,3,6
1593244388,"2020-06-27 07:53:08",179,96,66.08101,3.3259254,134,8,77,7,1,3
1593244448,"2020-06-27 07:54:08",186,97,129.17705,18.704296,138,8,131,37,4,10
1593244508,"2020-06-27 07:55:08",0,0,37.83319,3.767644,0,0,38,8,1,3
1593244568,"2020-06-27 07:56:08",193,100,3,2,141,8,3,4,1,3
1593244628,"2020-06-27 07:57:08",193,101,135.44392,12.07159,141,8,135,24,1,3
1593244688,"2020-06-27 07:58:08",201,99,122.08627,17.568274,145,8,126,35,3,7
1593244808,"2020-06-27 08:00:08",207,99,110.818825,7.4535656,147,8,119,15,1,3
1593244868,"2020-06-27 08:01:08",210,99,3,2,149,8,3,4,1,3
1593244928,"2020-06-27 08:02:08",212,102,9.9056225,2,150,8,10,4,1,3
1593244988,"2020-06-27 08:03:08",215,99,3,2,151,8,3,4,1,3
1593245048,"2020-06-27 08:04:08",215,101,146.44405,21.951555,151,8,142,44,6,14
1593245108,"2020-06-27 08:05:08",0,103,139.82855,16.060543,0,8,137,32,3,6
1593245168,"2020-06-27 08:06:08",213,118,29.054098,2,150,9,29,4,1,3
1593245228,"2020-06-27 08:07:08",219,115,5.7764935,2,153,9,6,4,1,3
1593245288,"2020-06-27 08:08:08",225,112,16.717129,2,156,9,17,4,1,3
1593245348,"2020-06-27 08:09:08",0,114,8.591496,2,0,9,9,4,1,3
1593245408,"2020-06-27 08:10:08",217,115,3,2,152,9,3,4,1,3
1593245468,"2020-06-27 08:11:08",229,106,11.7151375,2,158,8,12,4,1,3
1593245528,"2020-06-27 08:12:08",227,115,6.345431,2,157,9,6,4,1,3
1593245588,"2020-06-27 08:13:08",181,135,42.178223,2.1057138,135,11,42,4,1,3
1593245648,"2020-06-27 08:14:08",126,214,3,2,109,17,3,4,1,3
1593245708,"2020-06-27 08:15:08",81,307,3,2,80,24,3,4,1,3
1593245768,"2020-06-27 08:16:08",112,240,3,2,102,19,3,4,1,3
1593245828,"2020-06-27 08:17:08",165,171,3,2,128,14,3,4,1,3
1593245888,"2020-06-27 08:18:08",190,148,3,2,139,12,3,4,1,3
1593245948,"2020-06-27 08:19:08",200,147,3,2,144,12,3,4,1,3
1593246008,"2020-06-27 08:20:08",190,153,3,2,139,12,3,4,1,3
1593246068,"2020-06-27 08:21:08",201,146,3,2,145,12,3,4,1,3
1593246128,"2020-06-27 08:22:08",216,130,3,2,152,10,3,4,1,3
1593246188,"2020-06-27 08:23:08",222,130,3,2,155,10,3,4,1,3
1593246248,"2020-06-27 08:24:08",222,132,25.876465,2.112527,155,11,26,4,1,3
1593246308,"2020-06-27 08:25:08",217,137,3,2,152,11,3,4,1,3
1593246368,"2020-06-27 08:26:08",222,141,3,2,155,11,3,4,1,3
1593246428,"2020-06-27 08:27:08",226,143,3,2,156,11,3,4,1,3
1593246488,"2020-06-27 08:28:08",224,141,17.627338,2,155,11,18,4,1,3
1593246548,"2020-06-27 08:29:08",234,135,3,2,160,11,3,4,1,3
1593246608,"2020-06-27 08:30:08",237,137,3,2,162,11,3,4,1,3
1593246668,"2020-06-27 08:31:08",241,131,3,2,163,10,3,4,1,3
1593246728,"2020-06-27 08:32:08",247,127,3,2,166,10,3,4,1,3
1593246788,"2020-06-27 08:33:08",244,138,3,2,165,11,3,4,1,3
1593246848,"2020-06-27 08:34:08",207,156,3,2,147,12,3,4,1,3
1593246908,"2020-06-27 08:35:08",177,179,21.923323,2,133,14,22,4,1,3
1593246968,"2020-06-27 08:36:08",208,158,3,2,148,13,3,4,1,3
1593247028,"2020-06-27 08:37:08",202,166,3,2,145,13,3,4,1,3
1593247088,"2020-06-27 08:38:08",211,147,3,2,149,12,3,4,1,3
1593247148,"2020-06-27 08:39:08",175,186,3,2,133,15,3,4,1,3
1593247208,"2020-06-27 08:40:08",186,193,61.659073,4.758313,138,15,69,10,1,3
1593247268,"2020-06-27 08:41:08",184,190,3,2,136,15,3,4,1,3
1593247328,"2020-06-27 08:42:08",188,179,3,2,139,14,3,4,1,3
1593247388,"2020-06-27 08:43:08",207,156,16.769508,2,147,12,17,4,1,3
1593247448,"2020-06-27 08:44:08",200,174,18.257526,2,144,14,18,4,1,3
1593247508,"2020-06-27 08:45:08",133,221,3,2,113,18,3,4,1,3
1593247568,"2020-06-27 08:46:08",156,181,48.96488,3.403616,123,14,49,7,1,3
1593247628,"2020-06-27 08:47:08",179,161,23.150684,2.3465757,134,13,23,5,1,3
1593247688,"2020-06-27 08:48:08",182,161,72.575874,5.801073,136,13,88,12,1,3
1593247748,"2020-06-27 08:49:08",118,204,3,2,106,16,3,4,1,3
1593247808,"2020-06-27 08:50:08",62,298,3,2,65,24,3,4,1,3
1593247868,"2020-06-27 08:51:08",46,392,3,2,52,30,3,4,1,3
1593247928,"2020-06-27 08:52:08",33,468,49.39032,4.9184637,36,36,49,10,1,3
1593247988,"2020-06-27 08:53:08",24,383,3,2,24,30,3,4,1,3
1593248048,"2020-06-27 08:54:08",20,375,3,2,19,29,3,4,1,3
1593248108,"2020-06-27 08:55:08",15,346,42.534866,4.5558405,14,27,43,9,1,3
1593248168,"2020-06-27 08:56:08",38,223,3,2,44,18,3,4,1,3
1593248228,"2020-06-27 08:57:08",58,192,3,2,62,15,3,4,1,3
1593248288,"2020-06-27 08:58:08",115,159,38.846146,2,104,13,39,4,1,3
1593248348,"2020-06-27 08:59:08",163,139,10.432647,2,127,11,10,4,1,3
1593248408,"2020-06-27 09:00:08",183,138,3,2,136,11,3,4,1,3
1593248468,"2020-06-27 09:01:08",198,127,33.453762,2.0058217,143,10,33,4,1,3
1593248528,"2020-06-27 09:02:08",159,142,3,2,125,11,3,4,1,3
1593248588,"2020-06-27 09:03:08",123,172,38.250412,2,108,14,38,4,1,3
1593248648,"2020-06-27 09:04:08",184,138,31.882874,2,136,11,32,4,1,3
1593248708,"2020-06-27 09:05:08",215,121,63.480946,3.861661,151,10,72,8,1,3
1593248768,"2020-06-27 09:06:08",235,110,12.162482,2,161,9,12,4,1,3
1593248828,"2020-06-27 09:07:08",239,110,3,2,162,9,3,4,1,3
1593248888,"2020-06-27 09:08:08",237,107,3,2,161,9,3,4,1,3
1593248948,"2020-06-27 09:09:08",236,109,65.550545,3.8340616,161,9,76,8,1,3
1593249008,"2020-06-27 09:10:08",236,107,77.214455,10.877286,161,9,95,22,8,21
1593249068,"2020-06-27 09:11:08",246,102,3,2,166,8,3,4,1,3
1593249128,"2020-06-27 09:12:08",246,100,3,2,166,8,3,4,1,3
1593249188,"2020-06-27 09:13:08",245,101,3,2,165,8,3,4,1,3
1593249248,"2020-06-27 09:14:08",247,101,3,2,166,8,3,4,1,3
1593249308,"2020-06-27 09:15:08",251,101,3,2,168,8,3,4,1,3
1593249368,"2020-06-27 09:16:08",235,114,3,2,160,9,3,4,1,3
1593249428,"2020-06-27 09:17:08",104,221,3,2,98,18,3,4,1,3
1593249488,"2020-06-27 09:18:08",59,289,3,2,63,23,3,4,1,3
1593249549,"2020-06-27 09:19:09",90,233,27.909267,2.7685194,87,19,28,6,1,3
1593249609,"2020-06-27 09:20:09",61,237,3,2,65,19,3,4,1,3
1593249669,"2020-06-27 09:21:09",52,278,9.896024,2,58,22,10,4,1,3
1593249729,"2020-06-27 09:22:09",40,303,40.877003,2.1843462,46,24,41,4,1,3
1593249789,"2020-06-27 09:23:09",76,233,13.786236,2,76,19,14,4,1,3
1593249849,"2020-06-27 09:24:09",164,172,31.250004,2,127,14,31,4,1,3
1593249909,"2020-06-27 09:25:09",202,146,3,2,145,12,3,4,1,3
1593249969,"2020-06-27 09:26:09",186,150,38.745476,2.0238514,138,12,39,4,1,3
1593250029,"2020-06-27 09:27:09",225,134,3,2,156,11,3,4,1,3
1593250089,"2020-06-27 09:28:09",193,156,5.5825677,2,141,12,6,4,1,3
1593250149,"2020-06-27 09:29:09",168,168,3,2,129,13,3,4,1,3
1593250209,"2020-06-27 09:30:09",214,145,45.46465,2,151,12,45,4,1,3
1593250269,"2020-06-27 09:31:09",228,142,13.9949465,2,157,11,14,4,1,3
1593250329,"2020-06-27 09:32:09",241,133,3,2,163,11,3,4,1,3
1593250389,"2020-06-27 09:33:09",237,136,3,2,162,11,3,4,1,3
1593250449,"2020-06-27 09:34:09",237,144,3,2,162,12,3,4,1,3
1593250509,"2020-06-27 09:35:09",209,163,57.65967,2,148,13,63,4,1,3
1593250569,"2020-06-27 09:36:09",223,153,3,2,155,12,3,4,1,3
1593250629,"2020-06-27 09:37:09",231,141,3,2,159,11,3,4,1,3
1593250689,"2020-06-27 09:38:09",238,135,3,2,162,11,3,4,1,3
1593250749,"2020-06-27 09:39:09",239,141,75.206985,16.75674,162,11,92,34,10,24
1593250809,"2020-06-27 09:40:09",231,139,79.381004,78.381004,159,11,99,128,60,33
1593250869,"2020-06-27 09:41:09",234,144,34.663567,15.54945,160,12,35,31,11,27
1593250929,"2020-06-27 09:42:09",236,137,25.780628,2,161,11,26,4,1,3
1593250989,"2020-06-27 09:43:09",198,173,119.5957,9.770672,143,14,125,20,1,3
1593251049,"2020-06-27 09:44:09",94,348,3,2,90,27,3,4,1,3
1593251109,"2020-06-27 09:45:09",87,396,3,2,85,31,3,4,1,3
1593251169,"2020-06-27 09:46:09",100,326,3.4850717,2,95,26,3,4,1,3
1593251229,"2020-06-27 09:47:09",129,301,25.461037,2.249258,111,24,25,4,1,3
1593251289,"2020-06-27 09:48:09",112,324,38.812256,3.7177515,103,25,39,7,1,3
1593251349,"2020-06-27 09:49:09",104,322,3,2,98,25,3,4,1,3
1593251409,"2020-06-27 09:50:09",126,302,3,2,109,24,3,4,1,3
1593251469,"2020-06-27 09:51:09",138,277,3,2,115,22,3,4,1,3
1593251529,"2020-06-27 09:52:09",101,354,41.60448,3.0393934,96,28,42,6,1,3
1593251589,"2020-06-27 09:53:09",56,396,11.333448,2,61,31,11,4,1,3
1593251649,"2020-06-27 09:54:09",43,452,3.8394756,2,50,35,4,4,1,3
1593251709,"2020-06-27 09:55:09",36,472,5.1436443,2,40,36,5,4,1,3
1593251769,"2020-06-27 09:56:09",37,412,48.031563,3.1117315,43,32,48,6,1,3
1593251829,"2020-06-27 09:57:09",35,411,12.327127,2,39,32,12,4,1,3
1593251889,"2020-06-27 09:58:09",43,376,3,2,50,29,3,4,1,3
1593251949,"2020-06-27 09:59:09",48,339,3,2,54,27,3,4,1,3
1593252009,"2020-06-27 10:00:09",54,326,78.14644,7.19798,59,26,97,14,1,3
1593252069,"2020-06-27 10:01:09",49,346,3,2,55,27,3,4,1,3
1593252129,"2020-06-27 10:02:09",88,272,29.327312,3.0024414,86,22,29,6,1,3
1593252189,"2020-06-27 10:03:09",39,392,50.483482,5.0550375,45,30,51,10,1,3
1593252249,"2020-06-27 10:04:09",35,351,30.52702,3.0435019,40,27,31,6,1,3
1593252309,"2020-06-27 10:05:09",0,418,5.6653814,2.502842,0,32,6,5,1,3
1593252369,"2020-06-27 10:06:09",33,373,3,2,37,29,3,4,1,3
1593252429,"2020-06-27 10:07:09",36,376,18.697872,2,41,29,19,4,1,3
1593252489,"2020-06-27 10:08:09",45,326,3,2,52,26,3,4,1,3
1593252549,"2020-06-27 10:09:09",108,239,11.836705,2,101,19,12,4,1,3
1593252609,"2020-06-27 10:10:09",147,218,7.865184,2,119,17,8,4,1,3
1593252669,"2020-06-27 10:11:09",176,196,3,2,133,16,3,4,1,3
1593252789,"2020-06-27 10:13:09",207,171,3,2,147,14,3,4,1,3
1593252849,"2020-06-27 10:14:09",214,170,146.14165,129.5657,151,14,141,180,97,55
1593252909,"2020-06-27 10:15:09",0,168,63.21661,62.21661,0,13,72,112,38,96
1593252969,"2020-06-27 10:16:09",196,157,44.083054,43.083054,142,13,44,86,31,77
1593253029,"2020-06-27 10:17:09",176,0,30.522923,4.5534487,133,0,31,9,2,4
1593253089,"2020-06-27 10:18:09",172,148,17.229109,2,131,12,17,4,1,3
1593253149,"2020-06-27 10:19:09",0,153,111.018845,7.181493,0,12,119,14,1,3
1593253209,"2020-06-27 10:20:09",193,155,115.36952,14.054686,141,12,122,28,3,7
1593253269,"2020-06-27 10:21:09",220,142,82.36623,6.299224,154,11,101,13,1,3
1593253329,"2020-06-27 10:22:09",225,131,10.72938,2.4757233,156,10,11,5,1,4
1593253389,"2020-06-27 10:23:09",219,151,16.13051,2,153,12,16,4,1,3
1593253449,"2020-06-27 10:24:09",218,147,91.05812,32.60341,152,12,107,65,14,35
1593253509,"2020-06-27 10:25:09",0,156,127.10582,50.66597,0,12,129,101,24,59
1593253569,"2020-06-27 10:26:09",216,145,61.16076,60.16076,152,12,69,110,42,106
1593253629,"2020-06-27 10:27:09",226,140,27.000944,25.370632,156,11,27,51,18,45
1593253689,"2020-06-27 10:28:09",224,125,42.472645,41.472645,155,10,42,83,22,54
1593253749,"2020-06-27 10:29:09",0,128,3,2,0,10,3,4,1,3
1593253809,"2020-06-27 10:30:09",206,122,22.70189,2,147,10,23,4,1,3
1593253869,"2020-06-27 10:31:09",0,130,77.083206,4.131711,0,10,95,8,1,3
1593253929,"2020-06-27 10:32:09",221,117,3,2,154,9,3,4,1,3
1593253989,"2020-06-27 10:33:09",192,118,3,2,140,9,3,4,1,3
1593254049,"2020-06-27 10:34:09",213,124,159.18402,158.18402,150,10,149,208,135,67
1593254109,"2020-06-27 10:35:09",190,123,145.98743,144.98743,139,10,141,195,121,63
1593254169,"2020-06-27 10:36:09",196,119,3,2,142,10,3,4,1,3
1593254229,"2020-06-27 10:37:09",196,131,16.574835,9.634291,142,10,17,19,7,18
1593254289,"2020-06-27 10:38:09",116,181,3,2,104,14,3,4,1,3
1593254349,"2020-06-27 10:39:09",78,299,3,2,78,24,3,4,1,3
1593254409,"2020-06-27 10:40:09",60,337,3,2,64,26,3,4,1,3
1593254469,"2020-06-27 10:41:09",94,238,3,2,90,19,3,4,1,3
1593254529,"2020-06-27 10:42:09",124,206,3,2,108,16,3,4,1,3
1593254589,"2020-06-27 10:43:09",143,165,14.618285,2,118,13,15,4,1,3
1593254649,"2020-06-27 10:44:09",150,161,10.324008,2,121,13,10,4,1,3
1593254709,"2020-06-27 10:45:09",167,170,47.007122,3.4247818,129,14,47,7,1,3
1593254769,"2020-06-27 10:46:09",176,154,3,2,133,12,3,4,1,3
1593254829,"2020-06-27 10:47:09",183,163,3,2,136,13,3,4,1,3
1593254889,"2020-06-27 10:48:09",185,141,12.691181,2,137,11,13,4,1,3
1593254949,"2020-06-27 10:49:09",171,148,35.978317,2.1270342,131,12,36,4,1,3
1593255009,"2020-06-27 10:50:09",185,140,11.069549,2,137,11,11,4,1,3
1593255069,"2020-06-27 10:51:09",187,148,3,2,138,12,3,4,1,3
1593255129,"2020-06-27 10:52:09",175,166,86.68186,8.32016,132,13,104,17,1,3
1593255189,"2020-06-27 10:53:09",166,168,36.057594,3.8225298,128,13,36,8,3,7
1593255249,"2020-06-27 10:54:09",180,173,3,2,135,14,3,4,1,3
1593255309,"2020-06-27 10:55:09",197,148,3,2,143,12,3,4,1,3
1593255369,"2020-06-27 10:56:09",114,227,6.469452,2.6514854,104,18,6,5,1,3
1593255429,"2020-06-27 10:57:09",82,290,41.303413,4.2923574,81,23,41,9,1,3
1593255489,"2020-06-27 10:58:09",47,405,3,2,53,31,3,4,1,3
1593255549,"2020-06-27 10:59:09",33,513,13.78215,2,36,39,14,4,1,3
1593255609,"2020-06-27 11:00:09",10,590,4.2451215,2,10,45,4,4,1,3
1593255669,"2020-06-27 11:01:09",0,636,3,2,0,48,3,4,1,3
1593255729,"2020-06-27 11:02:09",0,621,3,2,0,47,3,4,1,3
1593255789,"2020-06-27 11:03:09",0,551,3,2,0,42,3,4,1,3
1593255849,"2020-06-27 11:04:09",0,598,3,2,0,45,3,4,1,3
1593255909,"2020-06-27 11:05:09",0,687,28.639801,2.9830904,0,51,29,6,1,3
1593255969,"2020-06-27 11:06:09",0,651,60.06712,6.0480576,0,49,67,12,1,3
1593256029,"2020-06-27 11:07:09",0,581,35.659084,2,0,44,36,4,1,3
1593256089,"2020-06-27 11:08:09",0,609,26.363297,2.1661205,0,46,26,4,1,3
1593256149,"2020-06-27 11:09:09",0,600,3,2,0,46,3,4,1,3
1593256209,"2020-06-27 11:10:09",0,621,3,2,0,47,3,4,1,3
1593256269,"2020-06-27 11:11:09",0,622,3,2,0,47,3,4,1,3
1593256329,"2020-06-27 11:12:09",0,701,3,2,0,51,3,4,1,3
1593256389,"2020-06-27 11:13:09",0,722,3,2,0,52,3,4,1,3
1593256449,"2020-06-27 11:14:09",0,741,3,2,0,53,3,4,1,3
1593256509,"2020-06-27 11:15:09",0,762,3,2,0,54,3,4,1,3
1593256569,"2020-06-27 11:16:09",0,751,3,2,0,53,3,4,1,3
1593256629,"2020-06-27 11:17:09",0,791,3,2,0,55,3,4,1,3
1593256689,"2020-06-27 11:18:09",0,710,12.73828,2,0,52,13,4,1,3
1593256749,"2020-06-27 11:19:09",0,674,3,2,0,50,3,4,1,3
1593256809,"2020-06-27 11:20:09",0,709,3,2,0,52,3,4,1,3
1593256869,"2020-06-27 11:21:09",0,758,3,2,0,53,3,4,1,3
1593256929,"2020-06-27 11:22:09",0,725,3,2,0,52,3,4,1,3
1593256989,"2020-06-27 11:23:09",0,757,3,2,0,53,3,4,1,3
1593257049,"2020-06-27 11:24:09",0,732,3,2,0,53,3,4,1,3
1593257109,"2020-06-27 11:25:09",0,728,3,2,0,52,3,4,1,3
1593257169,"2020-06-27 11:26:09",0,707,3,2,0,52,3,4,1,3
1593257229,"2020-06-27 11:27:09",0,732,3,2,0,53,3,4,1,3
1593257289,"2020-06-27 11:28:09",0,731,3,2,0,52,3,4,1,3
1593257349,"2020-06-27 11:29:09",0,742,3,2,0,53,3,4,1,3
1593257409,"2020-06-27 11:30:09",0,749,3,2,0,53,3,4,1,3
1593257469,"2020-06-27 11:31:09",0,757,5.233526,2,0,53,5,4,1,3
1593257529,"2020-06-27 11:32:09",0,777,3.9111671,2,0,54,4,4,1,3
1593257589,"2020-06-27 11:33:09",0,785,3,2,0,54,3,4,1,3
1593257649,"2020-06-27 11:34:09",0,775,3,2,0,54,3,4,1,3
1593257709,"2020-06-27 11:35:09",0,795,3,2,0,55,3,4,1,3
1593257769,"2020-06-27 11:36:09",0,755,3,2,0,53,3,4,1,3
1593257829,"2020-06-27 11:37:09",0,748,3,2,0,53,3,4,1,3
1593257889,"2020-06-27 11:38:09",0,718,3,2,0,52,3,4,1,3
1593257949,"2020-06-27 11:39:09",0,705,3,2,0,52,3,4,1,3
1593258009,"2020-06-27 11:40:09",0,726,3,2,0,52,3,4,1,3
1593258069,"2020-06-27 11:41:09",0,735,3,2,0,53,3,4,1,3
1593258129,"2020-06-27 11:42:09",0,703,3,2,0,51,3,4,1,3
1593258189,"2020-06-27 11:43:09",0,739,3,2,0,53,3,4,1,3
1593258249,"2020-06-27 11:44:09",0,744,3,2,0,53,3,4,1,3
1593258309,"2020-06-27 11:45:09",0,736,3,2,0,53,3,4,1,3
1593258369,"2020-06-27 11:46:09",0,755,3,2,0,53,3,4,1,3
1593258429,"2020-06-27 11:47:09",0,763,11.623299,2,0,54,12,4,1,3
1593258489,"2020-06-27 11:48:09",0,726,3,2,0,52,3,4,1,3
1593258549,"2020-06-27 11:49:09",0,738,5.9467907,2,0,53,6,4,1,3
1593258609,"2020-06-27 11:50:09",0,720,3.622274,2,0,52,4,4,1,3
1593258669,"2020-06-27 11:51:09",0,708,3,2,0,52,3,4,1,3
1593258729,"2020-06-27 11:52:09",0,737,3,2,0,53,3,4,1,3
1593258789,"2020-06-27 11:53:09",0,707,3,2,0,52,3,4,1,3
1593258849,"2020-06-27 11:54:09",0,713,3,2,0,52,3,4,1,3
1593258909,"2020-06-27 11:55:09",0,715,6.282136,2,0,52,6,4,1,3
1593259029,"2020-06-27 11:57:09",0,690,3,2,0,51,3,4,1,3
1593259089,"2020-06-27 11:58:09",0,715,3.6067145,2,0,52,4,4,1,3
1593259149,"2020-06-27 11:59:09",0,702,3,2,0,51,3,4,1,3
1593259209,"2020-06-27 12:00:09",0,685,3,2,0,51,3,4,1,3
1593259269,"2020-06-27 12:01:09",0,675,3,2,0,51,3,4,1,3
1593259329,"2020-06-27 12:02:09",0,668,3,2,0,50,3,4,1,3
1593259389,"2020-06-27 12:03:09",0,671,3,2,0,50,3,4,1,3
1593259449,"2020-06-27 12:04:09",0,647,3,2,0,49,3,4,1,3
1593259509,"2020-06-27 12:05:09",0,651,9.392553,2,0,49,9,4,1,3
1593259569,"2020-06-27 12:06:09",0,646,3.908492,2,0,49,4,4,1,3
1593259629,"2020-06-27 12:07:09",0,646,3,2,0,49,3,4,1,3
1593259689,"2020-06-27 12:08:09",0,644,3,2,0,49,3,4,1,3
1593259749,"2020-06-27 12:09:09",0,669,3,2,0,50,3,4,1,3
1593259809,"2020-06-27 12:10:09",0,670,3,2,0,50,3,4,1,3
1593259869,"2020-06-27 12:11:09",0,670,3,2,0,50,3,4,1,3
1593259929,"2020-06-27 12:12:09",0,675,10.955138,2,0,51,11,4,1,3
1593259989,"2020-06-27 12:13:09",0,667,3,2,0,50,3,4,1,3
1593260049,"2020-06-27 12:14:09",0,683,3.0902333,2,0,51,3,4,1,3
1593260109,"2020-06-27 12:15:09",0,675,7.4688225,2,0,51,7,4,1,3
1593260169,"2020-06-27 12:16:09",0,670,3,2,0,50,3,4,1,3
1593260229,"2020-06-27 12:17:09",0,659,3,2,0,50,3,4,1,3
1593260289,"2020-06-27 12:18:09",0,637,3,2,0,48,3,4,1,3
1593260349,"2020-06-27 12:19:09",0,613,14.964159,2.7230005,0,47,15,5,1,3
1593260409,"2020-06-27 12:20:09",0,612,3,2,0,46,3,4,1,3
1593260469,"2020-06-27 12:21:09",0,633,8.665995,2,0,48,9,4,1,3
1593260529,"2020-06-27 12:22:09",0,650,3,2,0,49,3,4,1,3
1593260589,"2020-06-27 12:23:09",0,671,3,2,0,50,3,4,1,3
1593260649,"2020-06-27 12:24:09",0,653,7.1358943,2,0,49,7,4,1,3
1593260709,"2020-06-27 12:25:09",0,662,3,2,0,50,3,4,1,3
1593260769,"2020-06-27 12:26:09",0,634,3,2,0,48,3,4,1,3
1593260829,"2020-06-27 12:27:09",0,592,3,2,0,45,3,4,1,3
1593260889,"2020-06-27 12:28:09",0,702,100.42872,8.4405365,0,51,113,17,1,3
1593261009,"2020-06-27 12:30:09",0,815,159.42955,13.072452,0,55,150,26,1,4
1593261069,"2020-06-27 12:31:09",0,853,126.99655,12.008602,0,57,129,24,3,7
1593261129,"2020-06-27 12:32:09",0,899,33.738777,2,0,58,34,4,1,3
1593261189,"2020-06-27 12:33:09",0,968,58.74448,4.8488855,0,61,65,10,1,3
1593261309,"2020-06-27 12:35:09",0,1068,3,2,0,64,3,4,1,3
1593261369,"2020-06-27 12:36:09",0,1088,94.01354,7.4780483,0,65,109,15,1,3
1593261429,"2020-06-27 12:37:09",0,1142,4.586374,2.600563,0,67,5,5,1,3
1593261489,"2020-06-27 12:38:09",0,0,3,2,0,0,3,4,1,3
1593261549,"2020-06-27 12:39:09",0,1157,13.707364,2.3354855,0,67,14,5,1,3
1593261609,"2020-06-27 12:40:09",0,1205,20.356384,3.437602,0,69,20,7,1,3
1593261669,"2020-06-27 12:41:09",0,1240,3,2,0,70,3,4,1,3
1593261729,"2020-06-27 12:42:09",0,1259,11.637232,2.1453705,0,71,12,4,1,3
1593261789,"2020-06-27 12:43:09",0,1266,8.744074,2.3840418,0,71,9,5,1,3
1593261849,"2020-06-27 12:44:09",0,1265,3.5927916,2,0,71,4,4,1,3
1593261909,"2020-06-27 12:45:09",0,1250,3,2,0,70,3,4,1,3
1593261969,"2020-06-27 12:46:09",0,1213,9.249951,3.2956724,0,69,9,7,1,3
1593262029,"2020-06-27 12:47:09",0,1230,3,2,0,70,3,4,1,3
1593262089,"2020-06-27 12:48:09",0,1191,3,2,0,68,3,4,1,3
1593262149,"2020-06-27 12:49:09",0,1207,3,2,0,69,3,4,1,3
1593262209,"2020-06-27 12:50:09",0,1206,3,2,0,69,3,4,1,3
1593262269,"2020-06-27 12:51:09",0,1199,3,2,0,69,3,4,1,3
1593262329,"2020-06-27 12:52:09",0,1212,3,2,0,69,3,4,1,3
1593262389,"2020-06-27 12:53:09",0,1214,3,2,0,69,3,4,1,3
1593262449,"2020-06-27 12:54:09",0,1257,48.90798,5.184225,0,71,49,10,1,3
1593262509,"2020-06-27 12:55:09",0,1225,3.2260194,2,0,70,3,4,1,3
1593262569,"2020-06-27 12:56:09",0,1178,4.8685226,2,0,68,5,4,1,3
1593262629,"2020-06-27 12:57:09",0,1146,47.900776,2,0,67,48,4,1,3
1593262686,"2020-06-27 12:58:06",0,1152,3,2,0,67,3,4,1,3
1593262746,"2020-06-27 12:59:06",0,1123,22.746504,2,0,66,23,4,1,3
1593262806,"2020-06-27 13:00:06",0,1123,5.983486,2,0,66,6,4,1,3
1593262866,"2020-06-27 13:01:06",0,1096,4.8958416,3.8958414,0,65,5,8,3,7
1593262926,"2020-06-27 13:02:06",0,1096,5.688251,4.688251,0,65,6,9,4,9
1593262986,"2020-06-27 13:03:06",0,1111,6.0362396,5.0362396,0,66,6,10,4,10
1593263046,"2020-06-27 13:04:06",0,1097,3.4422197,2.4422197,0,65,3,5,1,4
1593263109,"2020-06-27 13:05:09",0,1095,7.6480446,6.6480446,0,65,8,13,5,11
1593263169,"2020-06-27 13:06:09",0,1092,7.694767,6.694767,0,65,8,13,4,11
1593263289,"2020-06-27 13:08:09",0,1081,7.056711,6.056711,0,65,7,12,5,13
1593263349,"2020-06-27 13:09:09",0,1068,8.580314,7.5803137,0,64,9,15,7,16
1593263409,"2020-06-27 13:10:09",0,1098,9.058792,8.058792,0,65,9,16,7,18
1593263469,"2020-06-27 13:11:09",0,1087,7.059953,6.059953,0,65,7,12,5,12
1593263529,"2020-06-27 13:12:09",0,1072,7.254177,6.254177,0,64,7,13,4,10
1593263589,"2020-06-27 13:13:09",0,1078,12.204357,11.204357,0,65,12,22,7,18
1593263649,"2020-06-27 13:14:09",0,1061,13.4681835,12.4681835,0,64,13,25,8,19
1593263709,"2020-06-27 13:15:09",0,1063,11.736422,10.736422,0,64,12,21,7,18
1593263769,"2020-06-27 13:16:09",0,1065,6.839116,5.839116,0,64,7,12,5,12
1593263829,"2020-06-27 13:17:09",0,1073,17.555044,2,0,64,18,4,1,3
1593263889,"2020-06-27 13:18:09",0,1044,6.919094,5.919094,0,63,7,12,5,12
1593263949,"2020-06-27 13:19:09",0,1054,5.4720106,4.4720106,0,64,5,9,3,9
1593264009,"2020-06-27 13:20:09",0,1049,3,2,0,64,3,4,1,3
1593264069,"2020-06-27 13:21:09",0,1055,5.1134996,4.1134996,0,64,5,8,3,8
1593264129,"2020-06-27 13:22:09",0,1043,8.930078,4.423646,0,63,9,9,3,9
1593264189,"2020-06-27 13:23:09",0,1031,3,2,0,63,3,4,1,3
1593264249,"2020-06-27 13:24:09",0,1029,14.713718,2,0,63,15,4,1,3
1593264309,"2020-06-27 13:25:09",0,1041,3,2,0,63,3,4,1,3
1593264369,"2020-06-27 13:26:09",0,1037,3,2,0,63,3,4,1,3
1593264429,"2020-06-27 13:27:09",0,1018,12.016399,2,0,62,12,4,1,3
1593264489,"2020-06-27 13:28:09",0,1026,3,2,0,63,3,4,1,3
1593264549,"2020-06-27 13:29:09",0,1012,3,2,0,62,3,4,1,3
1593264609,"2020-06-27 13:30:09",0,1022,3,2,0,63,3,4,1,3
1593264669,"2020-06-27 13:31:09",0,1014,3,2,0,62,3,4,1,3
1593264729,"2020-06-27 13:32:09",0,1006,8.592755,2,0,62,9,4,1,3
1593264789,"2020-06-27 13:33:09",0,1012,11.071293,2,0,62,11,4,1,3
1593264849,"2020-06-27 13:34:09",0,1004,19.000462,2,0,62,19,4,1,3
1593264909,"2020-06-27 13:35:09",0,1020,36.68023,35.68023,0,63,37,71,26,65
1593264969,"2020-06-27 13:36:09",0,1176,40.227966,39.227966,0,68,40,78,31,77
1593265029,"2020-06-27 13:37:09",0,1216,39.55636,38.55636,0,69,40,77,31,78
1593265089,"2020-06-27 13:38:09",0,1221,39.68358,38.68358,0,69,40,77,30,74
1593265149,"2020-06-27 13:39:09",0,1233,39.608833,38.608833,0,70,40,77,30,74
1593265269,"2020-06-27 13:41:09",0,1237,33.04341,32.04341,0,70,33,64,23,57
1593265329,"2020-06-27 13:42:09",0,1213,26.008163,25.008163,0,69,26,50,18,45
1593265389,"2020-06-27 13:43:09",0,1213,22.802917,21.802917,0,69,23,44,18,46
1593265449,"2020-06-27 13:44:09",0,1192,22.565102,21.565102,0,68,23,43,16,41
1593265509,"2020-06-27 13:45:09",1,1181,19.107763,18.107763,1,68,19,36,15,37
1593265569,"2020-06-27 13:46:09",1,1160,6.65711,5.65711,1,67,7,11,4,9
1593265629,"2020-06-27 13:47:09",2,1101,13.293742,12.293742,2,65,13,25,7,18
1593265689,"2020-06-27 13:48:09",2,1101,10.315092,9.315092,2,65,10,19,3,7
1593265749,"2020-06-27 13:49:09",2,1101,12.308572,11.308572,2,65,12,23,5,12
1593265809,"2020-06-27 13:50:09",2,1071,10.655561,9.655561,2,64,11,19,3,8
1593265869,"2020-06-27 13:51:09",3,1061,10.585489,9.585489,3,64,11,19,9,21
1593265929,"2020-06-27 13:52:09",4,1028,8.849752,7.849753,4,63,9,16,5,14
1593265989,"2020-06-27 13:53:09",3,1030,8.964861,7.9648614,3,63,9,16,7,17
1593266049,"2020-06-27 13:54:09",4,1016,16.411255,15.411255,4,62,16,31,10,24
1593266109,"2020-06-27 13:55:09",4,1025,6.244882,5.244882,4,63,6,10,4,11
1593266169,"2020-06-27 13:56:09",4,997,3.8306403,2.8306403,4,62,4,6,2,5
1593266229,"2020-06-27 13:57:09",5,980,3.4727316,2.4727316,5,61,3,5,1,4
1593266289,"2020-06-27 13:58:09",4,1001,8.650866,7.6508656,4,62,9,15,5,13
1593266349,"2020-06-27 13:59:09",4,974,8.235426,7.2354255,4,61,8,14,6,16
1593266409,"2020-06-27 14:00:09",4,959,8.891892,3.7444546,4,60,9,7,2,6
1593266469,"2020-06-27 14:01:09",4,956,4.636955,2.3670654,4,60,5,5,1,3
1593266529,"2020-06-27 14:02:09",5,932,8.132094,7.1320944,5,59,8,14,6,15
1593266589,"2020-06-27 14:03:09",4,916,7.3445783,6.3445783,4,59,7,13,5,13
1593266649,"2020-06-27 14:04:09",4,910,10.155523,2,4,59,10,4,1,3
1593266709,"2020-06-27 14:05:09",5,909,26.942965,3.4899383,5,59,27,7,2,4
1593266769,"2020-06-27 14:06:09",5,897,29.59949,2,5,58,30,4,1,3
1593266829,"2020-06-27 14:07:09",4,893,15.291417,2,4,58,15,4,1,3
1593266889,"2020-06-27 14:08:09",5,886,22.702053,2,5,58,23,4,1,3
1593266949,"2020-06-27 14:09:09",4,895,21.005564,2,4,58,21,4,1,3
1593267009,"2020-06-27 14:10:09",5,889,6.0442386,2,5,58,6,4,1,3
1593267069,"2020-06-27 14:11:09",5,896,3.8863437,2.5156636,5,58,4,5,2,4
1593267129,"2020-06-27 14:12:09",4,891,22.623714,3.9033163,4,58,23,8,2,5
1593267189,"2020-06-27 14:13:09",5,881,25.616165,2,5,58,26,4,1,3
1593267249,"2020-06-27 14:14:09",5,876,7.400341,2.322631,5,58,7,5,1,3
1593267309,"2020-06-27 14:15:09",4,866,20.410582,2,4,57,20,4,1,3
1593267369,"2020-06-27 14:16:09",5,874,10.277903,2,5,57,10,4,1,3
1593267429,"2020-06-27 14:17:09",5,866,44.38416,2.1890452,5,57,44,4,1,3
1593267489,"2020-06-27 14:18:09",5,877,15.693822,2,5,58,16,4,1,3
1593267549,"2020-06-27 14:19:09",5,867,49.91145,2,5,57,50,4,1,3
1593267609,"2020-06-27 14:20:09",5,850,13.174031,2,5,57,13,4,1,3
1593267669,"2020-06-27 14:21:09",5,844,3,2,5,56,3,4,1,3
1593267729,"2020-06-27 14:22:09",5,827,3,2,5,56,3,4,1,3
1593267789,"2020-06-27 14:23:09",4,824,3,2,4,56,3,4,1,3
1593267849,"2020-06-27 14:24:09",6,838,3,2,6,56,3,4,1,3
1593267909,"2020-06-27 14:25:09",5,833,17.040085,2,5,56,17,4,1,3
1593267969,"2020-06-27 14:26:09",5,828,3,2,5,56,3,4,1,3
1593268029,"2020-06-27 14:27:09",5,827,9.64888,2,5,56,10,4,1,3
1593268089,"2020-06-27 14:28:09",5,813,5.2079153,2,5,55,5,4,1,3
1593268149,"2020-06-27 14:29:09",5,824,3,2,5,56,3,4,1,3
1593268209,"2020-06-27 14:30:09",5,820,3,2,5,56,3,4,1,3
1593268269,"2020-06-27 14:31:09",4,817,64.80475,2.289689,4,55,75,5,1,3
1593268329,"2020-06-27 14:32:09",5,827,11.275421,2,5,56,11,4,1,3
1593268389,"2020-06-27 14:33:09",5,814,12.767379,2,5,55,13,4,1,3
1593268449,"2020-06-27 14:34:09",4,808,5.1101713,2,4,55,5,4,1,3
1593268509,"2020-06-27 14:35:09",5,805,31.433558,2,5,55,31,4,1,3
1593268569,"2020-06-27 14:36:09",5,796,5.0020676,2,5,55,5,4,1,3
1593268629,"2020-06-27 14:37:09",5,784,3,2,5,54,3,4,1,3
1593268689,"2020-06-27 14:38:09",5,787,3,2,5,54,3,4,1,3
1593268749,"2020-06-27 14:39:09",5,792,12.093076,2,5,55,12,4,1,3
1593268809,"2020-06-27 14:40:09",5,774,3,2,5,54,3,4,1,3
1593268869,"2020-06-27 14:41:09",5,773,3,2,5,54,3,4,1,3
1593268929,"2020-06-27 14:42:09",5,782,3,2,5,54,3,4,1,3
1593269049,"2020-06-27 14:44:09",5,775,26.408442,2,5,54,26,4,1,3
1593269109,"2020-06-27 14:45:09",6,773,3,2,6,54,3,4,1,3
1593269169,"2020-06-27 14:46:09",0,749,3,2,0,53,3,4,1,3
1593269229,"2020-06-27 14:47:09",6,745,3,2,6,53,3,4,1,3
1593269289,"2020-06-27 14:48:09",6,748,3,2,6,53,3,4,1,3
1593269349,"2020-06-27 14:49:09",5,751,3,2,5,53,3,4,1,3
1593269409,"2020-06-27 14:50:09",6,761,3,2,6,54,3,4,1,3
1593269469,"2020-06-27 14:51:09",6,752,3,2,6,53,3,4,1,3
1593269529,"2020-06-27 14:52:09",6,748,3,2,6,53,3,4,1,3
1593269589,"2020-06-27 14:53:09",5,734,3,2,5,53,3,4,1,3
1593269649,"2020-06-27 14:54:09",6,734,3,2,6,53,3,4,1,3
1593269709,"2020-06-27 14:55:09",7,726,33.417908,2,7,52,33,4,1,3
1593269829,"2020-06-27 14:57:09",6,727,3,2,6,52,3,4,1,3
1593269889,"2020-06-27 14:58:09",5,724,4.080961,2,5,52,4,4,1,3
1593269949,"2020-06-27 14:59:09",6,730,3,2,6,52,3,4,1,3
1593270009,"2020-06-27 15:00:09",6,0,3,2,6,0,3,4,1,3
1593270069,"2020-06-27 15:01:09",7,716,3,2,7,52,3,4,1,3
1593270129,"2020-06-27 15:02:09",6,714,3,2,6,52,3,4,1,3
1593270189,"2020-06-27 15:03:09",6,706,13.362255,2,6,52,13,4,1,3
1593270249,"2020-06-27 15:04:09",6,717,3,2,6,52,3,4,1,3
1593270309,"2020-06-27 15:05:09",6,715,3,2,6,52,3,4,1,3
1593270369,"2020-06-27 15:06:09",0,691,3,2,0,51,3,4,1,3
1593270429,"2020-06-27 15:07:09",7,705,3,2,7,52,3,4,1,3
1593270489,"2020-06-27 15:08:09",6,699,3,2,6,51,3,4,1,3
1593270549,"2020-06-27 15:09:09",6,698,3,2,6,51,3,4,1,3
1593270609,"2020-06-27 15:10:09",7,700,3,2,7,51,3,4,1,3
1593270669,"2020-06-27 15:11:09",7,691,3,2,7,51,3,4,1,3
1593270729,"2020-06-27 15:12:09",7,677,3,2,7,51,3,4,1,3
1593270789,"2020-06-27 15:13:09",6,666,3,2,6,50,3,4,1,3
1593270849,"2020-06-27 15:14:09",0,653,3.0991776,2,0,49,3,4,1,3
1593270909,"2020-06-27 15:15:09",7,665,3,2,7,50,3,4,1,3
1593270969,"2020-06-27 15:16:09",9,665,3,2,8,50,3,4,1,3
1593271029,"2020-06-27 15:17:09",8,671,3,2,8,50,3,4,1,3
1593271089,"2020-06-27 15:18:09",8,663,3,2,7,50,3,4,1,3
1593271149,"2020-06-27 15:19:09",8,667,3,2,8,50,3,4,1,3
1593271209,"2020-06-27 15:20:09",8,655,3,2,8,50,3,4,1,3
1593271269,"2020-06-27 15:21:09",8,648,3,2,8,49,3,4,1,3
1593271329,"2020-06-27 15:22:09",8,645,3,2,7,49,3,4,1,3
1593271389,"2020-06-27 15:23:09",8,642,3,2,7,49,3,4,1,3
1593271449,"2020-06-27 15:24:09",8,647,3,2,8,49,3,4,1,3
1593271509,"2020-06-27 15:25:09",8,643,8.097542,2,8,49,8,4,1,3
1593271569,"2020-06-27 15:26:09",9,629,3,2,8,48,3,4,1,3
1593271629,"2020-06-27 15:27:09",9,631,3,2,8,48,3,4,1,3
1593271689,"2020-06-27 15:28:09",9,614,3,2,8,47,3,4,1,3
1593271749,"2020-06-27 15:29:09",9,631,3,2,8,48,3,4,1,3
1593271809,"2020-06-27 15:30:09",9,613,3,2,8,47,3,4,1,3
1593271869,"2020-06-27 15:31:09",10,621,3,2,9,47,3,4,1,3
1593271929,"2020-06-27 15:32:09",9,628,3,2,8,48,3,4,1,3
1593271989,"2020-06-27 15:33:09",10,628,3,2,9,48,3,4,1,3
1593272049,"2020-06-27 15:34:09",10,621,3,2,9,47,3,4,1,3
1593272109,"2020-06-27 15:35:09",9,624,3,2,8,47,3,4,1,3
1593272169,"2020-06-27 15:36:09",10,609,3,2,10,46,3,4,1,3
1593272229,"2020-06-27 15:37:09",10,604,3,2,9,46,3,4,1,3
1593272289,"2020-06-27 15:38:09",10,610,3,2,9,46,3,4,1,3
1593272349,"2020-06-27 15:39:09",10,596,3,2,9,45,3,4,1,3
1593272409,"2020-06-27 15:40:09",10,600,3,2,9,46,3,4,1,3
1593272469,"2020-06-27 15:41:09",10,595,3,2,9,45,3,4,1,3
1593272529,"2020-06-27 15:42:09",11,582,3,2,10,44,3,4,1,3
1593272589,"2020-06-27 15:43:09",10,585,4.0404387,2,9,45,4,4,1,3
1593272649,"2020-06-27 15:44:09",11,575,3,2,10,44,3,4,1,3
1593272709,"2020-06-27 15:45:09",11,592,3,2,10,45,3,4,1,3
1593272769,"2020-06-27 15:46:09",11,577,3,2,10,44,3,4,1,3
1593272829,"2020-06-27 15:47:09",11,579,3,2,10,44,3,4,1,3
1593272889,"2020-06-27 15:48:09",11,576,3,2,10,44,3,4,1,3
1593272949,"2020-06-27 15:49:09",11,571,3,2,10,43,3,4,1,3
1593273009,"2020-06-27 15:50:09",11,584,3,2,10,44,3,4,1,3
1593273069,"2020-06-27 15:51:09",11,561,3.4747052,2,10,43,3,4,1,3
1593273129,"2020-06-27 15:52:09",11,574,3,2,11,44,3,4,1,3
1593273189,"2020-06-27 15:53:09",11,576,3,2,10,44,3,4,1,3
1593273249,"2020-06-27 15:54:09",11,562,3,2,10,43,3,4,1,3
1593273309,"2020-06-27 15:55:09",11,575,3,2,10,44,3,4,1,3
1593273369,"2020-06-27 15:56:09",11,551,3,2,11,42,3,4,1,3
1593273429,"2020-06-27 15:57:09",11,556,3,2,11,42,3,4,1,3
1593273549,"2020-06-27 15:59:09",11,555,3,2,11,42,3,4,1,3
1593273609,"2020-06-27 16:00:09",11,556,3,2,10,42,3,4,1,3
1593273669,"2020-06-27 16:01:09",11,554,3,2,11,42,3,4,1,3
1593273729,"2020-06-27 16:02:09",11,545,3,2,11,42,3,4,1,3
1593273789,"2020-06-27 16:03:09",11,563,3,2,11,43,3,4,1,3
1593273849,"2020-06-27 16:04:09",11,551,3,2,11,42,3,4,1,3
1593273909,"2020-06-27 16:05:09",11,548,3,2,10,42,3,4,1,3
1593273969,"2020-06-27 16:06:09",12,547,15.847087,2,12,42,16,4,1,3
1593274029,"2020-06-27 16:07:09",11,547,3,2,11,42,3,4,1,3
1593274089,"2020-06-27 16:08:09",11,552,3,2,11,42,3,4,1,3
1593274149,"2020-06-27 16:09:09",11,542,3,2,11,41,3,4,1,3
1593274209,"2020-06-27 16:10:09",11,534,3,2,11,41,3,4,1,3
1593274269,"2020-06-27 16:11:09",11,536,3,2,10,41,3,4,1,3
1593274329,"2020-06-27 16:12:09",11,536,3,2,11,41,3,4,1,3
1593274389,"2020-06-27 16:13:09",11,539,3,2,10,41,3,4,1,3
1593274449,"2020-06-27 16:14:09",11,528,3,2,11,40,3,4,1,3
1593274509,"2020-06-27 16:15:09",11,531,3,2,11,41,3,4,1,3
1593274569,"2020-06-27 16:16:09",11,538,3,2,11,41,3,4,1,3
1593274629,"2020-06-27 16:17:09",11,543,3,2,11,41,3,4,1,3
1593274689,"2020-06-27 16:18:09",11,534,3,2,11,41,3,4,1,3
1593274749,"2020-06-27 16:19:09",11,522,3,2,11,40,3,4,1,3
1593274809,"2020-06-27 16:20:09",11,533,3,2,11,41,3,4,1,3
1593274869,"2020-06-27 16:21:09",11,533,3,2,11,41,3,4,1,3
1593274929,"2020-06-27 16:22:09",11,520,3,2,11,40,3,4,1,3
1593274989,"2020-06-27 16:23:09",11,527,3,2,11,40,3,4,1,3
1593275049,"2020-06-27 16:24:09",11,529,3,2,11,40,3,4,1,3
1593275109,"2020-06-27 16:25:09",11,517,3,2,11,40,3,4,1,3
1593275169,"2020-06-27 16:26:09",11,532,3,2,11,41,3,4,1,3
1593275229,"2020-06-27 16:27:09",11,523,3,2,11,40,3,4,1,3
1593275349,"2020-06-27 16:29:09",11,517,3,2,11,40,3,4,1,3
1593275409,"2020-06-27 16:30:09",11,515,3,2,11,39,3,4,1,3
1593275469,"2020-06-27 16:31:09",11,515,3,2,11,39,3,4,1,3
1593275529,"2020-06-27 16:32:09",11,511,3,2,11,39,3,4,1,3
1593275589,"2020-06-27 16:33:09",11,510,3.9328322,2,11,39,4,4,1,3
1593275649,"2020-06-27 16:34:09",11,516,3,2,11,39,3,4,1,3
1593275709,"2020-06-27 16:35:09",12,512,3.5710008,2,12,39,4,4,1,3
1593275769,"2020-06-27 16:36:09",12,511,3,2,12,39,3,4,1,3
1593275829,"2020-06-27 16:37:09",11,510,6.947292,2.1786041,11,39,7,4,1,3
1593275889,"2020-06-27 16:38:09",12,509,3,2,12,39,3,4,1,3
1593275949,"2020-06-27 16:39:09",11,503,3,2,11,39,3,4,1,3
1593276009,"2020-06-27 16:40:09",12,518,3,2,12,40,3,4,1,3
1593276069,"2020-06-27 16:41:09",12,500,3,2,12,38,3,4,1,3
1593276129,"2020-06-27 16:42:09",12,500,3,2,12,38,3,4,1,3
1593276189,"2020-06-27 16:43:09",11,497,3,2,11,38,3,4,1,3
1593276249,"2020-06-27 16:44:09",12,494,3,2,12,38,3,4,1,3
1593276309,"2020-06-27 16:45:09",12,498,3,2,12,38,3,4,1,3
1593276369,"2020-06-27 16:46:09",11,498,3,2,11,38,3,4,1,3
1593276429,"2020-06-27 16:47:09",12,496,3,2,12,38,3,4,1,3
1593276489,"2020-06-27 16:48:09",13,485,3,2,12,37,3,4,1,3
1593276549,"2020-06-27 16:49:09",11,491,3,2,11,38,3,4,1,3
1593276609,"2020-06-27 16:50:09",12,490,3,2,12,38,3,4,1,3
1593276669,"2020-06-27 16:51:09",13,492,3,2,12,38,3,4,1,3
1593276729,"2020-06-27 16:52:09",12,489,3,2,12,37,3,4,1,3
1593276789,"2020-06-27 16:53:09",12,490,3,2,12,38,3,4,1,3
1593276849,"2020-06-27 16:54:09",12,487,3,2,12,37,3,4,1,3
1593276909,"2020-06-27 16:55:09",12,486,3,2,12,37,3,4,1,3
1593276969,"2020-06-27 16:56:09",12,490,3,2,11,38,3,4,1,3
1593277029,"2020-06-27 16:57:09",12,479,3,2,12,37,3,4,1,3
1593277089,"2020-06-27 16:58:09",12,482,3,2,12,37,3,4,1,3
1593277149,"2020-06-27 16:59:09",12,474,9.935017,2,12,36,10,4,1,3
1593277209,"2020-06-27 17:00:09",12,480,3,2,12,37,3,4,1,3
1593277269,"2020-06-27 17:01:09",12,471,3,2,12,36,3,4,1,3
1593277329,"2020-06-27 17:02:09",12,474,3,2,12,36,3,4,1,3
1593277389,"2020-06-27 17:03:09",12,473,3,2,12,36,3,4,1,3
1593277449,"2020-06-27 17:04:09",13,476,3,2,12,37,3,4,1,3
1593277509,"2020-06-27 17:05:09",12,477,3,2,12,37,3,4,1,3
1593277569,"2020-06-27 17:06:09",0,476,21.199677,3.2191954,0,37,21,6,1,3
1593277629,"2020-06-27 17:07:09",11,472,13.448027,2,11,36,13,4,1,3
1593277689,"2020-06-27 17:08:09",11,462,8.697378,2,11,36,9,4,1,3
1593277749,"2020-06-27 17:09:09",12,464,3,2,12,36,3,4,1,3
1593277809,"2020-06-27 17:10:09",11,467,3,2,11,36,3,4,1,3
1593277869,"2020-06-27 17:11:09",11,459,25.011036,2.2482328,11,35,25,4,1,3
1593277929,"2020-06-27 17:12:09",12,456,3,2,12,35,3,4,1,3
1593278049,"2020-06-27 17:14:09",12,463,3,2,12,36,3,4,1,3
1593278109,"2020-06-27 17:15:09",12,464,3,2,12,36,3,4,1,3
1593278169,"2020-06-27 17:16:09",0,466,3,2,0,36,3,4,1,3
1593278289,"2020-06-27 17:18:09",12,461,3,2,12,35,3,4,1,3
1593278349,"2020-06-27 17:19:09",12,450,3,2,12,35,3,4,1,3
1593278409,"2020-06-27 17:20:09",11,0,3,2,11,0,3,4,1,3
1593278529,"2020-06-27 17:22:09",11,0,3,2,11,0,3,4,1,3
1593278589,"2020-06-27 17:23:09",0,457,3,2,0,35,3,4,1,3
1593278649,"2020-06-27 17:24:09",12,455,8.32958,2,11,35,8,4,1,3
1593278709,"2020-06-27 17:25:09",12,453,3,2,12,35,3,4,1,3
1593278769,"2020-06-27 17:26:09",0,454,3,2,0,35,3,4,1,3
1593278889,"2020-06-27 17:28:09",14,438,3,2,13,34,3,4,1,3
1593278949,"2020-06-27 17:29:09",14,438,3,2,13,34,3,4,1,3
1593279009,"2020-06-27 17:30:09",15,439,3,2,14,34,3,4,1,3
1593279069,"2020-06-27 17:31:09",14,435,3,2,13,34,3,4,1,3
1593279129,"2020-06-27 17:32:09",15,439,3,2,14,34,3,4,1,3
1593279189,"2020-06-27 17:33:09",14,437,3,2,13,34,3,4,1,3
1593279249,"2020-06-27 17:34:09",15,438,3,2,14,34,3,4,1,3
1593279309,"2020-06-27 17:35:09",15,440,3,2,14,34,3,4,1,3
1593279369,"2020-06-27 17:36:09",0,441,10.660196,2,0,34,11,4,1,3
1593279429,"2020-06-27 17:37:09",15,438,3,2,14,34,3,4,1,3
1593279489,"2020-06-27 17:38:09",14,441,3,2,13,34,3,4,1,3
1593279549,"2020-06-27 17:39:09",14,434,3,2,13,33,3,4,1,3
1593279609,"2020-06-27 17:40:09",15,435,3,2,14,34,3,4,1,3
1593279669,"2020-06-27 17:41:09",15,434,3,2,14,33,3,4,1,3
1593279729,"2020-06-27 17:42:09",15,436,3,2,14,34,3,4,1,3
1593279789,"2020-06-27 17:43:09",15,438,3,2,14,34,3,4,1,3
1593279849,"2020-06-27 17:44:09",15,435,3,2,15,34,3,4,1,3
1593279909,"2020-06-27 17:45:09",15,437,3,2,15,34,3,4,1,3
1593279969,"2020-06-27 17:46:09",15,430,3,2,15,33,3,4,1,3
1593280029,"2020-06-27 17:47:09",16,430,3,2,15,33,3,4,1,3
1593280089,"2020-06-27 17:48:09",16,437,3,2,15,34,3,4,1,3
1593280149,"2020-06-27 17:49:09",16,427,3,2,15,33,3,4,1,3
1593280209,"2020-06-27 17:50:09",16,429,3,2,15,33,3,4,1,3
1593280269,"2020-06-27 17:51:09",17,422,3,2,16,33,3,4,1,3
1593280329,"2020-06-27 17:52:09",18,424,3,2,17,33,3,4,1,3
1593280389,"2020-06-27 17:53:09",18,428,3,2,17,33,3,4,1,3
1593280449,"2020-06-27 17:54:09",18,422,3,2,17,33,3,4,1,3
1593280509,"2020-06-27 17:55:09",18,416,3,2,17,32,3,4,1,3
1593280629,"2020-06-27 17:57:09",18,420,3,2,17,32,3,4,1,3
1593280689,"2020-06-27 17:58:09",18,419,3,2,17,32,3,4,1,3
1593280749,"2020-06-27 17:59:09",19,399,3,2,18,31,3,4,1,3
1593280869,"2020-06-27 18:01:09",20,412,3,2,19,32,3,4,1,3
1593280929,"2020-06-27 18:02:09",20,406,3,2,19,31,3,4,1,3
1593280989,"2020-06-27 18:03:09",20,399,3,2,19,31,3,4,1,3
1593281049,"2020-06-27 18:04:09",20,410,3,2,19,32,3,4,1,3
1593281109,"2020-06-27 18:05:09",20,404,3,2,19,31,3,4,1,3
1593281169,"2020-06-27 18:06:09",20,403,3,2,19,31,3,4,1,3
1593281229,"2020-06-27 18:07:09",20,407,3,2,19,31,3,4,1,3
1593281289,"2020-06-27 18:08:09",21,401,3,2,19,31,3,4,1,3
1593281349,"2020-06-27 18:09:09",21,403,3,2,19,31,3,4,1,3
1593281409,"2020-06-27 18:10:09",20,404,3,2,19,31,3,4,1,3
1593281469,"2020-06-27 18:11:09",20,402,3,2,18,31,3,4,1,3
1593281529,"2020-06-27 18:12:09",20,395,3,2,18,31,3,4,1,3
1593281589,"2020-06-27 18:13:09",20,398,12.425656,3.1456149,18,31,12,6,1,3
1593281649,"2020-06-27 18:14:09",21,397,3,2,19,31,3,4,1,3
1593281709,"2020-06-27 18:15:09",21,398,3,2,19,31,3,4,1,3
1593281769,"2020-06-27 18:16:09",21,397,3,2,20,31,3,4,1,3
1593281829,"2020-06-27 18:17:09",0,404,3,2,0,31,3,4,1,3
1593281888,"2020-06-27 18:18:08",20,392,3,2,19,30,3,4,1,3
1593281948,"2020-06-27 18:19:08",21,401,3,2,20,31,3,4,1,3
1593282008,"2020-06-27 18:20:08",21,391,3,2,20,30,3,4,1,3
1593282068,"2020-06-27 18:21:08",21,383,3,2,20,30,3,4,1,3
1593282128,"2020-06-27 18:22:08",22,396,9.807539,2,21,31,10,4,1,3
1593282188,"2020-06-27 18:23:08",21,386,3,2,20,30,3,4,1,3
1593282248,"2020-06-27 18:24:08",21,396,3,2,20,31,3,4,1,3
1593282308,"2020-06-27 18:25:08",20,399,3,2,19,31,3,4,1,3
1593282368,"2020-06-27 18:26:08",22,395,3,2,21,31,3,4,1,3
1593282428,"2020-06-27 18:27:08",24,391,3,2,24,30,3,4,1,3
1593282488,"2020-06-27 18:28:08",24,398,3,2,24,31,3,4,1,3
1593282548,"2020-06-27 18:29:08",23,394,3,2,23,31,3,4,1,3
1593282608,"2020-06-27 18:30:08",23,395,11.4764185,2.5398226,23,31,11,5,1,3
1593282668,"2020-06-27 18:31:08",23,391,3,2,23,30,3,4,1,3
1593282728,"2020-06-27 18:32:08",23,395,3,2,23,31,3,4,1,3
1593282788,"2020-06-27 18:33:08",23,397,6.1989136,2,23,31,6,4,1,3
1593282848,"2020-06-27 18:34:08",23,392,3,2,23,30,3,4,1,3
1593282908,"2020-06-27 18:35:08",22,391,3,2,21,30,3,4,1,3
1593282968,"2020-06-27 18:36:08",22,396,3,2,21,31,3,4,1,3
1593283028,"2020-06-27 18:37:08",0,403,3,2,0,31,3,4,1,3
1593283088,"2020-06-27 18:38:08",22,413,3,2,21,32,3,4,1,3
1593283148,"2020-06-27 18:39:08",20,427,3,2,19,33,3,4,1,3
1593283208,"2020-06-27 18:40:08",21,417,5.583745,2,20,32,6,4,1,3
1593283268,"2020-06-27 18:41:08",22,408,3,2,21,32,3,4,1,3
1593283328,"2020-06-27 18:42:08",21,409,3,2,20,32,3,4,1,3
1593283388,"2020-06-27 18:43:08",20,410,7.200807,2,19,32,7,4,1,3
1593283448,"2020-06-27 18:44:08",22,408,3,2,21,32,3,4,1,3
1593283508,"2020-06-27 18:45:08",21,397,3,2,20,31,3,4,1,3
1593283568,"2020-06-27 18:46:08",22,400,3,2,21,31,3,4,1,3
1593283628,"2020-06-27 18:47:08",22,396,3,2,21,31,3,4,1,3
1593283688,"2020-06-27 18:48:08",20,400,3,2,19,31,3,4,1,3
1593283748,"2020-06-27 18:49:08",20,395,3,2,19,31,3,4,1,3
1593283808,"2020-06-27 18:50:08",20,400,3,2,19,31,3,4,1,3
1593283868,"2020-06-27 18:51:08",21,393,3,2,20,30,3,4,1,3
1593283928,"2020-06-27 18:52:08",21,396,3,2,20,31,3,4,1,3
1593283988,"2020-06-27 18:53:08",21,398,3,2,20,31,3,4,1,3
1593284048,"2020-06-27 18:54:08",21,394,3,2,20,31,3,4,1,3
1593284108,"2020-06-27 18:55:08",21,388,3,2,20,30,3,4,1,3
1593284168,"2020-06-27 18:56:08",21,397,3,2,20,31,3,4,1,3
1593284228,"2020-06-27 18:57:08",21,384,3,2,20,30,3,4,1,3
1593284288,"2020-06-27 18:58:08",22,384,3,2,20,30,3,4,1,3
1593284348,"2020-06-27 18:59:08",21,385,3,2,20,30,3,4,1,3
1593284408,"2020-06-27 19:00:08",22,379,3,2,21,29,3,4,1,3
1593284468,"2020-06-27 19:01:08",21,377,3,2,20,29,3,4,1,3
1593284528,"2020-06-27 19:02:08",22,378,3,2,21,29,3,4,1,3
1593284588,"2020-06-27 19:03:08",22,378,3,2,21,29,3,4,1,3
1593284648,"2020-06-27 19:04:08",21,375,3,2,20,29,3,4,1,3
1593284708,"2020-06-27 19:05:08",23,375,3,2,22,29,3,4,1,3
1593284768,"2020-06-27 19:06:08",22,377,3,2,21,29,3,4,1,3
1593284828,"2020-06-27 19:07:08",23,376,6.821874,2,23,29,7,4,1,3
1593284888,"2020-06-27 19:08:08",22,377,3,2,21,29,3,4,1,3
1593284948,"2020-06-27 19:09:08",22,376,3,2,21,29,3,4,1,3
1593285008,"2020-06-27 19:10:08",22,373,3,2,21,29,3,4,1,3
1593285068,"2020-06-27 19:11:08",22,374,3,2,21,29,3,4,1,3
1593285128,"2020-06-27 19:12:08",22,371,3,2,21,29,3,4,1,3
1593285188,"2020-06-27 19:13:08",21,376,3,2,20,29,3,4,1,3
1593285248,"2020-06-27 19:14:08",22,376,3,2,21,29,3,4,1,3
1593285308,"2020-06-27 19:15:08",22,370,3,2,21,29,3,4,1,3
1593285368,"2020-06-27 19:16:08",23,364,3,2,22,28,3,4,1,3
1593285428,"2020-06-27 19:17:08",22,372,3,2,21,29,3,4,1,3
1593285488,"2020-06-27 19:18:08",22,373,3,2,21,29,3,4,1,3
1593285548,"2020-06-27 19:19:08",23,367,3,2,22,29,3,4,1,3
1593285608,"2020-06-27 19:20:08",22,367,3,2,21,29,3,4,1,3
1593285668,"2020-06-27 19:21:08",22,361,3,2,21,28,3,4,1,3
1593285728,"2020-06-27 19:22:08",22,372,3,2,21,29,3,4,1,3
1593285788,"2020-06-27 19:23:08",23,370,3,2,22,29,3,4,1,3
1593285848,"2020-06-27 19:24:08",23,364,3,2,22,28,3,4,1,3
1593285908,"2020-06-27 19:25:08",23,364,3,2,22,28,3,4,1,3
1593285968,"2020-06-27 19:26:08",23,363,3,2,22,28,3,4,1,3
1593286028,"2020-06-27 19:27:08",24,360,3,2,24,28,3,4,1,3
1593286088,"2020-06-27 19:28:08",0,362,3,2,0,28,3,4,1,3
1593286148,"2020-06-27 19:29:08",23,368,3,2,22,29,3,4,1,3
1593286208,"2020-06-27 19:30:08",24,369,3,2,24,29,3,4,1,3
1593286268,"2020-06-27 19:31:08",24,358,3,2,24,28,3,4,1,3
1593286328,"2020-06-27 19:32:08",24,360,3,2,24,28,3,4,1,3
1593286388,"2020-06-27 19:33:08",24,359,3,2,24,28,3,4,1,3
1593286448,"2020-06-27 19:34:08",24,366,3,2,24,28,3,4,1,3
1593286508,"2020-06-27 19:35:08",23,362,3,2,23,28,3,4,1,3
1593286568,"2020-06-27 19:36:08",23,363,3,2,22,28,3,4,1,3
1593286628,"2020-06-27 19:37:08",24,362,3,2,24,28,3,4,1,3
1593286688,"2020-06-27 19:38:08",0,361,3,2,0,28,3,4,1,3
1593286808,"2020-06-27 19:40:08",23,363,3,2,23,28,3,4,1,3
1593286868,"2020-06-27 19:41:08",23,364,3,2,23,28,3,4,1,3
1593286928,"2020-06-27 19:42:08",22,364,3,2,21,28,3,4,1,3
1593286988,"2020-06-27 19:43:08",22,369,3,2,21,29,3,4,1,3
1593287048,"2020-06-27 19:44:08",23,0,3,2,22,0,3,4,1,3
1593287108,"2020-06-27 19:45:08",23,366,3,2,22,28,3,4,1,3
1593287168,"2020-06-27 19:46:08",22,363,3,2,21,28,3,4,1,3
1593287228,"2020-06-27 19:47:08",24,363,3,2,24,28,3,4,1,3
1593287288,"2020-06-27 19:48:08",0,356,3,2,0,28,3,4,1,3
1593287348,"2020-06-27 19:49:08",25,357,3,2,25,28,3,4,1,3
1593287408,"2020-06-27 19:50:08",24,356,3,2,24,28,3,4,1,3
1593287468,"2020-06-27 19:51:08",24,353,3.5855343,2,24,28,4,4,1,3
1593287528,"2020-06-27 19:52:08",25,355,8.624308,2,25,28,9,4,1,3
1593287588,"2020-06-27 19:53:08",25,355,14.61033,2,25,28,15,4,1,3
1593287648,"2020-06-27 19:54:08",24,354,3,2,24,28,3,4,1,3
1593287708,"2020-06-27 19:55:08",25,356,3,2,25,28,3,4,1,3
1593287768,"2020-06-27 19:56:08",24,359,10.41399,2,24,28,10,4,1,3
1593287828,"2020-06-27 19:57:08",25,346,3,2,25,27,3,4,1,3
1593287888,"2020-06-27 19:58:08",0,353,3,2,0,28,3,4,1,3
1593287948,"2020-06-27 19:59:08",25,352,3,2,25,27,3,4,1,3
1593288008,"2020-06-27 20:00:08",25,347,3,2,25,27,3,4,1,3
1593288068,"2020-06-27 20:01:08",25,350,3,2,25,27,3,4,1,3
1593288128,"2020-06-27 20:02:08",26,346,3,2,26,27,3,4,1,3
1593288188,"2020-06-27 20:03:08",25,352,41.741432,3.83646,25,27,42,8,1,3
1593288248,"2020-06-27 20:04:08",25,349,3,2,25,27,3,4,1,3
1593288308,"2020-06-27 20:05:08",25,356,3,2,25,28,3,4,1,3
1593288368,"2020-06-27 20:06:08",24,344,3,2,24,27,3,4,1,3
1593288428,"2020-06-27 20:07:08",24,354,3,2,24,28,3,4,1,3
1593288488,"2020-06-27 20:08:08",24,347,3.1050205,2.1050205,24,27,3,4,1,3
1593288548,"2020-06-27 20:09:08",24,347,5.213706,2,24,27,5,4,1,3
1593288608,"2020-06-27 20:10:08",24,356,3,2,24,28,3,4,1,3
1593288668,"2020-06-27 20:11:08",25,349,3,2,25,27,3,4,1,3
1593288728,"2020-06-27 20:12:08",25,352,10.113504,2.7333574,25,27,10,5,1,3
1593288788,"2020-06-27 20:13:08",25,348,3,2,25,27,3,4,1,3
1593288848,"2020-06-27 20:14:08",26,351,3,2,26,27,3,4,1,3
1593288908,"2020-06-27 20:15:08",26,347,12.173409,2,26,27,12,4,1,3
1593288968,"2020-06-27 20:16:08",27,344,3,2,27,27,3,4,1,3
1593289028,"2020-06-27 20:17:08",26,344,3,2,26,27,3,4,1,3
1593289088,"2020-06-27 20:18:08",27,343,3,2,27,27,3,4,1,3
1593289148,"2020-06-27 20:19:08",25,346,11.420757,2.1274605,26,27,11,4,1,3
1593289208,"2020-06-27 20:20:08",25,342,3,2,25,27,3,4,1,3
1593289268,"2020-06-27 20:21:08",26,337,3,2,26,26,3,4,1,3
1593289328,"2020-06-27 20:22:08",25,341,3,2,25,27,3,4,1,3
1593289388,"2020-06-27 20:23:08",25,340,3,2,25,27,3,4,1,3
1593289448,"2020-06-27 20:24:08",25,341,3,2,25,27,3,4,1,3
1593289508,"2020-06-27 20:25:08",25,335,3,2,25,26,3,4,1,3
1593289568,"2020-06-27 20:26:08",25,337,3,2,25,26,3,4,1,3
1593289628,"2020-06-27 20:27:08",25,339,3,2,25,27,3,4,1,3
1593289688,"2020-06-27 20:28:08",25,333,3,2,25,26,3,4,1,3
1593289748,"2020-06-27 20:29:08",25,338,3,2,25,26,3,4,1,3
1593289808,"2020-06-27 20:30:08",24,332,3,2,24,26,3,4,1,3
1593289868,"2020-06-27 20:31:08",25,332,3,2,25,26,3,4,1,3
1593289928,"2020-06-27 20:32:08",24,336,3,2,24,26,3,4,1,3
1593289988,"2020-06-27 20:33:08",24,328,4.7209263,2.1514559,24,26,5,4,1,3
1593290048,"2020-06-27 20:34:08",25,333,3,2,25,26,3,4,1,3
1593290108,"2020-06-27 20:35:08",26,332,3,2,26,26,3,4,1,3
1593290168,"2020-06-27 20:36:08",25,329,3,2,25,26,3,4,1,3
1593290228,"2020-06-27 20:37:08",26,331,3.991589,2,26,26,4,4,1,3
1593290288,"2020-06-27 20:38:08",26,328,3,2,26,26,3,4,1,3
1593290348,"2020-06-27 20:39:08",25,330,3,2,25,26,3,4,1,3
1593290408,"2020-06-27 20:40:08",24,321,3,2,24,25,3,4,1,3
1593290468,"2020-06-27 20:41:08",24,328,3,2,24,26,3,4,1,3
1593290528,"2020-06-27 20:42:08",25,321,29.182528,3.2267761,25,25,29,6,1,3
1593290588,"2020-06-27 20:43:08",25,324,13.214088,2,25,25,13,4,1,3
1593290648,"2020-06-27 20:44:08",25,326,3,2,25,26,3,4,1,3
1593290708,"2020-06-27 20:45:08",24,324,3,2,24,25,3,4,1,3
1593290768,"2020-06-27 20:46:08",25,325,13.960492,2,25,25,14,4,1,3
1593290828,"2020-06-27 20:47:08",25,328,3,2,25,26,3,4,1,3
1593290888,"2020-06-27 20:48:08",25,324,3,2,25,25,3,4,1,3
1593290948,"2020-06-27 20:49:08",25,327,3,2,25,26,3,4,1,3
1593291008,"2020-06-27 20:50:08",25,324,3,2,25,25,3,4,1,3
1593291068,"2020-06-27 20:51:08",26,323,3,2,26,25,3,4,1,3
1593291128,"2020-06-27 20:52:08",25,321,3,2,25,25,3,4,1,3
1593291188,"2020-06-27 20:53:08",25,322,3,2,25,25,3,4,1,3
1593291248,"2020-06-27 20:54:08",25,322,3,2,25,25,3,4,1,3
1593291308,"2020-06-27 20:55:08",25,321,3,2,25,25,3,4,1,3
1593291368,"2020-06-27 20:56:08",24,319,13.867582,2.0988073,24,25,14,4,1,3
1593291428,"2020-06-27 20:57:08",25,324,3,2,25,25,3,4,1,3
1593291488,"2020-06-27 20:58:08",25,323,3,2,25,25,3,4,1,3
1593291548,"2020-06-27 20:59:08",23,326,3,2,23,26,3,4,1,3
1593291608,"2020-06-27 21:00:08",24,323,3,2,24,25,3,4,1,3
1593291668,"2020-06-27 21:01:08",24,330,3,2,24,26,3,4,1,3
1593291728,"2020-06-27 21:02:08",24,329,3.4509695,2,24,26,3,4,1,3
1593291788,"2020-06-27 21:03:08",24,328,8.775194,2,24,26,9,4,1,3
1593291848,"2020-06-27 21:04:08",24,321,7.214906,2,24,25,7,4,1,3
1593291908,"2020-06-27 21:05:08",24,323,5.9514675,2,24,25,6,4,1,3
1593291968,"2020-06-27 21:06:08",25,327,3,2,25,26,3,4,1,3
1593292028,"2020-06-27 21:07:08",24,324,3,2,24,25,3,4,1,3
1593292088,"2020-06-27 21:08:08",25,328,3,2,25,26,3,4,1,3
1593292148,"2020-06-27 21:09:08",23,325,3,2,23,25,3,4,1,3
1593292208,"2020-06-27 21:10:08",25,324,3,2,25,25,3,4,1,3
1593292268,"2020-06-27 21:11:08",24,326,3,2,24,26,3,4,1,3
1593292328,"2020-06-27 21:12:08",24,328,7.5880227,2,24,26,8,4,1,3
1593292388,"2020-06-27 21:13:08",24,324,3,2,24,25,3,4,1,3
1593292448,"2020-06-27 21:14:08",24,324,28.519642,3.064515,24,25,29,6,1,3
1593292508,"2020-06-27 21:15:08",23,324,20.346657,2,23,25,20,4,1,3
1593292568,"2020-06-27 21:16:08",23,325,3,2,23,25,3,4,1,3
1593292628,"2020-06-27 21:17:08",23,327,3,2,23,26,3,4,1,3
1593292688,"2020-06-27 21:18:08",23,328,3,2,23,26,3,4,1,3
1593292748,"2020-06-27 21:19:08",23,327,3,2,23,26,3,4,1,3
1593292808,"2020-06-27 21:20:08",23,331,3,2,23,26,3,4,1,3
1593292868,"2020-06-27 21:21:08",22,331,3,2,21,26,3,4,1,3
1593292928,"2020-06-27 21:22:08",23,334,3,2,23,26,3,4,1,3
1593292988,"2020-06-27 21:23:08",23,327,3,2,23,26,3,4,1,3
1593293048,"2020-06-27 21:24:08",23,327,3,2,23,26,3,4,1,3
1593293108,"2020-06-27 21:25:08",22,332,3,2,21,26,3,4,1,3
1593293168,"2020-06-27 21:26:08",22,327,3,2,21,26,3,4,1,3
1593293228,"2020-06-27 21:27:08",22,329,3,2,21,26,3,4,1,3
1593293288,"2020-06-27 21:28:08",22,330,3,2,21,26,3,4,1,3
1593293348,"2020-06-27 21:29:08",23,332,31.333702,2.2973614,23,26,31,5,1,3
1593293408,"2020-06-27 21:30:08",23,328,3,2,23,26,3,4,1,3
1593293468,"2020-06-27 21:31:08",23,327,3,2,23,26,3,4,1,3
1593293528,"2020-06-27 21:32:08",23,331,7.832926,2,23,26,8,4,1,3
1593293588,"2020-06-27 21:33:08",23,325,3,2,23,25,3,4,1,3
1593293648,"2020-06-27 21:34:08",24,322,3,2,24,25,3,4,1,3
1593293708,"2020-06-27 21:35:08",24,327,3,2,24,26,3,4,1,3
1593293768,"2020-06-27 21:36:08",24,322,3,2,24,25,3,4,1,3
1593293828,"2020-06-27 21:37:08",25,318,4.146245,2,25,25,4,4,1,3
1593293888,"2020-06-27 21:38:08",25,318,24.800291,2.829794,25,25,25,6,1,3
1593293948,"2020-06-27 21:39:08",26,315,31.309982,2,26,25,31,4,1,3
1593294008,"2020-06-27 21:40:08",26,317,12.329446,2.0999613,26,25,12,4,1,3
1593294068,"2020-06-27 21:41:08",25,318,3,2,25,25,3,4,1,3
1593294128,"2020-06-27 21:42:08",25,316,43.770893,2,25,25,44,4,1,3
1593294188,"2020-06-27 21:43:08",26,312,12.36799,2,26,25,12,4,1,3
1593294248,"2020-06-27 21:44:08",25,318,3,2,25,25,3,4,1,3
1593294308,"2020-06-27 21:45:08",25,318,3,2,25,25,3,4,1,3
1593294368,"2020-06-27 21:46:08",25,316,3,2,25,25,3,4,1,3
1593294428,"2020-06-27 21:47:08",25,314,3,2,25,25,3,4,1,3
1593294488,"2020-06-27 21:48:08",26,317,3,2,26,25,3,4,1,3
1593294548,"2020-06-27 21:49:08",0,315,3,2,0,25,3,4,1,3
1593294608,"2020-06-27 21:50:08",25,314,3,2,25,25,3,4,1,3
1593294668,"2020-06-27 21:51:08",27,315,3,2,28,25,3,4,1,3
1593294728,"2020-06-27 21:52:08",26,317,17.400867,2,26,25,17,4,1,3
1593294788,"2020-06-27 21:53:08",25,311,3,2,25,24,3,4,1,3
1593294848,"2020-06-27 21:54:08",26,313,3.8154004,2,26,25,4,4,1,3
1593294908,"2020-06-27 21:55:08",27,309,8.209593,2,28,24,8,4,1,3
1593294968,"2020-06-27 21:56:08",27,309,3,2,28,24,3,4,1,3
1593295090,"2020-06-27 21:58:10",27,310,3,2,28,24,3,4,1,3
1593295150,"2020-06-27 21:59:10",0,309,3,2,0,24,3,4,1,3
1593295210,"2020-06-27 22:00:10",26,315,3,2,26,25,3,4,1,3
1593295330,"2020-06-27 22:02:10",26,307,3,2,26,24,3,4,1,3
1593295390,"2020-06-27 22:03:10",26,310,3,2,26,24,3,4,1,3
1593295450,"2020-06-27 22:04:10",26,312,17.585289,2,26,25,18,4,1,3
1593295510,"2020-06-27 22:05:10",26,308,3,2,26,24,3,4,1,3
1593295570,"2020-06-27 22:06:10",25,0,3,2,25,0,3,4,1,3
1593295630,"2020-06-27 22:07:10",25,318,3,2,25,25,3,4,1,3
1593295690,"2020-06-27 22:08:10",24,314,3,2,24,25,3,4,1,3
1593295750,"2020-06-27 22:09:10",0,316,37.194504,2.3206577,0,25,37,5,1,3
1593295810,"2020-06-27 22:10:10",23,312,3,2,23,25,3,4,1,3
1593295870,"2020-06-27 22:11:10",23,312,3,2,23,25,3,4,1,3
1593295930,"2020-06-27 22:12:10",23,317,12.5830145,2,23,25,13,4,1,3
1593295990,"2020-06-27 22:13:10",24,329,3,2,24,26,3,4,1,3
1593296050,"2020-06-27 22:14:10",24,326,3,2,24,26,3,4,1,3
1593296110,"2020-06-27 22:15:10",25,324,3,2,25,25,3,4,1,3
1593296170,"2020-06-27 22:16:10",25,315,3,2,25,25,3,4,1,3
1593296230,"2020-06-27 22:17:10",27,310,3,2,28,24,3,4,1,3
1593296290,"2020-06-27 22:18:10",25,313,3,2,25,25,3,4,1,3
1593296350,"2020-06-27 22:19:10",0,308,3,2,0,24,3,4,1,3
1593296410,"2020-06-27 22:20:10",25,311,3,2,26,24,3,4,1,3
1593296470,"2020-06-27 22:21:10",25,306,20.33172,2,25,24,20,4,1,3
1593296530,"2020-06-27 22:22:10",25,304,7.3871546,2,25,24,7,4,1,3
1593296590,"2020-06-27 22:23:10",25,309,3,2,25,24,3,4,1,3
1593296650,"2020-06-27 22:24:10",26,302,18.123125,2,26,24,18,4,1,3
1593296710,"2020-06-27 22:25:10",26,305,3,2,26,24,3,4,1,3
1593296770,"2020-06-27 22:26:10",27,299,4.2037306,2,28,24,4,4,1,3
1593296830,"2020-06-27 22:27:10",27,298,3,2,28,24,3,4,1,3
1593296890,"2020-06-27 22:28:10",27,302,3,2,28,24,3,4,1,3
1593296950,"2020-06-27 22:29:10",26,298,12.616399,2,26,24,13,4,1,3
1593297010,"2020-06-27 22:30:10",27,301,25.95557,2,28,24,26,4,1,3
1593297070,"2020-06-27 22:31:10",27,290,3,2,28,23,3,4,1,3
1593297130,"2020-06-27 22:32:10",27,298,3,2,28,24,3,4,1,3
1593297190,"2020-06-27 22:33:10",27,295,3,2,28,23,3,4,1,3
1593297310,"2020-06-27 22:35:10",27,296,3,2,28,23,3,4,1,3
1593297370,"2020-06-27 22:36:10",27,302,3,2,28,24,3,4,1,3
1593297430,"2020-06-27 22:37:10",26,306,3,2,27,24,3,4,1,3
1593297490,"2020-06-27 22:38:10",26,295,3,2,27,23,3,4,1,3
1593297550,"2020-06-27 22:39:10",27,293,3,2,28,23,3,4,1,3
1593297610,"2020-06-27 22:40:10",26,297,3,2,27,23,3,4,1,3
1593297670,"2020-06-27 22:41:10",26,300,3,2,27,24,3,4,1,3
1593297730,"2020-06-27 22:42:10",25,300,3,2,25,24,3,4,1,3
1593297790,"2020-06-27 22:43:10",26,298,3,2,27,24,3,4,1,3
1593297850,"2020-06-27 22:44:10",26,301,3,2,27,24,3,4,1,3
1593297910,"2020-06-27 22:45:10",26,301,3,2,27,24,3,4,1,3
1593297970,"2020-06-27 22:46:10",25,305,3,2,25,24,3,4,1,3
1593298030,"2020-06-27 22:47:10",24,297,3,2,24,23,3,4,1,3
1593298090,"2020-06-27 22:48:10",24,303,3,2,24,24,3,4,1,3
1593298150,"2020-06-27 22:49:10",24,302,3,2,24,24,3,4,1,3
1593298210,"2020-06-27 22:50:10",24,305,3,2,24,24,3,4,1,3
1593298270,"2020-06-27 22:51:10",25,302,3,2,25,24,3,4,1,3
1593298330,"2020-06-27 22:52:10",25,302,3,2,25,24,3,4,1,3
1593298390,"2020-06-27 22:53:10",25,301,3,2,25,24,3,4,1,3
1593298450,"2020-06-27 22:54:10",25,300,6.352298,2,25,24,6,4,1,3
1593298510,"2020-06-27 22:55:10",25,300,3,2,25,24,3,4,1,3
1593298570,"2020-06-27 22:56:10",26,297,3,2,27,23,3,4,1,3
1593298630,"2020-06-27 22:57:10",26,293,21.528717,2,27,23,22,4,1,3
1593298690,"2020-06-27 22:58:10",28,288,3,2,29,23,3,4,1,3
1593298750,"2020-06-27 22:59:10",27,289,3,2,28,23,3,4,1,3
1593298810,"2020-06-27 23:00:10",27,293,3,2,28,23,3,4,1,3
1593298870,"2020-06-27 23:01:10",27,291,4.3357334,2,28,23,4,4,1,3
1593298930,"2020-06-27 23:02:10",28,286,3,2,29,23,3,4,1,3
1593298990,"2020-06-27 23:03:10",28,292,3,2,29,23,3,4,1,3
1593299050,"2020-06-27 23:04:10",28,297,3,2,29,23,3,4,1,3
1593299110,"2020-06-27 23:05:10",28,286,3,2,29,23,3,4,1,3
1593299170,"2020-06-27 23:06:10",27,290,3,2,28,23,3,4,1,3
1593299230,"2020-06-27 23:07:10",28,290,3,2,29,23,3,4,1,3
1593299290,"2020-06-27 23:08:10",27,294,3,2,28,23,3,4,1,3
1593299350,"2020-06-27 23:09:10",27,291,3,2,28,23,3,4,1,3
1593299410,"2020-06-27 23:10:10",27,296,3,2,28,23,3,4,1,3
1593299470,"2020-06-27 23:11:10",27,296,3,2,28,23,3,4,1,3
1593299530,"2020-06-27 23:12:10",26,289,6.995029,2,27,23,7,4,1,3
1593299590,"2020-06-27 23:13:10",27,295,3,2,28,23,3,4,1,3
1593299650,"2020-06-27 23:14:10",27,290,45.367027,3.4318562,28,23,45,7,1,3
1593299710,"2020-06-27 23:15:10",27,291,16.445744,2.045473,28,23,16,4,1,3
1593299770,"2020-06-27 23:16:10",27,291,3,2,28,23,3,4,1,3
1593299830,"2020-06-27 23:17:10",27,290,3,2,28,23,3,4,1,3
1593299890,"2020-06-27 23:18:10",26,287,3,2,27,23,3,4,1,3
1593299950,"2020-06-27 23:19:10",26,290,3,2,27,23,3,4,1,3
1593300010,"2020-06-27 23:20:10",25,293,3,2,25,23,3,4,1,3
1593300070,"2020-06-27 23:21:10",27,286,3,2,28,23,3,4,1,3
1593300130,"2020-06-27 23:22:10",27,289,11.369205,2,28,23,11,4,1,3
1593300190,"2020-06-27 23:23:10",27,290,3,2,28,23,3,4,1,3
1593300250,"2020-06-27 23:24:10",27,288,3,2,28,23,3,4,1,3
1593300310,"2020-06-27 23:25:10",27,286,3,2,28,23,3,4,1,3
1593300370,"2020-06-27 23:26:10",27,288,3,2,28,23,3,4,1,3
1593300430,"2020-06-27 23:27:10",27,286,3,2,28,23,3,4,1,3
1593300490,"2020-06-27 23:28:10",27,289,3,2,28,23,3,4,1,3
1593300550,"2020-06-27 23:29:10",27,295,3,2,28,23,3,4,1,3
1593300610,"2020-06-27 23:30:10",27,291,3,2,28,23,3,4,1,3
1593300670,"2020-06-27 23:31:10",27,285,11.728035,2,28,23,12,4,1,3
1593300730,"2020-06-27 23:32:10",27,291,3,2,28,23,3,4,1,3
1593300790,"2020-06-27 23:33:10",27,292,3,2,28,23,3,4,1,3
1593300850,"2020-06-27 23:34:10",27,292,3,2,28,23,3,4,1,3
1593300910,"2020-06-27 23:35:10",28,292,3,2,29,23,3,4,1,3
1593300970,"2020-06-27 23:36:10",27,288,3,2,28,23,3,4,1,3
1593301030,"2020-06-27 23:37:10",27,289,3,2,28,23,3,4,1,3
1593301090,"2020-06-27 23:38:10",27,288,3,2,28,23,3,4,1,3
1593301150,"2020-06-27 23:39:10",29,288,3,2,30,23,3,4,1,3
1593301210,"2020-06-27 23:40:10",27,295,3,2,28,23,3,4,1,3
1593301270,"2020-06-27 23:41:10",28,288,3,2,29,23,3,4,1,3
1593301330,"2020-06-27 23:42:10",27,292,3,2,28,23,3,4,1,3
1593301390,"2020-06-27 23:43:10",27,292,3,2,28,23,3,4,1,3
1593301450,"2020-06-27 23:44:10",27,290,3,2,28,23,3,4,1,3
1593301510,"2020-06-27 23:45:10",28,294,3,2,29,23,3,4,1,3
1593301570,"2020-06-27 23:46:10",27,295,3,2,28,23,3,4,1,3
1593301630,"2020-06-27 23:47:10",27,290,5.0865307,2,28,23,5,4,1,3
1593301690,"2020-06-27 23:48:10",26,297,18.238972,2,27,23,18,4,1,3
1593301750,"2020-06-27 23:49:10",26,292,3,2,27,23,3,4,1,3
1593301810,"2020-06-27 23:50:10",26,296,3,2,27,23,3,4,1,3
1593301870,"2020-06-27 23:51:10",25,297,3,2,25,23,3,4,1,3
1593301930,"2020-06-27 23:52:10",26,291,3,2,27,23,3,4,1,3
1593301990,"2020-06-27 23:53:10",26,299,3,2,27,24,3,4,1,3
1593302050,"2020-06-27 23:54:10",25,298,3,2,25,24,3,4,1,3
1593302110,"2020-06-27 23:55:10",25,297,3,2,25,23,3,4,1,3
1593302170,"2020-06-27 23:56:10",25,297,12.453856,2,25,23,12,4,1,3
1593302230,"2020-06-27 23:57:10",25,298,3,2,25,24,3,4,1,3
1593302290,"2020-06-27 23:58:10",25,294,3,2,25,23,3,4,1,3
1593302350,"2020-06-27 23:59:10",25,294,3,2,25,23,3,4,1,3
